# Time-averaged data for fix savemsd
# TimeStep c_msd[1] c_msd[2] c_msd[3] c_msd[4]
0 0 8.73408e-30 0 8.73408e-30
2000 2.40228 2.28387 2.18472 6.87087
4000 4.72222 4.04915 4.35409 13.1255
6000 6.23001 5.71802 6.44208 18.3901
8000 8.25661 7.79347 8.12995 24.18
10000 10.2049 9.75363 9.72253 29.681
12000 11.3682 11.9417 11.6614 34.9713
14000 12.9894 14.7688 13.7338 41.492
16000 14.5536 17.7304 15.6783 47.9623
18000 16.2872 19.8567 17.7286 53.8725
20000 18.443 21.8203 20.0731 60.3363
22000 21.1513 23.7382 22.5259 67.4154
24000 22.7585 25.9497 23.4657 72.1739
26000 24.7024 27.8235 25.9278 78.4536
28000 26.6091 29.9441 28.0981 84.6512
30000 28.2254 31.525 30.4439 90.1943
32000 29.7868 32.9406 31.7249 94.4524
34000 31.4055 34.5921 34.6386 100.636
36000 33.2432 36.7445 36.1771 106.165
38000 34.5449 38.424 38.323 111.292
40000 35.772 40.0574 41.0385 116.868
42000 37.6826 41.0602 42.6878 121.431
44000 39.0433 43.1523 44.7582 126.954
46000 41.7946 45.9029 46.4298 134.127
48000 44.8256 47.5611 48.764 141.151
50000 46.4762 49.8349 51.1244 147.436
52000 47.956 51.3614 53.0999 152.417
54000 50.3304 53.2233 56.0516 159.605
56000 51.9909 56.2675 56.4541 164.713
58000 53.4009 57.6996 60.654 171.755
60000 55.477 59.302 62.9351 177.714
62000 57.7987 61.9734 63.9965 183.769
64000 60.0247 63.9296 65.6468 189.601
66000 61.6408 65.4609 67.3949 194.497
68000 64.0226 68.1423 68.7618 200.927
70000 65.993 70.8688 70.9038 207.766
72000 67.61 72.8128 73.5828 214.006
74000 69.615 76.3484 76.182 222.145
76000 71.3751 77.5266 78.1712 227.073
78000 73.1396 79.8581 79.3738 232.371
80000 75.2912 81.2733 80.7806 237.345
82000 76.7138 83.1852 83.7275 243.626
84000 78.6159 85.3795 85.2898 249.285
86000 80.2811 86.6396 87.4696 254.39
88000 82.3086 89.2476 89.7554 261.312
90000 84.8453 92.5691 91.7313 269.146
92000 85.9776 95.7921 95.7087 277.478
94000 86.8495 97.6394 97.7703 282.259
96000 87.9232 100.448 98.3732 286.744
98000 90.3387 103.121 99.6421 293.101
100000 92.5587 105.577 102.816 300.952
102000 95.1807 106.946 104.429 306.556
104000 96.3889 109.393 106.57 312.351
106000 98.388 112.113 108.73 319.231
108000 100.11 114.139 111.717 325.965
110000 101.525 113.92 113.605 329.05
112000 104.01 116.025 114.337 334.371
114000 105.069 117.677 115.749 338.495
116000 108.131 119.294 118.453 345.878
118000 109.445 121.496 120.936 351.877
120000 112.261 122.652 122.583 357.496
122000 113.163 124.483 124.762 362.408
124000 115.993 125.68 126.82 368.494
126000 116.331 127.861 127.423 371.615
128000 118.057 131.68 129.811 379.549
130000 119.193 133.085 131.22 383.498
132000 120.862 134.732 132.598 388.192
134000 123.308 138.678 134.119 396.106
136000 125.017 139.896 135.414 400.327
138000 127.281 143.089 137.19 407.56
140000 129.388 145.482 137.637 412.506
142000 132.153 148.265 140.804 421.221
144000 133.556 150.559 143.029 427.144
146000 136.022 151.81 145.435 433.267
148000 137.128 153.825 148.459 439.412
150000 139.85 155.385 151.023 446.257
152000 140.466 158.331 152.94 451.736
154000 141.4 160.986 155.883 458.269
156000 143.922 163.11 158.507 465.54
158000 146.242 164.776 160.788 471.806
160000 147.623 167.29 161.713 476.626
162000 151.321 168.546 162.717 482.584
164000 152.616 168.974 165.858 487.447
166000 156.379 172.689 168.033 497.1
168000 158.947 174.823 170.118 503.888
170000 161.428 175.826 173.101 510.355
172000 164.608 180.246 175.466 520.32
174000 166.871 184.444 175.205 526.52
176000 168.624 187.249 178.15 534.022
178000 169.335 189.861 179.299 538.495
180000 172.747 192.677 182.012 547.436
182000 175.618 195.312 183.456 554.387
184000 179.077 198.64 186.244 563.961
186000 180.178 200.87 189.146 570.193
188000 182.78 202.952 192.411 578.143
190000 183.756 204.945 193.974 582.675
192000 185.812 206.232 196.19 588.234
194000 187.643 207.552 199.19 594.385
196000 189.646 209.631 201.296 600.573
198000 191.782 212.094 203.331 607.207
200000 193.386 214.489 205.514 613.389
202000 196.617 216.41 209.681 622.708
204000 197.822 218.622 211.404 627.848
206000 198.657 221.269 212.907 632.833
208000 200.882 221.632 215.013 637.528
210000 201.678 223.84 215.445 640.963
212000 204.04 225.264 216.815 646.119
214000 205.709 229.432 218.46 653.602
216000 207.778 230.69 221.557 660.025
218000 208.137 232.659 223.234 664.03
220000 210.687 237.371 225.38 673.438
222000 212.919 238.243 227.161 678.323
224000 216.213 240.004 229.004 685.222
226000 217.5 243.85 230.938 692.288
228000 220.862 246.457 236.582 703.901
230000 222.102 247.656 239.599 709.357
232000 224.217 250.501 240.844 715.562
234000 228.073 253.236 243.725 725.034
236000 230.03 257.024 245.811 732.865
238000 231.26 257.117 248.863 737.24
240000 234.223 259.196 251.269 744.688
242000 237.535 259.715 251.847 749.097
244000 237.524 262.166 252.5 752.19
246000 241.802 266.067 256.792 764.662
248000 244.984 267.437 255.554 767.975
250000 246.933 269.665 256.14 772.738
252000 247.942 271.475 258.199 777.617
254000 251.399 274.826 258.578 784.803
256000 252.793 275.558 261.07 789.421
258000 254.323 278.826 263.46 796.608
260000 255.1 281.124 267.377 803.601
262000 255.392 282.456 268.5 806.348
264000 258.16 282.759 270.516 811.435
266000 258.956 285.401 272.943 817.299
268000 261.612 288.328 273.945 823.885
270000 265.176 289.833 276.314 831.324
272000 267.627 290.883 278.445 836.955
274000 271.856 293.672 278.051 843.578
276000 272.32 295.861 278.306 846.487
278000 274.417 296.919 281.312 852.648
280000 276.962 299.244 284.603 860.81
282000 279.381 300.508 284.343 864.232
284000 280.793 303.423 284.239 868.455
286000 282.658 306.489 285.489 874.636
288000 282.846 306.627 287.819 877.292
290000 285.322 307.006 289.154 881.482
292000 287.536 311.834 290.829 890.199
294000 288.675 312.817 290.952 892.444
296000 290.438 313.143 293.123 896.704
298000 295.241 311.917 295.998 903.156
300000 298.152 314.173 298.448 910.773
302000 299.344 314.831 300.626 914.801
304000 303.008 316.544 300.691 920.243
306000 305.837 317.743 304.027 927.607
308000 308.41 319.191 305.067 932.668
310000 309.13 320.434 309.926 939.489
312000 310.189 324.102 313.727 948.018
314000 313.733 325.672 314.574 953.979
316000 313.608 328.732 317.525 959.864
318000 315.232 331.683 318.132 965.047
320000 318.62 334.369 319.835 972.824
322000 320.711 337.272 321.863 979.846
324000 320.839 339.121 323.922 983.882
326000 322.235 341.75 325.385 989.37
328000 323.378 344.297 325.475 993.15
330000 327.836 346.004 326.981 1000.82
332000 329.275 350.504 328.338 1008.12
334000 330.45 350.962 329.793 1011.21
336000 331.864 351.261 333.81 1016.93
338000 331.816 355.39 334.803 1022.01
340000 334.478 357.877 336.825 1029.18
342000 337.978 362.136 337.267 1037.38
344000 340.563 365.958 341.257 1047.78
346000 343.583 366.31 342.114 1052.01
348000 345.619 371.197 344.593 1061.41
350000 351.058 370.902 347.262 1069.22
352000 351.809 373.2 350.228 1075.24
354000 353.971 374.647 353.554 1082.17
356000 356.912 378.43 355.202 1090.54
358000 359.002 378.445 354.278 1091.73
360000 362.203 381.12 354.813 1098.14
362000 362.955 382.48 358.076 1103.51
364000 365.607 385.808 360.879 1112.29
366000 367.104 386.964 361.468 1115.54
368000 370.567 389.59 363.873 1124.03
370000 371.621 390.351 367.501 1129.47
372000 375.442 393.191 368.591 1137.22
374000 376.886 396.77 369.078 1142.73
376000 378.362 398.522 370.928 1147.81
378000 378.917 399.727 371.877 1150.52
380000 384.026 401.085 373.374 1158.49
382000 385.324 406.224 373.708 1165.26
384000 385.233 409.534 375.565 1170.33
386000 389.539 412.784 378.097 1180.42
388000 392.936 413.814 379.144 1185.89
390000 394.4 417.795 383.391 1195.59
392000 394.861 419.5 386.328 1200.69
394000 397.623 418.98 388.128 1204.73
396000 398.473 421.053 389.033 1208.56
398000 402.545 424.139 392.074 1218.76
400000 405.971 425.385 394.319 1225.68
402000 405.871 426.442 395.8 1228.11
404000 407.294 427.668 396.949 1231.91
406000 408.696 431.611 397.593 1237.9
408000 412.414 433.372 400.063 1245.85
410000 414.787 431.837 402.951 1249.58
412000 417.64 434.737 406.279 1258.66
414000 418.842 434.959 405.547 1259.35
416000 421.488 436.91 407.043 1265.44
418000 425.012 438.551 407.975 1271.54
420000 427.192 438.838 410.074 1276.1
422000 430.406 441.425 412.522 1284.35
424000 432.443 444.166 415.431 1292.04
426000 433.83 446.179 418.984 1298.99
428000 434.79 449.048 418.481 1302.32
430000 437.528 451.658 420.695 1309.88
432000 442.36 453.71 423.702 1319.77
434000 445.887 455.726 424.271 1325.88
436000 449.577 458.523 426.543 1334.64
438000 453.209 461.228 426.522 1340.96
440000 457.028 461.614 431.34 1349.98
442000 459.1 463.564 435.723 1358.39
444000 458.215 464.6 437.242 1360.06
446000 461.446 467.406 438.578 1367.43
448000 460.53 467.101 439.668 1367.3
450000 462.805 469.278 441.738 1373.82
452000 465.297 472.752 444.931 1382.98
454000 466.094 477.768 442.441 1386.3
456000 465.797 479.686 448.234 1393.72
458000 467.169 481.778 449.245 1398.19
460000 468.841 484.391 447.991 1401.22
462000 472.469 487.407 451.836 1411.71
464000 473.77 487.491 454.069 1415.33
466000 475.458 488.334 460.425 1424.22
468000 478.044 487.791 463.139 1428.97
470000 479.526 489.034 463.434 1431.99
472000 481.393 490.802 464.812 1437.01
474000 482.798 494.487 468.622 1445.91
476000 486.003 496.604 468.211 1450.82
478000 487.668 499.103 470.638 1457.41
480000 488.846 501.955 472.37 1463.17
482000 492.938 502.674 472.629 1468.24
484000 496.425 505.508 476.078 1478.01
486000 496.542 506.006 476.642 1479.19
488000 502.804 506.151 479.646 1488.6
490000 504.965 508.986 483.975 1497.93
492000 506.786 511.944 488.203 1506.93
494000 511.179 514.137 489.429 1514.74
496000 514.329 514.29 493.649 1522.27
498000 515.603 516.8 495.984 1528.39
500000 516.659 520.486 496.541 1533.69
502000 518.89 521.394 499.432 1539.72
504000 521.641 522.343 500.821 1544.8
506000 524.142 527.07 504.224 1555.44
508000 529.327 530.802 506.134 1566.26
510000 532.078 535.509 507.239 1574.83
512000 533.787 537.537 509.748 1581.07
514000 536.084 537.043 512.935 1586.06
516000 539.68 537.101 516.092 1592.87
518000 542.526 535.782 519.466 1597.77
520000 543.957 537.754 521.886 1603.6
522000 546.781 538.08 524.212 1609.07
524000 548.179 538.107 527.181 1613.47
526000 549.71 540.793 528.878 1619.38
528000 550.4 544.322 530.835 1625.56
530000 552.568 546.193 530.992 1629.75
532000 556.852 548.163 535.942 1640.96
534000 558.763 552.863 540.019 1651.64
536000 561.514 554.469 540.475 1656.46
538000 563 556.033 544.552 1663.58
540000 567.358 557.38 546.791 1671.53
542000 569.131 556.294 548.825 1674.25
544000 572.628 557.396 552.742 1682.77
546000 574.466 559.497 550.625 1684.59
548000 575.91 560.387 553.223 1689.52
550000 581.549 560.811 556.101 1698.46
552000 581.303 562.189 558.411 1701.9
554000 582.757 559.288 560.657 1702.7
556000 583.308 563.292 559.932 1706.53
558000 582.178 563.092 561.398 1706.67
560000 585.408 568.243 561.964 1715.61
562000 586.869 569.158 564.729 1720.76
564000 589.795 571.048 565.304 1726.15
566000 593.013 574.402 567.054 1734.47
568000 595.376 574.738 569.432 1739.55
570000 595.086 575.629 573.68 1744.39
572000 597.981 577.634 579.079 1754.69
574000 600.126 583.95 580.817 1764.89
576000 606.15 586.395 580.272 1772.82
578000 608.758 587.891 582.304 1778.95
580000 609.069 590.133 584.362 1783.56
582000 609.49 591.62 585.46 1786.57
584000 610.13 594.294 586.655 1791.08
586000 610.826 596.637 591.904 1799.37
588000 611.11 597.182 596.53 1804.82
590000 610.47 598.188 596.946 1805.6
592000 612.505 603.029 598.561 1814.09
594000 615.595 604.175 598.774 1818.54
596000 621.836 606.208 601.643 1829.69
598000 621.727 607.897 602.83 1832.45
600000 623.123 607.299 604.711 1835.13
602000 627.434 610.228 607.99 1845.65
604000 629.626 613.13 609.714 1852.47
606000 630.969 616.014 611.502 1858.48
608000 633.727 616.585 613.18 1863.49
610000 635.307 620.221 615.681 1871.21
612000 638.129 622.972 619.589 1880.69
614000 636.938 626.281 621.34 1884.56
616000 641.542 630.905 623.747 1896.19
618000 642.409 632.625 626.617 1901.65
620000 644.808 634.807 629.055 1908.67
622000 649.235 637.317 631.355 1917.91
624000 654.488 640.433 632.36 1927.28
626000 658.573 645.595 633.145 1937.31
628000 659.183 645.793 635.974 1940.95
630000 662.59 645.847 634.454 1942.89
632000 665.841 649.65 640.494 1955.99
634000 664.522 651.476 640.778 1956.78
636000 665.42 653.83 641.424 1960.67
638000 667.72 657.169 645.031 1969.92
640000 670.513 656.613 647.184 1974.31
642000 673.461 662.243 649.966 1985.67
644000 676.685 665.423 648.337 1990.45
646000 674.705 666.773 652.231 1993.71
648000 679.04 666.351 656.008 2001.4
650000 683.369 669.283 659.118 2011.77
652000 681.497 671.739 661.232 2014.47
654000 680.138 675.051 660.93 2016.12
656000 681.772 677.218 662.761 2021.75
658000 683.771 680.491 667.319 2031.58
660000 680.47 684.051 668.929 2033.45
662000 682.835 687.132 667.733 2037.7
664000 684.531 687.605 670.649 2042.79
666000 687.944 691.834 672.501 2052.28
668000 688.888 693.761 673.572 2056.22
670000 692.137 693.586 675.25 2060.97
672000 694.074 696.118 677.945 2068.14
674000 696.366 698.577 677.853 2072.8
676000 698.594 696.751 679.694 2075.04
678000 701.672 697.925 685.525 2085.12
680000 701.734 702.601 690.056 2094.39
682000 702.861 702.707 694.009 2099.58
684000 704.006 710.268 692.822 2107.1
686000 699.532 711.278 696.446 2107.26
688000 704.465 714.047 698.963 2117.47
690000 708.95 714.251 706.004 2129.2
692000 711.036 715.612 707.554 2134.2
694000 713.849 719.239 709.899 2142.99
696000 717.167 723.114 709.58 2149.86
698000 719.396 724.839 713.844 2158.08
700000 722.028 726.2 717.312 2165.54
702000 727.324 727.476 721.209 2176.01
704000 729.841 732.3 722.175 2184.32
706000 732.813 731.13 728.66 2192.6
708000 732.059 730.071 730.472 2192.6
710000 733.998 732.897 731.863 2198.76
712000 735.523 735.627 735.355 2206.51
714000 733.383 739.869 736.49 2209.74
716000 734.243 745.412 740.085 2219.74
718000 737.049 747.811 743.301 2228.16
720000 739.464 748.68 745.99 2234.13
722000 741.676 752.693 747.556 2241.92
724000 744.721 755.366 751.422 2251.51
726000 744.179 761.905 756.029 2262.11
728000 742.218 764.098 759.81 2266.13
730000 745.56 763.498 759.445 2268.5
732000 747.296 765.449 760.08 2272.82
734000 750.593 769.175 762.072 2281.84
736000 753.347 768.977 763.83 2286.15
738000 752.848 770.424 764.579 2287.85
740000 754.903 773.14 769.29 2297.33
742000 754.37 775.117 769.62 2299.11
744000 756.076 779.034 772.056 2307.16
746000 758.097 781.802 772.486 2312.38
748000 757.925 782.208 774.444 2314.58
750000 761.616 785.72 779.248 2326.58
752000 763.16 785.783 781.258 2330.2
754000 765.715 785.654 784.188 2335.56
756000 764.64 793.559 782.56 2340.76
758000 767.508 796.041 785.064 2348.61
760000 769.663 797.595 790.335 2357.59
762000 771.645 802.407 792.048 2366.1
764000 774.107 803.156 793.778 2371.04
766000 771.709 803.288 794.611 2369.61
768000 773.203 805.555 797.308 2376.07
770000 774.489 808.88 802.528 2385.9
772000 776.432 809.201 804.642 2390.27
774000 776.389 811.095 806.661 2394.15
776000 781.384 809.66 808.857 2399.9
778000 783.668 810.422 814.192 2408.28
780000 785.172 811.21 817.906 2414.29
782000 786.572 812.699 817.489 2416.76
784000 791.661 818.385 817.81 2427.86
786000 793.701 818.503 821.418 2433.62
788000 793.007 818.096 821.839 2432.94
790000 796.246 822.375 824.133 2442.75
792000 799.27 823.711 823.215 2446.2
794000 800.314 826.176 828.861 2455.35
796000 797.914 829.021 829.731 2456.67
798000 801.862 830.13 832.109 2464.1
800000 804.347 830.508 831.236 2466.09
802000 803.621 832.441 831.174 2467.24
804000 804.519 834.811 833.699 2473.03
806000 805.963 833.846 837.029 2476.84
808000 807.989 837.224 835.793 2481.01
810000 812.576 838.728 839.012 2490.32
812000 814.67 834.786 840.429 2489.88
814000 817.427 837.315 840.997 2495.74
816000 819.679 839.002 843.549 2502.23
818000 821.454 838.286 845.425 2505.17
820000 822.238 838.715 845.127 2506.08
822000 824.869 842.77 845.589 2513.23
824000 826.97 845.766 850.224 2522.96
826000 832.764 848.399 851.233 2532.4
828000 834.678 850.416 854.963 2540.06
830000 833.919 849.331 858.053 2541.3
832000 838.24 851.198 864.973 2554.41
834000 837.336 853.264 869.326 2559.93
836000 838.076 852.795 871.622 2562.49
838000 840.495 852.647 873.282 2566.42
840000 841.902 853.736 874.612 2570.25
842000 846.726 857.99 877.987 2582.7
844000 853.659 862.609 879.178 2595.45
846000 854.958 866.67 882.02 2603.65
848000 853.738 871.261 883.195 2608.19
850000 851.881 873.741 888.07 2613.69
852000 852.673 876.935 890.548 2620.16
854000 852.717 879.678 891.482 2623.88
856000 856.13 882.518 891.581 2630.23
858000 858.601 883.293 890.969 2632.86
860000 858.294 887.307 893.171 2638.77
862000 859.738 887.623 898.639 2646
864000 862.027 886.875 903.968 2652.87
866000 864.282 890.344 903.498 2658.12
868000 865.812 890.172 902.179 2658.16
870000 866.127 895.044 899.299 2660.47
872000 868.37 894.52 901.899 2664.79
874000 868.262 893.751 904.509 2666.52
876000 872.738 897.518 908.295 2678.55
878000 871.04 897.183 910.597 2678.82
880000 872.053 895.005 909.906 2676.96
882000 873.379 893.043 915.222 2681.64
884000 878.119 893.39 918.035 2689.54
886000 880.86 894.707 920.471 2696.04
888000 881.889 896.823 926.191 2704.9
890000 885.396 898.13 927.507 2711.03
892000 890.423 900.689 929.48 2720.59
894000 892.816 901.255 929.593 2723.66
896000 892.274 903.273 932.175 2727.72
898000 892.272 907.461 931.032 2730.77
900000 895.935 911.68 935.845 2743.46
902000 896.152 915.177 939.351 2750.68
904000 898.496 916.965 942.403 2757.86
906000 901.703 920.07 948.386 2770.16
908000 903.589 919.532 951.306 2774.43
910000 904.862 925.285 957.694 2787.84
912000 905.783 930.393 960.783 2796.96
914000 905.602 934.235 961.674 2801.51
916000 907.086 937.194 959.357 2803.64
918000 911.313 937.111 965.77 2814.19
920000 909.988 939.784 966.771 2816.54
922000 912.638 945.398 966.684 2824.72
924000 914.9 948.85 968.186 2831.94
926000 915.846 947.872 972.347 2836.06
928000 922.69 949.359 970.928 2842.98
930000 928.924 950.003 971.956 2850.88
932000 930.552 950.754 976.931 2858.24
934000 932.321 954.434 982.239 2868.99
936000 931.687 954.319 982.942 2868.95
938000 936.031 955.757 983.946 2875.73
940000 936.705 955.506 986.108 2878.32
942000 938.316 954.763 986.478 2879.56
944000 938.201 954.343 987.511 2880.05
946000 939.254 957.763 986.989 2884.01
948000 943.742 962.286 987.847 2893.88
950000 946.581 964.155 987.172 2897.91
952000 947.907 965.265 990.278 2903.45
954000 948.5 965.522 991.139 2905.16
956000 954.827 967.309 993.985 2916.12
958000 954.299 968.255 1000.06 2922.61
960000 956.58 970.789 1003.74 2931.11
962000 958.398 974.236 1007.24 2939.87
964000 962.076 977.314 1010.17 2949.56
966000 963.294 981.7 1011.09 2956.09
968000 967.096 982.17 1012.49 2961.75
970000 968.179 984.59 1014.19 2966.95
972000 970.275 988.43 1011.74 2970.45
974000 972.161 990.96 1013.07 2976.19
976000 973.371 996.462 1016.49 2986.33
978000 977.919 998.503 1016.49 2992.91
980000 980.205 996.482 1020.09 2996.78
982000 980.289 997.474 1021.1 2998.86
984000 983.568 1000.97 1026.75 3011.29
986000 985.076 1004 1026.56 3015.63
988000 989.424 1006.73 1029.62 3025.77
990000 991.111 1007.68 1031.44 3030.24
992000 993.702 1010.46 1034.89 3039.05
994000 994.503 1014.48 1037.52 3046.51
996000 997.738 1019.69 1039.81 3057.24
998000 1001.16 1020.7 1041.75 3063.61
1000000 1002.42 1023.44 1042.77 3068.63
1002000 1006.56 1026.01 1042.79 3075.37
1004000 1011.37 1024.58 1045.75 3081.7
1006000 1015.7 1027.24 1046.72 3089.66
1008000 1014.48 1028.42 1045.09 3087.99
1010000 1014.48 1035.42 1045.99 3095.89
1012000 1014.36 1036.33 1048.89 3099.58
1014000 1018.92 1037.35 1051.89 3108.16
1016000 1020.94 1037.04 1054.22 3112.21
1018000 1026.25 1037.18 1056.36 3119.79
1020000 1030.63 1038.02 1059.17 3127.82
1022000 1035.82 1043.17 1059.8 3138.78
1024000 1038.85 1043.87 1061.15 3143.87
1026000 1043.34 1048.98 1067.58 3159.89
1028000 1046.01 1051.27 1072.84 3170.11
1030000 1051.97 1055.8 1075.21 3182.99
1032000 1053.37 1059.03 1078.57 3190.97
1034000 1054.34 1061.1 1080.57 3196
1036000 1054.61 1069.23 1083.58 3207.42
1038000 1058.7 1070.93 1088.26 3217.89
1040000 1063.83 1071.1 1087.5 3222.42
1042000 1064.85 1071.27 1090.83 3226.95
1044000 1070.23 1068.46 1092.11 3230.8
1046000 1072.19 1069.31 1093.66 3235.17
1048000 1075.47 1071.81 1097.4 3244.68
1050000 1079.48 1076.12 1094.34 3249.94
1052000 1084.43 1076.77 1094.04 3255.24
1054000 1085.06 1079.48 1091.55 3256.08
1056000 1083.26 1083.95 1095.48 3262.68
1058000 1081.99 1083.52 1098.33 3263.85
1060000 1085.89 1086.58 1101.65 3274.12
1062000 1087.51 1087.58 1104.2 3279.29
1064000 1093.9 1090.48 1109.35 3293.73
1066000 1098.45 1090.88 1111.3 3300.63
1068000 1100.69 1092.66 1107.8 3301.15
1070000 1103.56 1092.2 1110.62 3306.38
1072000 1107.43 1091.59 1111.46 3310.48
1074000 1107.7 1094.48 1113.66 3315.84
1076000 1113.89 1098.19 1112.88 3324.96
1078000 1112.82 1101.75 1116.38 3330.95
1080000 1120.23 1101.35 1120.71 3342.28
1082000 1125.95 1104.15 1126.69 3356.78
1084000 1127.34 1105.58 1129.83 3362.75
1086000 1129.89 1109.3 1131.17 3370.36
1088000 1131.62 1115.21 1134.06 3380.89
1090000 1135.04 1115.86 1140.71 3391.61
1092000 1136.38 1119.09 1143.16 3398.64
1094000 1138.12 1120.81 1144.61 3403.54
1096000 1136.26 1125.84 1141.87 3403.97
1098000 1134.75 1127.43 1147.39 3409.57
1100000 1133.05 1124.71 1147.71 3405.47
1102000 1129.53 1125.61 1152.26 3407.4
1104000 1134.12 1128.28 1154.02 3416.41
1106000 1132.11 1130.39 1156.03 3418.53
1108000 1134.68 1128.95 1156.99 3420.62
1110000 1136.66 1129.3 1159.15 3425.11
1112000 1139.9 1131.54 1161.03 3432.48
1114000 1141.66 1137.49 1165.71 3444.87
1116000 1142.21 1139.11 1169.93 3451.24
1118000 1142.02 1139.78 1173.01 3454.81
1120000 1139.22 1140.38 1174.08 3453.67
1122000 1138.99 1141.89 1177.27 3458.15
1124000 1143.19 1141.99 1182.82 3468
1126000 1142.4 1140.22 1181.23 3463.85
1128000 1142.62 1142.75 1186.05 3471.41
1130000 1148.41 1142.01 1190.5 3480.92
1132000 1149.98 1142.64 1191.25 3483.87
1134000 1154.5 1143.63 1191.59 3489.72
1136000 1159.27 1143.27 1192.7 3495.24
1138000 1161.83 1144.11 1194.88 3500.82
1140000 1161.77 1141.75 1195.2 3498.73
1142000 1164.1 1141.76 1194.44 3500.3
1144000 1169.93 1145.95 1195.61 3511.48
1146000 1170.13 1149.91 1196.19 3516.23
1148000 1171.91 1148.51 1200.58 3521
1150000 1176.35 1146.65 1200.12 3523.12
1152000 1179.4 1147.33 1201.71 3528.44
1154000 1179.86 1152.47 1202.32 3534.65
1156000 1179.46 1153.6 1208.01 3541.06
1158000 1180.02 1155.5 1207.69 3543.22
1160000 1183.17 1160.15 1211.44 3554.76
1162000 1181.17 1163.99 1213.93 3559.09
1164000 1179.88 1168.89 1218.45 3567.23
1166000 1179.59 1169.99 1221.67 3571.25
1168000 1178.32 1170.6 1225.8 3574.72
1170000 1177.97 1170.38 1232.39 3580.74
1172000 1181.51 1178.26 1234.89 3594.66
1174000 1184.37 1178.04 1239.48 3601.89
1176000 1185.42 1184.12 1245.48 3615.02
1178000 1185.16 1185.73 1253.17 3624.06
1180000 1188.3 1188.94 1258.07 3635.32
1182000 1185.98 1189.62 1261.03 3636.63
1184000 1189.08 1191.67 1262.98 3643.73
1186000 1190.78 1195 1265.12 3650.9
1188000 1193.07 1195.4 1267.99 3656.47
1190000 1195.05 1201.97 1266.16 3663.19
1192000 1197.45 1206.17 1265.31 3668.93
1194000 1197.72 1210.29 1268.24 3676.25
1196000 1195.89 1211.18 1268.37 3675.44
1198000 1198.5 1212.16 1268.78 3679.45
1200000 1201.98 1215.58 1271.1 3688.67
1202000 1205.36 1217.71 1278.12 3701.19
1204000 1206.9 1219.61 1276.73 3703.24
1206000 1207.11 1218.03 1278.62 3703.75
1208000 1208.86 1224.69 1278.8 3712.36
1210000 1211.26 1228.93 1279.71 3719.89
1212000 1214.88 1230.9 1281.31 3727.09
1214000 1216.61 1235.74 1282.28 3734.64
1216000 1220.53 1239.28 1282.79 3742.61
1218000 1222.79 1241.24 1280.96 3744.99
1220000 1226.6 1243.91 1280.36 3750.87
1222000 1226.39 1243.18 1281.13 3750.7
1224000 1225.58 1247.62 1284.8 3757.99
1226000 1228.6 1250.35 1289.12 3768.06
1228000 1229.26 1254.02 1290.81 3774.09
1230000 1233.26 1253.59 1292.57 3779.43
1232000 1235.31 1255.17 1294.34 3784.82
1234000 1234.61 1252.91 1299.15 3786.67
1236000 1238.47 1253.79 1303.45 3795.71
1238000 1241.26 1258.02 1303 3802.29
1240000 1242.82 1259.04 1301.07 3802.93
1242000 1241.87 1255.1 1302.52 3799.48
1244000 1245.18 1254.48 1309.69 3809.36
1246000 1246.94 1257.25 1311.48 3815.67
1248000 1250.99 1260 1313.05 3824.04
1250000 1257.79 1265.43 1312.16 3835.38
1252000 1263.4 1265.95 1317.06 3846.42
1254000 1263.3 1266.6 1318.86 3848.76
1256000 1267.64 1265.61 1322.43 3855.68
1258000 1271.25 1268.93 1322.87 3863.05
1260000 1273.55 1272.6 1323.12 3869.28
1262000 1275.63 1276.23 1320.09 3871.96
1264000 1276.49 1279.4 1325.5 3881.39
1266000 1275.27 1287.58 1331.19 3894.04
1268000 1279.65 1292.59 1336.55 3908.8
1270000 1284.46 1295.3 1336.66 3916.42
1272000 1283.11 1294.81 1342.3 3920.21
1274000 1285.77 1295.22 1342.88 3923.87
1276000 1290.11 1298.17 1345.36 3933.64
1278000 1293.85 1302.08 1347.37 3943.3
1280000 1295.4 1300.96 1351.42 3947.78
1282000 1298.21 1298.81 1349.57 3946.59
1284000 1300.11 1299.08 1351.33 3950.52
1286000 1298.69 1299.55 1354.98 3953.22
1288000 1303.18 1298.35 1358.08 3959.61
1290000 1308.92 1299.27 1360.92 3969.11
1292000 1311.24 1299.95 1365.25 3976.44
1294000 1317.61 1301.02 1366.23 3984.86
1296000 1319.84 1302.71 1366.84 3989.39
1298000 1321.31 1305.69 1365.18 3992.19
1300000 1320.03 1304.41 1367.09 3991.54
1302000 1321.67 1308.58 1367.32 3997.57
1304000 1321.55 1311.07 1369.14 4001.77
1306000 1324.34 1314.8 1366.59 4005.73
1308000 1326.89 1312.87 1366.49 4006.25
1310000 1332.22 1313.94 1369 4015.16
1312000 1337.97 1314.62 1372.67 4025.27
1314000 1337.37 1316.96 1370.9 4025.23
1316000 1337.99 1317.29 1376.18 4031.47
1318000 1338.56 1321.13 1379.39 4039.08
1320000 1338.24 1323.01 1384.84 4046.09
1322000 1340.89 1322.45 1387.16 4050.5
1324000 1338.5 1325.53 1389.95 4053.98
1326000 1342.29 1327.16 1394.19 4063.63
1328000 1347.29 1333.54 1392.97 4073.79
1330000 1348 1333.48 1397.91 4079.39
1332000 1353.17 1337.56 1401.38 4092.11
1334000 1356.81 1341.26 1408.08 4106.16
1336000 1357.37 1340.85 1413.94 4112.15
1338000 1363.24 1344.15 1417.94 4125.33
1340000 1366.87 1346.92 1421.61 4135.4
1342000 1372.96 1356.18 1420.61 4149.76
1344000 1372.34 1356.8 1428.29 4157.44
1346000 1375.59 1357.79 1429.08 4162.46
1348000 1381.04 1357.52 1436.3 4174.86
1350000 1380.04 1359.89 1438.81 4178.74
1352000 1380.57 1356.17 1440.63 4177.36
1354000 1381.57 1357.65 1441.6 4180.82
1356000 1384.73 1360.07 1443.03 4187.82
1358000 1387.61 1365.83 1441.33 4194.77
1360000 1389.19 1368.63 1444.95 4202.76
1362000 1392.2 1371.8 1448.17 4212.17
1364000 1397.71 1376.04 1455.04 4228.79
1366000 1399.85 1374.76 1457.01 4231.62
1368000 1397.65 1385.99 1458.65 4242.29
1370000 1397.21 1388.56 1463.15 4248.92
1372000 1398.67 1392.95 1461.73 4253.35
1374000 1399.9 1394.96 1464.6 4259.47
1376000 1405.7 1395.94 1464.46 4266.1
1378000 1407.92 1400.75 1467.56 4276.23
1380000 1414.72 1404.86 1472.57 4292.15
1382000 1413.71 1409.62 1472.95 4296.28
1384000 1413.94 1409.69 1478.06 4301.69
1386000 1417.51 1410.99 1483.74 4312.25
1388000 1418.67 1411.4 1485.81 4315.87
1390000 1419.59 1412.03 1485.64 4317.26
1392000 1423.74 1416.63 1487.89 4328.25
1394000 1427.26 1416.16 1491.72 4335.15
1396000 1434.79 1418.33 1495.68 4348.8
1398000 1436.73 1421.32 1496.86 4354.91
1400000 1440.35 1425.42 1496.11 4361.88
1402000 1439.76 1425.33 1498.91 4364.01
1404000 1441.81 1429 1498.96 4369.78
1406000 1445.77 1429.67 1498.84 4374.28
1408000 1447.98 1431.6 1503.54 4383.12
1410000 1454.95 1431.12 1505.53 4391.61
1412000 1458 1429.01 1512 4399.01
1414000 1463.1 1431.13 1515.81 4410.04
1416000 1468.51 1428.46 1521.66 4418.63
1418000 1473.12 1429.27 1523.32 4425.72
1420000 1477.5 1432.41 1529.56 4439.47
1422000 1483.78 1436.76 1533.16 4453.71
1424000 1486.07 1437.75 1537.38 4461.2
1426000 1487.59 1441.79 1540.61 4469.99
1428000 1491.25 1444.93 1541.27 4477.46
1430000 1498.79 1443.19 1545.06 4487.04
1432000 1494.44 1438.02 1543.45 4475.91
1434000 1498.73 1446.88 1542.32 4487.93
1436000 1500.55 1445.49 1548.25 4494.29
1438000 1504.73 1443.82 1551.65 4500.2
1440000 1501.74 1447.03 1553.93 4502.7
1442000 1504.41 1445.86 1554.35 4504.63
1444000 1506.39 1449.19 1557.76 4513.34
1446000 1506.74 1447.06 1560.65 4514.45
1448000 1511.14 1454.87 1560.71 4526.72
1450000 1513.68 1455.13 1561.9 4530.71
1452000 1515.3 1453.64 1563.77 4532.71
1454000 1516.29 1450.87 1563.19 4530.36
1456000 1513.64 1451.59 1570.69 4535.93
1458000 1514.42 1452.92 1572.87 4540.21
1460000 1514.27 1454.03 1571.41 4539.72
1462000 1516.71 1456.23 1574.09 4547.03
1464000 1514.5 1457.18 1575.08 4546.76
1466000 1516.54 1459.46 1578.46 4554.46
1468000 1520.65 1463.5 1580.3 4564.45
1470000 1523.23 1463.73 1579.85 4566.8
1472000 1527.31 1463.96 1577.91 4569.19
1474000 1527.37 1466.11 1577.31 4570.8
1476000 1527.48 1469.07 1580.33 4576.89
1478000 1534.11 1469.21 1581.06 4584.37
1480000 1532.72 1468.46 1583.26 4584.44
1482000 1537.91 1470.82 1585.33 4594.06
1484000 1542.55 1474.89 1588.17 4605.61
1486000 1542.13 1477.01 1588.91 4608.05
1488000 1540.92 1474.94 1590.05 4605.91
1490000 1542.98 1478.65 1592.5 4614.13
1492000 1544.26 1483.03 1595.17 4622.46
1494000 1549.26 1482.56 1596.84 4628.66
1496000 1549.14 1487.05 1595.24 4631.43
1498000 1553.73 1488.39 1588.53 4630.65
1500000 1556.14 1495.32 1591.56 4643.02
1502000 1557.95 1501.74 1592.02 4651.71
1504000 1557.51 1503.78 1591.79 4653.09
1506000 1561.61 1506.15 1592.32 4660.08
1508000 1561.01 1507.36 1593.58 4661.95
1510000 1564.61 1509.93 1594.46 4669
1512000 1569.6 1506.69 1599.35 4675.64
1514000 1571.71 1505.6 1599.97 4677.27
1516000 1571.33 1510.27 1596.62 4678.23
1518000 1570.9 1510.65 1594.16 4675.71
1520000 1572.7 1514.25 1596.31 4683.26
1522000 1571.44 1516.21 1595.19 4682.83
1524000 1574.46 1520.5 1595.15 4690.11
1526000 1583.9 1525.1 1597.19 4706.19
1528000 1585.55 1525.05 1598.8 4709.41
1530000 1587.54 1524.78 1600.57 4712.88
1532000 1585.81 1526.12 1607.9 4719.83
1534000 1583.97 1523.99 1605.54 4713.51
1536000 1582.86 1524.79 1605.42 4713.07
1538000 1584.64 1527.37 1605.85 4717.86
1540000 1581.08 1529.73 1610.54 4721.35
1542000 1577.26 1528.54 1612.89 4718.68
1544000 1584.35 1531.2 1612.42 4727.97
1546000 1584.49 1537.2 1613.12 4734.81
1548000 1581.43 1539.89 1612.22 4733.54
1550000 1585.41 1546.38 1617.15 4748.94
1552000 1587.92 1546 1620.04 4753.96
1554000 1593.61 1546.77 1623.82 4764.2
1556000 1593.65 1543.83 1624.42 4761.91
1558000 1593.27 1545.62 1625.74 4764.63
1560000 1594.7 1549.51 1626.53 4770.75
1562000 1596.67 1550.71 1627.93 4775.31
1564000 1597.17 1552.04 1630.69 4779.9
1566000 1602.47 1553.55 1635.69 4791.7
1568000 1606.06 1560.03 1641.71 4807.79
1570000 1608.14 1559.61 1645.74 4813.49
1572000 1608.75 1558.84 1645.4 4812.99
1574000 1610.47 1556.37 1647.27 4814.11
1576000 1615.93 1555.35 1646.15 4817.43
1578000 1614.26 1558.77 1648.99 4822.03
1580000 1610.37 1566.6 1653.57 4830.54
1582000 1612.12 1569.55 1655.65 4837.32
1584000 1612.02 1568.07 1663.71 4843.8
1586000 1610.83 1568.83 1665.63 4845.29
1588000 1611.78 1572.12 1668.45 4852.35
1590000 1612.36 1575.77 1669.52 4857.65
1592000 1617.26 1581.94 1677.61 4876.82
1594000 1619.54 1584.15 1681.94 4885.62
1596000 1623.52 1586.93 1680.31 4890.76
1598000 1623.15 1584.26 1682.44 4889.85
1600000 1619.39 1589.37 1682.84 4891.59
1602000 1623.53 1595.23 1684.46 4903.21
1604000 1627.33 1592.74 1686.84 4906.91
1606000 1629.46 1591.54 1684.55 4905.55
1608000 1630.57 1592.51 1682.68 4905.77
1610000 1634.05 1597.43 1686.55 4918.03
1612000 1640.54 1597.58 1690.68 4928.8
1614000 1642.94 1605.23 1694.75 4942.93
1616000 1643.58 1609.51 1694.65 4947.74
1618000 1646 1608.22 1694.86 4949.09
1620000 1645.68 1612.21 1696.01 4953.9
1622000 1648.51 1615.25 1698.4 4962.16
1624000 1654.43 1613.11 1702.58 4970.12
1626000 1654.69 1614.5 1705.07 4974.26
1628000 1661.52 1615.82 1708.11 4985.44
1630000 1662.99 1621.15 1710.68 4994.82
1632000 1666.56 1623.83 1713.54 5003.92
1634000 1671.37 1626.09 1716.87 5014.33
1636000 1673.04 1633.27 1721.03 5027.34
1638000 1674.7 1631.79 1723.31 5029.8
1640000 1678.73 1626.68 1722.67 5028.07
1642000 1682.66 1623.91 1723.87 5030.44
1644000 1684.43 1632.25 1728.12 5044.8
1646000 1683.54 1634.12 1734.11 5051.77
1648000 1688.36 1637.67 1733.5 5059.52
1650000 1686.45 1641.43 1732.9 5060.78
1652000 1692.29 1640.98 1734.44 5067.7
1654000 1693.64 1643.41 1737.74 5074.79
1656000 1696.59 1642.77 1744.13 5083.49
1658000 1698.37 1640.55 1748.08 5087.01
1660000 1698.55 1646.34 1751.1 5095.99
1662000 1701.96 1646.43 1750.39 5098.78
1664000 1701.63 1647.76 1753.66 5103.04
1666000 1703.32 1646.14 1758.24 5107.7
1668000 1704.52 1649.98 1761.34 5115.83
1670000 1710.98 1658.1 1760.72 5129.8
1672000 1713.97 1661.25 1766.09 5141.31
1674000 1716.07 1662.27 1768.73 5147.07
1676000 1718.49 1668.38 1771.39 5158.26
1678000 1722.52 1668.75 1774.36 5165.63
1680000 1724.66 1665.35 1770.7 5160.71
1682000 1727.13 1669.3 1770.82 5167.25
1684000 1730.07 1666.35 1777.85 5174.27
1686000 1732.98 1670.11 1782.39 5185.48
1688000 1734.13 1670.64 1787 5191.78
1690000 1730.89 1671.1 1789.87 5191.85
1692000 1735.37 1674.45 1795.59 5205.4
1694000 1733.69 1679.47 1797.69 5210.85
1696000 1740.99 1687.46 1809.11 5237.55
1698000 1740.46 1691.07 1810.25 5241.79
1700000 1735.99 1695.07 1811.98 5243.04
1702000 1743.21 1696.53 1813.4 5253.13
1704000 1745.41 1699.45 1805.5 5250.36
1706000 1751.5 1700.45 1810.22 5262.16
1708000 1753.77 1702.73 1808.75 5265.24
1710000 1754.72 1701.48 1810.08 5266.28
1712000 1756.99 1705.1 1807.55 5269.65
1714000 1757.32 1706.33 1814.36 5278.01
1716000 1761.52 1708.57 1818.07 5288.16
1718000 1762.59 1707.08 1815.86 5285.52
1720000 1768.53 1710.27 1818.15 5296.96
1722000 1765.91 1707.56 1824.22 5297.7
1724000 1764.32 1708.24 1825.28 5297.84
1726000 1764.83 1709.27 1832.6 5306.69
1728000 1768.41 1710.82 1831.86 5311.09
1730000 1772.38 1712.64 1837.98 5323
1732000 1775.34 1714.41 1842.5 5332.25
1734000 1775.97 1719.26 1841.65 5336.89
1736000 1781.59 1721.98 1842.05 5345.63
1738000 1778.44 1725.8 1844.49 5348.73
1740000 1781.79 1724.44 1848.28 5354.51
1742000 1785.01 1727.82 1851.78 5364.61
1744000 1790.84 1728.57 1852.58 5372
1746000 1796.33 1735.57 1859.17 5391.07
1748000 1796.48 1734.08 1860.57 5391.12
1750000 1798.62 1733.69 1860.26 5392.57
1752000 1802.16 1737.76 1860.14 5400.05
1754000 1800.65 1741 1863.77 5405.43
1756000 1796.25 1745.66 1861.53 5403.44
1758000 1796.88 1748.48 1867.31 5412.67
1760000 1796.32 1750.78 1874.35 5421.44
1762000 1799.59 1750.46 1873.27 5423.32
1764000 1799.36 1746.11 1877.92 5423.39
1766000 1801.18 1746.66 1884.41 5432.25
1768000 1803.95 1750.24 1890 5444.19
1770000 1807.94 1753.53 1893.06 5454.52
1772000 1806.42 1757.68 1895.78 5459.88
1774000 1809.83 1758.07 1894.98 5462.88
1776000 1809.64 1762.24 1894.01 5465.88
1778000 1813.96 1765.78 1891.27 5471.01
1780000 1811.71 1761.72 1888.92 5462.35
1782000 1811.54 1767.03 1892.84 5471.4
1784000 1812.13 1763.13 1894.75 5470.02
1786000 1816.01 1772.18 1899.68 5487.88
1788000 1816.33 1778.47 1906.63 5501.42
1790000 1821.32 1778.49 1907.26 5507.06
1792000 1822.58 1775.17 1911.59 5509.34
1794000 1824.15 1778.96 1914.4 5517.51
1796000 1824.35 1778.16 1921.24 5523.75
1798000 1825.45 1779.74 1917.91 5523.11
1800000 1826.16 1785.3 1920.13 5531.59
1802000 1828.69 1791.45 1927.18 5547.32
1804000 1829.9 1794.97 1930.62 5555.49
1806000 1837.37 1798.66 1931.97 5568
1808000 1833.28 1796.87 1936.85 5566.99
1810000 1834.17 1797.08 1932.2 5563.45
1812000 1833.2 1797.11 1933.37 5563.68
1814000 1829.45 1799 1936.3 5564.75
1816000 1834.11 1800.35 1941.48 5575.94
1818000 1834.9 1805.85 1938.01 5578.75
1820000 1830.7 1807.14 1940.14 5577.98
1822000 1830.41 1809.73 1941.46 5581.6
1824000 1834.46 1809.45 1939.71 5583.62
1826000 1839.26 1812.3 1940.42 5591.97
1828000 1838.86 1816.33 1942.97 5598.16
1830000 1838.44 1821.77 1948.12 5608.33
1832000 1842.42 1819.05 1951.15 5612.61
1834000 1845.42 1822.91 1951.18 5619.51
1836000 1848.05 1824.84 1945.89 5618.78
1838000 1852.14 1825.41 1946.67 5624.23
1840000 1854.27 1827.03 1951.82 5633.12
1842000 1857.26 1835.01 1952.3 5644.57
1844000 1857.79 1836.89 1953.73 5648.4
1846000 1864.61 1839.57 1949.47 5653.65
1848000 1864.37 1844.66 1949.94 5658.97
1850000 1866.18 1848.15 1953.81 5668.13
1852000 1865.53 1845.16 1961.72 5672.42
1854000 1866.43 1850.19 1965.67 5682.29
1856000 1868.11 1855.8 1964.63 5688.53
1858000 1874.37 1858.84 1967.88 5701.1
1860000 1876.87 1861.82 1971.36 5710.05
1862000 1882.4 1866.05 1973.55 5722
1864000 1882.83 1866.47 1970.99 5720.29
1866000 1883.54 1868.69 1966.84 5719.06
1868000 1880.07 1874.22 1965.82 5720.11
1870000 1881.17 1880.61 1972.82 5734.61
1872000 1883.46 1884.89 1971.29 5739.64
1874000 1881.65 1879.46 1977.48 5738.59
1876000 1877.56 1882.75 1979.53 5739.84
1878000 1879.15 1886.14 1985.72 5751.02
1880000 1882.37 1884.75 1990.57 5757.69
1882000 1888.67 1886.57 1986.36 5761.61
1884000 1890.64 1886.95 1988.72 5766.31
1886000 1891.81 1887.54 1996.3 5775.65
1888000 1892.77 1888.12 2000.14 5781.03
1890000 1894.73 1888.79 2003.45 5786.97
1892000 1893.41 1888.48 2008.37 5790.26
1894000 1893 1891.46 2018.23 5802.69
1896000 1892.61 1901.5 2019.21 5813.32
1898000 1897.2 1903.09 2024.82 5825.11
1900000 1894.35 1903.89 2027.36 5825.59
1902000 1895.18 1908.38 2034.27 5837.83
1904000 1898.74 1908.86 2034.81 5842.4
1906000 1897.45 1911.82 2042.28 5851.55
1908000 1898.15 1914.21 2046.52 5858.88
1910000 1901.4 1919.02 2047.38 5867.8
1912000 1906.21 1924.29 2049.2 5879.7
1914000 1906.92 1927.49 2054.31 5888.72
1916000 1909.32 1931.11 2058.72 5899.15
1918000 1914.59 1933.36 2060.93 5908.88
1920000 1916.1 1933.4 2065.24 5914.74
1922000 1911.51 1934.08 2075.39 5920.98
1924000 1911.73 1937.92 2074.41 5924.06
1926000 1914.9 1942.86 2080.1 5937.87
1928000 1918.29 1944.36 2085.16 5947.81
1930000 1917.4 1943.96 2088.86 5950.22
1932000 1917.4 1946.5 2090.25 5954.15
1934000 1917.96 1944.85 2094.4 5957.21
1936000 1920.72 1943.57 2096.26 5960.55
1938000 1924.5 1947.7 2094.63 5966.83
1940000 1928.81 1949.42 2100.72 5978.94
1942000 1934.32 1954.09 2100.68 5989.09
1944000 1937.7 1955.07 2098.28 5991.06
1946000 1936.47 1958.28 2100.76 5995.51
1948000 1933.82 1956.39 2103.65 5993.86
1950000 1932.4 1964.92 2101.19 5998.51
1952000 1937.74 1969.41 2104.48 6011.63
1954000 1944.2 1970.87 2107.53 6022.61
1956000 1938.84 1969.83 2110.36 6019.02
1958000 1942.67 1970.77 2108.79 6022.22
1960000 1943.21 1974.46 2117.63 6035.31
1962000 1947.42 1975.15 2121.25 6043.83
1964000 1947.31 1975.64 2124.02 6046.97
1966000 1950.51 1981.25 2121.79 6053.55
1968000 1952.12 1984.87 2121.21 6058.2
1970000 1949.14 1989.09 2123.45 6061.69
1972000 1951.39 1992.8 2124.38 6068.57
1974000 1950.57 1994.29 2130.03 6074.89
1976000 1956.43 1993.97 2133.63 6084.04
1978000 1964.38 1993.61 2136.69 6094.68
1980000 1968.89 1993.43 2135.23 6097.55
1982000 1969.06 1994.83 2134.08 6097.97
1984000 1972.99 2001.14 2137.86 6111.99
1986000 1977.78 2000.02 2138.91 6116.71
1988000 1978.13 2006.78 2139.13 6124.03
1990000 1978.39 2010.34 2135.59 6124.32
1992000 1982.83 2012.14 2139.16 6134.13
1994000 1984.84 2015.98 2140.77 6141.58
1996000 1989.81 2019.71 2139.96 6149.48
1998000 1994.12 2023.56 2145.2 6162.88
2000000 1995.15 2025.51 2150.78 6171.44
