# Time-averaged data for fix savemsd
# TimeStep c_msd[1] c_msd[2] c_msd[3] c_msd[4]
0 0 0 1.16868e-31 1.16868e-31
2000 7.10539 7.05264 6.55326 20.7113
4000 14.441 13.2563 12.8948 40.5921
6000 21.4088 19.6725 19.6059 60.6872
8000 27.2738 26.6052 27.8791 81.7581
10000 36.3066 33.367 35.2442 104.918
12000 43.6303 39.9831 40.4071 124.021
14000 52.5752 46.5665 47.3162 146.458
16000 60.1234 55.1513 56.139 171.414
18000 67.4662 63.8385 61.7898 193.095
20000 73.0114 70.443 68.3774 211.832
22000 81.1845 77.6389 74.3826 233.206
24000 88.7802 84.786 80.5799 254.146
26000 98.7489 92.3578 89.1686 280.275
28000 106.037 99.024 98.3401 303.401
30000 113.817 104.975 106.125 324.917
32000 121.275 111.315 113.444 346.034
34000 129.783 120.836 118.357 368.976
36000 136.739 126.912 123.449 387.1
38000 143.689 132.434 131.066 407.189
40000 153.408 140.634 138.775 432.817
42000 165.037 147.614 147.043 459.694
44000 170.681 157.349 154.711 482.741
46000 174.785 162.996 162.311 500.092
48000 183.487 170.832 170.336 524.655
50000 188.784 178.916 180.204 547.904
52000 195.85 182.424 185.782 564.056
54000 203.019 190.691 192.008 585.718
56000 212.288 195.936 197.861 606.085
58000 219.669 204.712 207.653 632.034
60000 223.58 213.709 220.809 658.098
62000 231.251 224.701 230.314 686.267
64000 239.645 230.702 237.845 708.192
66000 247.726 241.343 248.947 738.016
68000 253.062 247.95 255.252 756.263
70000 262.098 259.022 260.728 781.849
72000 269.031 263.165 267.17 799.366
74000 277.702 271.183 280.5 829.385
76000 284.457 281.032 294.304 859.793
78000 292.529 288.817 303.705 885.05
80000 302.863 296.411 309.382 908.656
82000 308.53 301.384 317.651 927.564
84000 314.988 311.295 323.582 949.866
86000 321.023 319.705 333.024 973.752
88000 325.288 323.14 338.608 987.036
90000 331.26 327.064 344.871 1003.19
92000 338.027 333.211 351.747 1022.98
94000 341.068 344.093 361.712 1046.87
96000 349.413 348.047 370.307 1067.77
98000 358.453 353.863 369.171 1081.49
100000 366.409 358.011 375.717 1100.14
102000 373.608 367.965 380.125 1121.7
104000 381.646 373.415 387.356 1142.42
106000 392.139 381.094 395.323 1168.56
108000 398.127 391.115 400.769 1190.01
110000 409.533 398.279 408.38 1216.19
112000 413.1 407.549 414.429 1235.08
114000 418.358 414.891 418.262 1251.51
116000 419.046 427.253 422.016 1268.31
118000 426.595 436.341 427.912 1290.85
120000 430.43 446.391 436.018 1312.84
122000 437.117 453.257 441.366 1331.74
124000 444.449 463.336 448.296 1356.08
126000 455.867 473.684 456.746 1386.3
128000 461.519 481.758 461.053 1404.33
130000 470.34 486.671 468.127 1425.14
132000 474.958 495.064 476.692 1446.71
134000 482.439 504.084 487.355 1473.88
136000 488.356 511 491.314 1490.67
138000 497.039 516.709 496.775 1510.52
140000 501.223 528.618 505.175 1535.02
142000 508.197 533.569 509.575 1551.34
144000 515.399 540.725 516.874 1573
146000 520.074 545.217 524.149 1589.44
148000 522.684 550.829 529.346 1602.86
150000 531.008 558.218 536.921 1626.15
152000 541.171 570.241 544.116 1655.53
154000 545.558 581.035 551 1677.59
156000 551.541 588.184 556.166 1695.89
158000 554.54 592.354 568.406 1715.3
160000 563.456 595.452 576.025 1734.93
162000 572.622 608.974 583.293 1764.89
164000 574.65 615.473 587.538 1777.66
166000 581.215 622.082 595.305 1798.6
168000 580.304 626.139 605.335 1811.78
170000 588.152 634.109 612.76 1835.02
172000 591.509 647.258 620.243 1859.01
174000 597.029 648.493 628.041 1873.56
176000 600.141 657.609 635.257 1893.01
178000 603.739 666.94 641.02 1911.7
180000 609.389 670.323 650.503 1930.21
182000 621.513 676.048 655.676 1953.24
184000 633.879 681.101 664.006 1978.99
186000 642.379 693.689 672.089 2008.16
188000 653.617 695.877 672.729 2022.22
190000 655.18 700.08 683.823 2039.08
192000 667.3 708.589 692.666 2068.55
194000 671.854 714.228 695.74 2081.82
196000 686.804 716.304 698.136 2101.24
198000 694.981 723.433 711.171 2129.58
200000 704.752 724.909 724.797 2154.46
202000 708.53 729.853 726.243 2164.63
204000 717.02 736.88 734.366 2188.27
206000 725.513 739.63 743.03 2208.17
208000 727.267 743.737 749.491 2220.49
210000 735.493 751.498 755.061 2242.05
212000 742.838 760.794 761.543 2265.18
214000 758.796 765.823 765.337 2289.96
216000 767.696 767.73 770.046 2305.47
218000 771.915 777.803 775.268 2324.99
220000 785.839 783.588 786.444 2355.87
222000 790.803 785.233 790.915 2366.95
224000 795.05 798.54 799.653 2393.24
226000 802.449 799.888 806.07 2408.41
228000 807.724 807.844 805.447 2421.01
230000 818.022 814.603 814.09 2446.71
232000 823.59 816.996 816.08 2456.67
234000 833.902 824.575 825.761 2484.24
236000 835.445 835.104 836.888 2507.44
238000 836.302 844.374 842.928 2523.6
240000 843.299 856.094 845.159 2544.55
242000 849.084 856.551 848.463 2554.1
244000 854.564 860.596 846.076 2561.24
246000 861.545 862.655 853.031 2577.23
248000 868.327 875.721 854.565 2598.61
250000 875.238 891.953 859.479 2626.67
252000 887.433 894.911 867.912 2650.26
254000 893.634 899.611 869.726 2662.97
256000 904.717 910.583 879.024 2694.32
258000 917.157 925.99 887.289 2730.44
260000 918.752 930.601 900.07 2749.42
262000 920.668 937.11 904.362 2762.14
264000 929.414 948.727 912.307 2790.45
266000 930.444 959.444 917.058 2806.95
268000 940.447 966.513 927.179 2834.14
270000 945.459 975.007 938.67 2859.14
272000 948.009 984.763 947.654 2880.43
274000 957.589 995.619 957.062 2910.27
276000 962.263 1005.6 959.687 2927.55
278000 974.593 1013.82 965.876 2954.28
280000 977.775 1019.59 974.556 2971.93
282000 986.534 1021.47 978.265 2986.27
284000 993.121 1028.68 989.067 3010.87
286000 997.862 1033.95 1001.16 3032.98
288000 1006.66 1041.57 1015.76 3064
290000 1018.18 1047.45 1027.91 3093.54
292000 1024.42 1060.08 1034.74 3119.24
294000 1033.35 1063.66 1042.7 3139.71
296000 1040.37 1063.2 1047.76 3151.33
298000 1052 1071.18 1059.77 3182.95
300000 1056.92 1076.89 1065.74 3199.54
302000 1070.31 1083.72 1073.56 3227.59
304000 1073.39 1090.04 1080.54 3243.96
306000 1084.06 1095.97 1088.94 3268.96
308000 1093.82 1102.62 1096.97 3293.41
310000 1100.28 1112.57 1103.24 3316.08
312000 1113.51 1121.85 1110.55 3345.92
314000 1116.04 1132.4 1114.16 3362.6
316000 1127.74 1135.85 1117.37 3380.96
318000 1132.86 1148.67 1123.15 3404.68
320000 1142.07 1156.63 1132.39 3431.08
322000 1148.87 1161.49 1142 3452.36
324000 1149.07 1170.79 1156.24 3476.11
326000 1149.73 1170.37 1164.91 3485.01
328000 1154.09 1176.75 1165.52 3496.36
330000 1165.23 1182.58 1176.94 3524.74
332000 1164.54 1193.01 1183.67 3541.21
334000 1172.66 1195.23 1195.12 3563.02
336000 1179.79 1202.08 1199.36 3581.22
338000 1191.22 1210.72 1196.22 3598.15
340000 1208.58 1214.94 1206.13 3629.65
342000 1207.86 1222.49 1216.52 3646.87
344000 1221.27 1234.05 1227.05 3682.37
346000 1233.46 1241.66 1238.66 3713.78
348000 1238.72 1248.67 1250.89 3738.27
350000 1249.96 1253.71 1258.15 3761.82
352000 1261.12 1258.79 1269.5 3789.41
354000 1264.8 1270.31 1272.71 3807.83
356000 1274.04 1276.69 1275.07 3825.79
358000 1286.11 1278.65 1281.06 3845.81
360000 1291.64 1283.56 1286.52 3861.72
362000 1296.1 1288.49 1287.84 3872.43
364000 1310.84 1297.1 1299.08 3907.02
366000 1314.69 1303.63 1305.59 3923.91
368000 1319.24 1307.5 1309.38 3936.13
370000 1334.78 1312.72 1307.25 3954.75
372000 1340.78 1321.95 1314.52 3977.26
374000 1349.12 1329.44 1320.21 3998.77
376000 1355.49 1330.24 1326.92 4012.65
378000 1360.96 1343.66 1334.8 4039.41
380000 1379.23 1350.63 1334.23 4064.09
382000 1394.59 1351.6 1345.8 4091.99
384000 1392.13 1360.47 1346.76 4099.37
386000 1401.54 1363.95 1352.94 4118.43
388000 1406.31 1371.66 1356.1 4134.07
390000 1418.28 1372.81 1363.61 4154.7
392000 1429.64 1378.63 1367.77 4176.04
394000 1432.85 1386.9 1381.61 4201.36
396000 1439.79 1390.68 1383.9 4214.37
398000 1445.99 1399.63 1400.08 4245.7
400000 1455.1 1412.18 1405.35 4272.62
402000 1458.84 1420.07 1412.75 4291.66
404000 1464.94 1432.08 1416.01 4313.03
406000 1475.46 1440.97 1423.29 4339.72
408000 1476.4 1456.02 1430.38 4362.8
410000 1478.31 1461.2 1439.16 4378.68
412000 1485.04 1465.66 1440.52 4391.22
414000 1493.25 1466.07 1456.25 4415.56
416000 1497.45 1461.87 1466.11 4425.43
418000 1508.32 1463.42 1470.82 4442.57
420000 1513.11 1476.71 1475.59 4465.41
422000 1521.84 1479.75 1480.73 4482.31
424000 1527.79 1488.75 1489.49 4506.03
426000 1530.75 1491.27 1495.81 4517.83
428000 1536.11 1496.91 1498.46 4531.48
430000 1536.1 1501.72 1505.48 4543.3
432000 1546.42 1506.85 1516.12 4569.39
434000 1561.01 1520.18 1526.9 4608.1
436000 1566.81 1531.29 1530.65 4628.75
438000 1576.76 1535.56 1533.41 4645.73
440000 1577.32 1536.37 1544.65 4658.35
442000 1582.86 1541.91 1544.8 4669.57
444000 1600.27 1546.2 1551.45 4697.91
446000 1611.38 1551.99 1552.45 4715.81
448000 1614.43 1559.68 1549.33 4723.45
450000 1622.41 1564.45 1554.94 4741.8
452000 1626.7 1575.44 1552.62 4754.76
454000 1624.68 1578.55 1550.04 4753.27
456000 1633.37 1591.05 1559.05 4783.47
458000 1642.47 1588.75 1564.77 4796
460000 1656.14 1600.16 1571.03 4827.33
462000 1659.22 1602.79 1581.79 4843.79
464000 1673.93 1611.91 1590.54 4876.37
466000 1677.22 1632.1 1601.67 4910.99
468000 1686.7 1638.11 1611.19 4936.01
470000 1694.5 1641.35 1620.67 4956.52
472000 1701.94 1648.07 1630.5 4980.51
474000 1708.64 1654.39 1636.45 4999.48
476000 1712.83 1661.61 1641.57 5016.01
478000 1730.31 1665.69 1651.12 5047.12
480000 1726.46 1674.97 1659.6 5061.03
482000 1739.01 1686.51 1666.37 5091.9
484000 1754.33 1695.98 1675.3 5125.61
486000 1762.52 1697.38 1681.12 5141.02
488000 1776.13 1704.31 1691.46 5171.91
490000 1782.51 1709.5 1704.7 5196.7
492000 1788.13 1720.89 1715.96 5224.98
494000 1795.04 1733.6 1731.27 5259.91
496000 1792.6 1739.09 1745.02 5276.71
498000 1805.65 1751.64 1757.89 5315.18
500000 1815.68 1753.59 1764.29 5333.56
502000 1825.71 1766.04 1760.56 5352.31
504000 1826.59 1774.55 1772.74 5373.87
506000 1832.26 1779.47 1781.03 5392.76
508000 1829.11 1782.09 1791.11 5402.3
510000 1840.54 1785.52 1798.26 5424.33
512000 1855.21 1794.98 1805.17 5455.36
514000 1868.07 1801.5 1809.52 5479.09
516000 1880.55 1802.47 1816.29 5499.31
518000 1889.27 1807.68 1819.04 5515.99
520000 1884.94 1818.47 1832.54 5535.94
522000 1880.38 1834.07 1829.56 5544.01
524000 1892.76 1846.17 1842.27 5581.2
526000 1905.5 1847.57 1845.03 5598.1
528000 1910.92 1852.24 1845.34 5608.5
530000 1918.78 1852.14 1851.44 5622.36
532000 1917.68 1856.38 1854.83 5628.89
534000 1927.26 1864.47 1857.8 5649.53
536000 1931.41 1868.24 1864.62 5664.28
538000 1941.55 1879.18 1871.49 5692.21
540000 1955.5 1884.98 1873.87 5714.35
542000 1971.52 1890.34 1886.8 5748.66
544000 1975.89 1895.25 1892.91 5764.04
546000 1988.4 1899.53 1902.97 5790.91
548000 1993.97 1907.7 1916.95 5818.63
550000 1996.89 1913.98 1932.95 5843.82
552000 1990.95 1928.73 1941.98 5861.66
554000 2000.78 1938 1944.48 5883.26
556000 2011.35 1943.57 1946.22 5901.14
558000 2014.32 1940.68 1948.21 5903.21
560000 2016.2 1956.12 1955.73 5928.05
562000 2027.31 1963.26 1954.86 5945.42
564000 2031.75 1961.18 1960.43 5953.36
566000 2039.05 1967.19 1972.02 5978.26
568000 2037.87 1973.71 1974.92 5986.51
570000 2045.83 1987.3 1981.08 6014.22
572000 2050.94 1981.93 1981.82 6014.69
574000 2062.75 1992.63 1986.86 6042.25
576000 2073.46 2013.14 1993.54 6080.14
578000 2077.2 2021.48 2003.4 6102.08
580000 2083.07 2037.66 2008.81 6129.54
582000 2089.15 2044.1 2017.73 6150.98
584000 2104.94 2053.23 2037.58 6195.74
586000 2115.97 2057.68 2046.55 6220.2
588000 2121.72 2066.67 2053.88 6242.27
590000 2136.81 2062.61 2066.35 6265.77
592000 2146.93 2068.73 2065.85 6281.51
594000 2155.63 2087.47 2068.55 6311.65
596000 2160.6 2089.19 2062.84 6312.63
598000 2166.66 2092.64 2078.71 6338
600000 2169.8 2102.67 2084.13 6356.6
602000 2174.2 2113.43 2088.84 6376.47
604000 2180.85 2115.09 2092.04 6387.98
606000 2186.86 2127.1 2098.83 6412.79
608000 2200.94 2140.25 2097.34 6438.52
610000 2206.5 2140.22 2099.02 6445.73
612000 2219.94 2143.61 2101.07 6464.62
614000 2218.22 2154.6 2104.38 6477.2
616000 2225.22 2169.91 2117.07 6512.2
618000 2219.03 2175.8 2116.41 6511.23
620000 2214.8 2187.09 2125.59 6527.48
622000 2224.29 2206.43 2133.64 6564.36
624000 2230.34 2209.93 2142.75 6583.02
626000 2231.03 2223.51 2150.05 6604.59
628000 2237.58 2236.8 2158.6 6632.98
630000 2253.56 2242.88 2163.9 6660.34
632000 2251.29 2250.62 2172.49 6674.39
634000 2270.77 2254.92 2178.73 6704.41
636000 2281.54 2255.66 2185.67 6722.86
638000 2282.59 2275.54 2192.41 6750.54
640000 2290.07 2282.27 2203.57 6775.9
642000 2297.37 2290.28 2211.01 6798.65
644000 2295.67 2303.96 2219.08 6818.71
646000 2301.59 2308.55 2228.01 6838.15
648000 2303.78 2309.26 2238.12 6851.16
650000 2319.55 2325.94 2240.08 6885.56
652000 2322.09 2337.3 2256.67 6916.06
654000 2334.35 2345.35 2260.51 6940.21
656000 2335.74 2354.22 2273.89 6963.85
658000 2342.06 2351.05 2275.74 6968.85
660000 2362.56 2346.22 2280.26 6989.03
662000 2379.63 2354.76 2291.59 7025.98
664000 2395.8 2350.69 2287.72 7034.2
666000 2399.84 2360.44 2283.9 7044.19
668000 2406.93 2376.13 2301.01 7084.07
670000 2427.94 2379.99 2306.27 7114.2
672000 2424.19 2388.71 2309.89 7122.79
674000 2418.1 2399.45 2318.7 7136.25
676000 2423.95 2409.79 2330.54 7164.29
678000 2444.26 2403.28 2335.05 7182.58
680000 2455.09 2413.07 2339.07 7207.23
682000 2466.24 2427.03 2348.66 7241.94
684000 2487.32 2425.61 2347.47 7260.39
686000 2503.97 2433.2 2346.35 7283.52
688000 2517.18 2439.84 2348.17 7305.19
690000 2524.17 2457.49 2348.91 7330.57
692000 2536.31 2469.9 2363.44 7369.65
694000 2545.74 2480.65 2372.35 7398.74
696000 2548.84 2486.4 2384.81 7420.04
698000 2563.84 2495.2 2384.91 7443.95
700000 2569.28 2516.2 2393.2 7478.68
702000 2573.7 2535.88 2392.75 7502.33
704000 2583.73 2541.19 2401.85 7526.77
706000 2585.21 2550.48 2400.11 7535.8
708000 2587.82 2555.62 2411.08 7554.52
710000 2590.13 2563.73 2416.62 7570.47
712000 2589.86 2574.7 2424.73 7589.29
714000 2598.94 2578.26 2426.82 7604.03
716000 2609.78 2582.22 2429.04 7621.04
718000 2614.19 2584.63 2445.01 7643.83
720000 2622.34 2609.63 2445.81 7677.78
722000 2628.1 2630.53 2458.88 7717.51
724000 2625.13 2646.92 2471.66 7743.72
726000 2623.87 2652.45 2484.05 7760.37
728000 2627.64 2659.28 2499.28 7786.21
730000 2630.38 2668.35 2504.01 7802.74
732000 2633.04 2677.27 2521.45 7831.77
734000 2644.52 2685.11 2521.98 7851.61
736000 2657.08 2686.53 2530.24 7873.86
738000 2669.52 2689.69 2528.7 7887.91
740000 2671.03 2693 2549.47 7913.5
742000 2677.02 2687.26 2550.77 7915.06
744000 2686.29 2691.32 2561.62 7939.24
746000 2696.29 2698.04 2564.32 7958.64
748000 2713.26 2710.46 2569.01 7992.73
750000 2725.82 2709.41 2573.71 8008.95
752000 2743.06 2712.39 2586.12 8041.57
754000 2761.12 2728.43 2579.15 8068.7
756000 2768.86 2733.79 2582.55 8085.21
758000 2778.26 2748.2 2603.17 8129.63
760000 2786.02 2754.17 2613.6 8153.79
762000 2793.15 2761.22 2614.75 8169.11
764000 2799 2771.22 2618.96 8189.17
766000 2812.6 2768.12 2626.14 8206.86
768000 2814.99 2773.79 2636.08 8224.85
770000 2817.02 2782.23 2649.31 8248.56
772000 2826.18 2792.7 2651.86 8270.74
774000 2840.84 2782.27 2658.3 8281.41
776000 2865.62 2795.17 2663.98 8324.77
778000 2864.86 2811.72 2677.89 8354.47
780000 2872.57 2819.21 2683.89 8375.66
782000 2879.52 2815.85 2698.68 8394.05
784000 2895.37 2823.6 2702.82 8421.78
786000 2896.58 2828.31 2708 8432.89
788000 2898.4 2833.46 2701.88 8433.74
790000 2902.04 2840.75 2705.74 8448.53
792000 2902.78 2850.29 2717.49 8470.56
794000 2917.98 2862.26 2726.76 8507
796000 2931.55 2866.13 2738.33 8536.01
798000 2937.2 2873.76 2742.03 8552.99
800000 2937.62 2881.87 2752.66 8572.14
802000 2941.96 2894.54 2747.73 8584.23
804000 2953.44 2894.36 2751.65 8599.45
806000 2956.6 2904.53 2755.84 8616.97
808000 2970.71 2907.22 2767.08 8645.01
810000 2985.09 2909.81 2772.91 8667.81
812000 2983.33 2911.07 2783.4 8677.8
814000 2986.12 2917.21 2789.95 8693.28
816000 2987.55 2925.3 2814.57 8727.42
818000 3009.92 2932.77 2818.48 8761.17
820000 3022.2 2944.93 2827.92 8795.05
822000 3032.78 2946.76 2831.52 8811.07
824000 3043.83 2953.47 2836.96 8834.26
826000 3050.92 2959.8 2844.95 8855.67
828000 3070.32 2957.2 2862.7 8890.22
830000 3084.72 2958.53 2863.77 8907.02
832000 3089.24 2983.34 2879.37 8951.95
834000 3096.43 2987.22 2898.97 8982.62
836000 3110.86 2995.2 2899.02 9005.07
838000 3112.84 3005.21 2911.65 9029.7
840000 3122.75 3005.78 2928.72 9057.25
842000 3134.19 3004.24 2935.21 9073.64
844000 3124.57 3012.6 2942.72 9079.9
846000 3134.98 3019.08 2959.37 9113.43
848000 3145.99 3018.39 2972.32 9136.7
850000 3135.37 3011.23 2977.08 9123.69
852000 3147.99 3021.4 2981.51 9150.9
854000 3154.6 3034.95 2984.49 9174.04
856000 3161.22 3037.33 2984.13 9182.68
858000 3172.54 3042.07 2995 9209.62
860000 3186.44 3037.67 2986.44 9210.55
862000 3189.27 3048.44 2992.57 9230.28
864000 3195.27 3058.15 2990.9 9244.33
866000 3192.18 3057.23 3000.82 9250.23
868000 3193.98 3059.7 3013.6 9267.28
870000 3193.38 3071.47 3013.57 9278.42
872000 3207.85 3077.17 3012.99 9298
874000 3216.07 3092.79 3033.02 9341.88
876000 3208.84 3090.99 3038.85 9338.68
878000 3220.55 3086.87 3038.96 9346.38
880000 3221 3097.32 3045.64 9363.95
882000 3229.4 3097.02 3059.82 9386.23
884000 3230.88 3100.19 3067.2 9398.27
886000 3237.91 3100.18 3074.99 9413.08
888000 3246.84 3105.17 3089.48 9441.49
890000 3247.68 3105.61 3097.32 9450.61
892000 3251.86 3099.65 3100.15 9451.66
894000 3266.63 3104.02 3112.35 9483
896000 3265.22 3104.39 3124.36 9493.98
898000 3279.55 3104.09 3147.36 9531
900000 3275.57 3102.99 3162.54 9541.09
902000 3278.07 3119.81 3169.86 9567.75
904000 3269.6 3122.72 3182.01 9574.33
906000 3274.48 3137.59 3191.62 9603.69
908000 3285.91 3146.98 3210.84 9643.74
910000 3280.61 3154.67 3220.41 9655.69
912000 3292.01 3153.38 3212.57 9657.96
914000 3306.85 3157.73 3224.52 9689.1
916000 3311.79 3164.32 3211.26 9687.37
918000 3317.22 3175.49 3209.92 9702.63
920000 3329.71 3179.3 3227.96 9736.98
922000 3327.18 3183.74 3238.61 9749.53
924000 3331.51 3190.03 3249.04 9770.59
926000 3343.17 3196.93 3249.77 9789.87
928000 3353.98 3205.41 3265.34 9824.73
930000 3352.98 3213.69 3273.23 9839.89
932000 3348.5 3223.12 3279.52 9851.14
934000 3347.18 3222.7 3291.68 9861.56
936000 3357.74 3218.39 3301.85 9877.97
938000 3374.65 3210.05 3319.76 9904.46
940000 3376.3 3221.22 3313.28 9910.81
942000 3375.89 3234.36 3305.4 9915.65
944000 3382.17 3234.3 3302.59 9919.07
946000 3384.32 3239.09 3305.84 9929.25
948000 3379.37 3244.64 3315.76 9939.77
950000 3395.31 3252.36 3321.97 9969.64
952000 3395.52 3257.18 3340.43 9993.13
954000 3409.77 3242.21 3358.59 10010.6
956000 3418 3240.2 3373.11 10031.3
958000 3423.59 3251.81 3378.14 10053.5
960000 3427.51 3263.05 3381.75 10072.3
962000 3440.41 3249.38 3400.37 10090.2
964000 3451.3 3256.79 3413.27 10121.4
966000 3470 3270.55 3430.8 10171.4
968000 3492.38 3281.5 3440.49 10214.4
970000 3506.95 3294.82 3463.77 10265.5
972000 3496.14 3300.69 3467.66 10264.5
974000 3507.37 3309.35 3472.14 10288.9
976000 3521.69 3320.93 3482.15 10324.8
978000 3516.73 3319.12 3496.39 10332.2
980000 3523.75 3328.03 3495.43 10347.2
982000 3531.92 3337.24 3499.1 10368.3
984000 3540.1 3355.35 3518.37 10413.8
986000 3551.8 3361.26 3535 10448.1
988000 3547.29 3373.85 3557.94 10479.1
990000 3553.94 3377.81 3556.07 10487.8
992000 3550.69 3381.57 3566.29 10498.6
994000 3554.12 3400.22 3563.56 10517.9
996000 3553.04 3406.07 3555.73 10514.8
998000 3570.99 3413.92 3569.82 10554.7
1000000 3589.47 3419.2 3579.13 10587.8
1002000 3594.71 3420.35 3585.92 10601
1004000 3606.38 3445.37 3583.41 10635.2
1006000 3620.41 3457.46 3570.1 10648
1008000 3636.07 3469.72 3573.76 10679.5
1010000 3657.64 3473.89 3577.51 10709
1012000 3663.88 3491.96 3588.6 10744.4
1014000 3675.51 3505.88 3594.82 10776.2
1016000 3682.16 3512.34 3603.27 10797.8
1018000 3687.35 3524.99 3608.16 10820.5
1020000 3708.65 3542.66 3617.8 10869.1
1022000 3731.73 3547.96 3628.54 10908.2
1024000 3742.98 3556.13 3627.99 10927.1
1026000 3751.3 3563.41 3637.64 10952.3
1028000 3755.37 3573.47 3646.99 10975.8
1030000 3762.14 3591.61 3646.04 10999.8
1032000 3776.34 3597.4 3648.4 11022.1
1034000 3771.69 3597.12 3654.28 11023.1
1036000 3777.32 3615.94 3660.92 11054.2
1038000 3783.36 3618.94 3675.57 11077.9
1040000 3789.14 3634.05 3687.27 11110.5
1042000 3797.37 3638.12 3712.35 11147.8
1044000 3813.45 3649.38 3715.74 11178.6
1046000 3824.41 3659.38 3720.98 11204.8
1048000 3831.76 3671.58 3727.29 11230.6
1050000 3836.35 3690.82 3719.79 11247
1052000 3847.88 3698.5 3731.12 11277.5
1054000 3849.86 3701.79 3747.73 11299.4
1056000 3863.83 3720.12 3747.3 11331.2
1058000 3866.14 3719.91 3775.1 11361.1
1060000 3891.62 3724.5 3796.34 11412.5
1062000 3898.37 3734.03 3820.66 11453.1
1064000 3893.12 3739.1 3829.46 11461.7
1066000 3889.49 3739.78 3829.5 11458.8
1068000 3892.96 3752.54 3836.22 11481.7
1070000 3899.19 3770.34 3836.88 11506.4
1072000 3894.35 3781.88 3838.19 11514.4
1074000 3907.73 3794.51 3852.62 11554.9
1076000 3922.25 3806.82 3864.15 11593.2
1078000 3931.35 3813.39 3873.33 11618.1
1080000 3933.27 3812.88 3885.93 11632.1
1082000 3941.24 3819.26 3886.6 11647.1
1084000 3955.56 3816.93 3890.68 11663.2
1086000 3970.31 3830.36 3892.87 11693.6
1088000 3989.1 3854.19 3912.22 11755.5
1090000 4010.87 3857.86 3937.83 11806.6
1092000 4008.16 3862.32 3941.62 11812.1
1094000 4023.5 3872.74 3942.43 11838.7
1096000 4016.65 3865.11 3953.02 11834.8
1098000 4011.15 3859.81 3950.43 11821.4
1100000 4014.43 3857.39 3952.81 11824.6
1102000 4014.43 3852.59 3960.03 11827
1104000 4014.76 3858.56 3970.09 11843.4
1106000 4025.01 3859.56 3973.7 11858.3
1108000 4025.33 3870.17 3975.34 11870.8
1110000 4027.71 3885.18 3993.8 11906.7
1112000 4012 3900.88 3999.66 11912.5
1114000 4019.33 3907.22 3998.27 11924.8
1116000 4019.69 3902.71 4004.71 11927.1
1118000 4024.63 3913.71 4003.73 11942.1
1120000 4019.92 3935.92 4010.48 11966.3
1122000 4018.28 3943.9 4018.37 11980.6
1124000 4029.67 3945.17 4017.25 11992.1
1126000 4039.13 3948.12 4022.82 12010.1
1128000 4046.22 3972.11 4039.4 12057.7
1130000 4054.79 3977.09 4039.54 12071.4
1132000 4055.35 3996.58 4044.24 12096.2
1134000 4072.07 4014.78 4066.25 12153.1
1136000 4090.68 4019.86 4065.84 12176.4
1138000 4082.64 4027.5 4066.04 12176.2
1140000 4079.16 4038.55 4086.81 12204.5
1142000 4089.12 4039.66 4095.23 12224
1144000 4082.82 4054.68 4102.21 12239.7
1146000 4089.86 4080.02 4110.49 12280.4
1148000 4101.69 4078.66 4117.41 12297.8
1150000 4109.73 4086.08 4111.49 12307.3
1152000 4102.95 4094.99 4122.88 12320.8
1154000 4102.25 4102.56 4125.33 12330.1
1156000 4101.35 4094.17 4137 12332.5
1158000 4103.95 4102.42 4122.3 12328.7
1160000 4110.96 4107.92 4123.11 12342
1162000 4127.71 4110.2 4112.46 12350.4
1164000 4130.93 4128.3 4118.15 12377.4
1166000 4143.92 4137.47 4123.13 12404.5
1168000 4152.14 4144.97 4138.01 12435.1
1170000 4166.29 4145.11 4143.49 12454.9
1172000 4178.38 4160.51 4154.28 12493.2
1174000 4179.16 4160.52 4167.45 12507.1
1176000 4192.31 4169.11 4179.06 12540.5
1178000 4198.15 4177.15 4187.87 12563.2
1180000 4199.57 4187.68 4199.43 12586.7
1182000 4211.65 4188.63 4200.4 12600.7
1184000 4232.89 4201.44 4199.42 12633.8
1186000 4252.06 4218.59 4209.85 12680.5
1188000 4263.39 4235.59 4201.28 12700.3
1190000 4279.13 4248.8 4194.57 12722.5
1192000 4289.08 4252.7 4200.03 12741.8
1194000 4301.21 4257.26 4219.47 12777.9
1196000 4310.45 4262.71 4219.27 12792.4
1198000 4328.53 4271.03 4207.96 12807.5
1200000 4345.36 4281.45 4222.56 12849.4
1202000 4348.36 4293.31 4235.97 12877.6
1204000 4354.51 4294.64 4234.18 12883.3
1206000 4364.66 4299.36 4247.36 12911.4
1208000 4381.85 4306.97 4253.33 12942.1
1210000 4388.35 4321.65 4258.1 12968.1
1212000 4396.63 4309.28 4286.68 12992.6
1214000 4399.34 4327.26 4296.54 13023.1
1216000 4401.07 4333.96 4303.65 13038.7
1218000 4399.6 4344.87 4302.36 13046.8
1220000 4407.52 4358.81 4311.15 13077.5
1222000 4430.23 4369.7 4303.16 13103.1
1224000 4438.14 4366.58 4311.24 13116
1226000 4441 4378.74 4318.17 13137.9
1228000 4447.17 4374.75 4332.86 13154.8
1230000 4451.9 4397.24 4345.1 13194.2
1232000 4453.72 4413.72 4366.81 13234.3
1234000 4456.45 4438.44 4361.55 13256.4
1236000 4454.08 4438.37 4375.34 13267.8
1238000 4455.29 4443.13 4382.67 13281.1
1240000 4472.76 4438.58 4390.7 13302
1242000 4476.02 4453.06 4407.86 13336.9
1244000 4483.75 4461.07 4410.27 13355.1
1246000 4481.16 4468.2 4405.99 13355.3
1248000 4484.92 4466.85 4417.96 13369.7
1250000 4489.46 4490.24 4418.47 13398.2
1252000 4495.59 4500.58 4432.37 13428.5
1254000 4500.81 4508.46 4431.59 13440.9
1256000 4521.35 4520.56 4434.59 13476.5
1258000 4528.33 4514.62 4428.91 13471.9
1260000 4550.46 4522.79 4432.35 13505.6
1262000 4564.97 4540.24 4434.15 13539.4
1264000 4572.83 4549.15 4441.76 13563.7
1266000 4587.1 4555.95 4447.69 13590.7
1268000 4598.8 4567.74 4457.16 13623.7
1270000 4614.89 4582.62 4467.38 13664.9
1272000 4616.58 4592.85 4470.73 13680.2
1274000 4615.17 4603.75 4477.98 13696.9
1276000 4631.46 4609.71 4487.34 13728.5
1278000 4657.07 4607.2 4515.57 13779.8
1280000 4665.09 4608.81 4522.79 13796.7
1282000 4668.2 4606.55 4538.64 13813.4
1284000 4658.46 4610.7 4549.16 13818.3
1286000 4670.5 4613.68 4563.99 13848.2
1288000 4687.14 4628.78 4574.83 13890.7
1290000 4694.34 4633.06 4585.95 13913.4
1292000 4692.88 4639.14 4588.93 13920.9
1294000 4704.19 4645.01 4598.18 13947.4
1296000 4719.8 4649.06 4598.33 13967.2
1298000 4729.58 4667.85 4597.13 13994.6
1300000 4751.09 4656.56 4597.33 14005
1302000 4759.09 4654.68 4600.51 14014.3
1304000 4766.7 4647.09 4602.8 14016.6
1306000 4769.12 4649.69 4604.9 14023.7
1308000 4773.81 4665.45 4611.69 14050.9
1310000 4772.14 4681.27 4602.42 14055.8
1312000 4775.83 4691.17 4589.3 14056.3
1314000 4774.23 4699.41 4600.96 14074.6
1316000 4787.51 4719.68 4604.12 14111.3
1318000 4802.05 4730.49 4599.74 14132.3
1320000 4788.66 4758.26 4602.13 14149.1
1322000 4801.79 4757.56 4598.3 14157.6
1324000 4818.37 4757.07 4591.22 14166.7
1326000 4828 4768.84 4599.48 14196.3
1328000 4835.39 4787.35 4600.29 14223
1330000 4850.66 4805.48 4624.53 14280.7
1332000 4849.2 4820.8 4629.51 14299.5
1334000 4851.37 4835.22 4632.52 14319.1
1336000 4849.92 4864.97 4631.04 14345.9
1338000 4865.82 4873.89 4648.78 14388.5
1340000 4865.75 4893.02 4655.16 14413.9
1342000 4867.97 4893.08 4654.47 14415.5
1344000 4868.7 4901.81 4652.34 14422.8
1346000 4874.31 4913.23 4658.59 14446.1
1348000 4872.76 4929.98 4669.18 14471.9
1350000 4875.81 4945.02 4683.5 14504.3
1352000 4892.7 4947.41 4679.34 14519.4
1354000 4893.06 4947.34 4692.88 14533.3
1356000 4901.57 4947.09 4695.68 14544.3
1358000 4912.04 4946.14 4691.8 14550
1360000 4923.54 4954.76 4709.64 14587.9
1362000 4955.47 4960.45 4708.87 14624.8
1364000 4982.45 4985.1 4707.18 14674.7
1366000 4978.02 4996.33 4710.49 14684.8
1368000 4961.2 4998.79 4711.65 14671.6
1370000 4978.75 5009.73 4722.38 14710.9
1372000 4990.12 5016.3 4721.09 14727.5
1374000 4990.55 5034.59 4726.5 14751.6
1376000 5003.95 5030.18 4730.26 14764.4
1378000 5012.66 5029.02 4749 14790.7
1380000 5018.27 5039.92 4752.06 14810.2
1382000 5029.91 5045.98 4764.79 14840.7
1384000 5047.9 5057.55 4760.73 14866.2
1386000 5062.89 5071.08 4757.54 14891.5
1388000 5074.52 5075.55 4769.83 14919.9
1390000 5096.72 5082.54 4780.22 14959.5
1392000 5104.24 5084.32 4796.69 14985.2
1394000 5113.55 5069.81 4800.37 14983.7
1396000 5123.81 5082.75 4814.04 15020.6
1398000 5132.37 5107.52 4820.41 15060.3
1400000 5144.83 5127.09 4831.76 15103.7
1402000 5160.15 5130.8 4841.16 15132.1
1404000 5181.68 5131.71 4846.9 15160.3
1406000 5182.14 5148.89 4844.72 15175.8
1408000 5195.84 5156.24 4852.26 15204.3
1410000 5207.03 5168.25 4868.96 15244.2
1412000 5202.89 5175.72 4870.38 15249
1414000 5212.18 5183.95 4877.2 15273.3
1416000 5209.62 5195.96 4885.66 15291.2
1418000 5219.32 5214.67 4900.31 15334.3
1420000 5218.98 5216.44 4904.04 15339.5
1422000 5219.23 5210.03 4903.88 15333.1
1424000 5237.46 5212.51 4904.08 15354
1426000 5240.81 5217.98 4920.85 15379.6
1428000 5263.8 5214.53 4923.24 15401.6
1430000 5269.42 5222.72 4929.22 15421.4
1432000 5286.4 5215.51 4927.23 15429.1
1434000 5291.48 5226.51 4925.63 15443.6
1436000 5299.56 5231.04 4934.16 15464.8
1438000 5304.46 5238.43 4942.79 15485.7
1440000 5296.2 5259.31 4950.07 15505.6
1442000 5305.51 5256.34 4948.86 15510.7
1444000 5302.53 5265.06 4961.26 15528.9
1446000 5306.57 5254.19 4968.7 15529.5
1448000 5313.11 5264.29 4965.91 15543.3
1450000 5327.3 5269.49 4979.61 15576.4
1452000 5335.95 5269.43 4982.46 15587.8
1454000 5340.18 5267.05 4984.58 15591.8
1456000 5359.67 5278.34 4974.45 15612.5
1458000 5362.72 5272.96 4972.37 15608
1460000 5375.67 5300.54 4980.71 15656.9
1462000 5372.17 5309.93 4981.15 15663.2
1464000 5371.95 5327.79 4993.03 15692.8
1466000 5392.67 5326.76 4994.32 15713.8
1468000 5387.92 5349.6 4987.36 15724.9
1470000 5397.85 5348.57 5005.57 15752
1472000 5414.67 5346.37 5001.59 15762.6
1474000 5432.11 5346.24 5006.06 15784.4
1476000 5433.29 5362.35 5000.52 15796.2
1478000 5438.65 5361.33 5008.15 15808.1
1480000 5447.42 5365.6 5038 15851
1482000 5457.3 5364.67 5047.32 15869.3
1484000 5473.9 5373.52 5049.94 15897.4
1486000 5466.91 5372.98 5064.22 15904.1
1488000 5467.48 5399.3 5065.46 15932.2
1490000 5475.99 5400.28 5064.12 15940.4
1492000 5476.66 5400.56 5068.22 15945.4
1494000 5484.92 5409.04 5080.1 15974.1
1496000 5486.03 5409.6 5088.2 15983.8
1498000 5492.99 5419.43 5074.52 15986.9
1500000 5509.3 5422.92 5084.38 16016.6
1502000 5523.6 5421.88 5093.47 16039
1504000 5526.16 5427.07 5103.7 16056.9
1506000 5531.1 5429.24 5115.75 16076.1
1508000 5540.6 5432.5 5121.02 16094.1
1510000 5548.54 5439.8 5136.86 16125.2
1512000 5552.35 5452.57 5134.4 16139.3
1514000 5574.34 5452.36 5164.11 16190.8
1516000 5581.76 5459.65 5168.38 16209.8
1518000 5595.08 5456.61 5181.51 16233.2
1520000 5579.74 5450.67 5189.17 16219.6
1522000 5577.76 5465.06 5181.92 16224.7
1524000 5580.51 5468.12 5203.93 16252.6
1526000 5590.78 5469.94 5208.13 16268.9
1528000 5590.63 5476.7 5215.47 16282.8
1530000 5577.69 5466.05 5219.92 16263.7
1532000 5579.72 5494.08 5227.08 16300.9
1534000 5583.67 5483.84 5232.54 16300.1
1536000 5591.67 5497.57 5235.82 16325.1
1538000 5601.17 5510.67 5241.13 16353
1540000 5604.74 5536.4 5237.67 16378.8
1542000 5611.12 5541.7 5245.95 16398.8
1544000 5617.48 5548.73 5260.1 16426.3
1546000 5626 5556.92 5261.36 16444.3
1548000 5640.97 5570.66 5272.49 16484.1
1550000 5654.35 5581.59 5277.29 16513.2
1552000 5659.13 5598.37 5278.04 16535.5
1554000 5676.5 5600.92 5289.29 16566.7
1556000 5700.74 5613.62 5298.61 16613
1558000 5732.91 5615.1 5301.81 16649.8
1560000 5755.5 5639.62 5319.89 16715
1562000 5749.33 5646.18 5309.92 16705.4
1564000 5750.07 5656.96 5303.3 16710.3
1566000 5746.53 5660.94 5315.39 16722.9
1568000 5758.22 5672.88 5321.47 16752.6
1570000 5757.23 5670.22 5326.39 16753.8
1572000 5739.01 5676.71 5335.79 16751.5
1574000 5749.67 5687.56 5346.34 16783.6
1576000 5769.84 5688.92 5354.28 16813
1578000 5781.72 5686.62 5362.6 16830.9
1580000 5788.46 5693.09 5375.34 16856.9
1582000 5807.69 5706.84 5381.21 16895.7
1584000 5818.74 5717.82 5385.93 16922.5
1586000 5833.03 5714.42 5390.64 16938.1
1588000 5849.3 5718.24 5411.73 16979.3
1590000 5851.81 5719.39 5396.97 16968.2
1592000 5866.01 5726.29 5408.54 17000.8
1594000 5860.67 5738.81 5416.12 17015.6
1596000 5853.4 5730.72 5412.1 16996.2
1598000 5858.47 5730.82 5410.43 16999.7
1600000 5864.99 5733.14 5417.71 17015.8
1602000 5883.1 5737.64 5422.96 17043.7
1604000 5901.24 5748.35 5437.2 17086.8
1606000 5912.19 5724.02 5440.56 17076.8
1608000 5918.3 5727.11 5442.7 17088.1
1610000 5933.21 5725.99 5451.12 17110.3
1612000 5945.25 5742.09 5466.34 17153.7
1614000 5954.28 5722.65 5470.62 17147.5
1616000 5964.71 5734.63 5481.39 17180.7
1618000 5963.87 5756.17 5475.44 17195.5
1620000 5966.94 5750.32 5478.69 17196
1622000 5964.49 5758.4 5496.14 17219
1624000 5973.77 5785.73 5496.12 17255.6
1626000 5977 5790.92 5497.13 17265
1628000 5978.87 5803.19 5505.79 17287.8
1630000 5968.76 5817.01 5516.55 17302.3
1632000 5958.28 5831.38 5527.75 17317.4
1634000 5972.11 5838.56 5535.55 17346.2
1636000 5976.93 5849.92 5537.55 17364.4
1638000 5989.06 5841.31 5522.79 17353.2
1640000 5984.4 5847.39 5513.28 17345.1
1642000 6014.9 5858.83 5539.29 17413
1644000 6015.27 5871.19 5541.59 17428.1
1646000 6007.85 5872.88 5557.39 17438.1
1648000 5999.41 5882.63 5576.01 17458.1
1650000 6009.43 5898.24 5584.8 17492.5
1652000 6026.57 5907.38 5587.23 17521.2
1654000 6040.48 5909.81 5598.75 17549
1656000 6042.21 5922.85 5628.66 17593.7
1658000 6050.58 5926.15 5614.98 17591.7
1660000 6043.49 5930.73 5629.39 17603.6
1662000 6050.19 5952.36 5640.29 17642.8
1664000 6047.05 5964.87 5663.16 17675.1
1666000 6050.01 5967.83 5680.4 17698.2
1668000 6030.4 5981.44 5687.36 17699.2
1670000 6029.47 6009.73 5704.33 17743.5
1672000 6011.78 6023.82 5703.29 17738.9
1674000 6025.65 6028.12 5705.07 17758.8
1676000 6026.71 6047.46 5726.31 17800.5
1678000 6037.2 6059.85 5722.45 17819.5
1680000 6057.93 6085.31 5747.9 17891.1
1682000 6068.52 6082 5747.02 17897.5
1684000 6085.6 6089.98 5769.66 17945.2
1686000 6093.35 6094.48 5774.53 17962.4
1688000 6111.45 6097.62 5776.63 17985.7
1690000 6120.2 6107.27 5787.91 18015.4
1692000 6138.93 6114.63 5781.93 18035.5
1694000 6130.55 6117.26 5772.05 18019.9
1696000 6132.73 6119.75 5784.64 18037.1
1698000 6137.41 6120.93 5798.96 18057.3
1700000 6139.95 6142.21 5795.5 18077.7
1702000 6147.92 6154.55 5814.84 18117.3
1704000 6140.16 6166.45 5824.17 18130.8
1706000 6147.86 6178.69 5810.49 18137
1708000 6153.03 6180.75 5824.64 18158.4
1710000 6135.98 6191.14 5838.8 18165.9
1712000 6144.49 6216.07 5858.39 18219
1714000 6160.31 6210.26 5862.14 18232.7
1716000 6165.14 6221.15 5869.56 18255.9
1718000 6173.9 6220.11 5886.16 18280.2
1720000 6170.67 6234.21 5906.14 18311
1722000 6169.8 6250.33 5916.19 18336.3
1724000 6168.7 6264.51 5924.32 18357.5
1726000 6180.44 6266.38 5927.37 18374.2
1728000 6187.28 6280.01 5942.57 18409.9
1730000 6208.56 6306.26 5956.92 18471.7
1732000 6206.35 6320.4 5959.52 18486.3
1734000 6234.52 6311.42 5962.14 18508.1
1736000 6240.81 6307.57 5980.36 18528.7
1738000 6264.04 6312.1 5995.26 18571.4
1740000 6258.43 6334.33 5999.44 18592.2
1742000 6246.98 6348.53 5989.39 18584.9
1744000 6239.36 6350.65 5978.31 18568.3
1746000 6238.4 6340.29 5975.5 18554.2
1748000 6260.1 6331.65 5992.34 18584.1
1750000 6272.06 6331.37 6005.23 18608.7
1752000 6273.9 6346.81 6020.35 18641.1
1754000 6280.49 6354.17 6021.69 18656.3
1756000 6291.95 6381.9 6019.05 18692.9
1758000 6302.81 6398.75 6032.68 18734.2
1760000 6336.49 6406.21 6031.85 18774.5
1762000 6358.28 6395.87 6039.09 18793.2
1764000 6360.61 6407.74 6053.33 18821.7
1766000 6376.86 6404.04 6058.4 18839.3
1768000 6395.7 6408.8 6076.64 18881.1
1770000 6400.56 6422 6087.04 18909.6
1772000 6396.65 6429.82 6106.6 18933.1
1774000 6390.32 6426.3 6112.97 18929.6
1776000 6400.59 6439.56 6119.87 18960
1778000 6406.38 6446.25 6116.37 18969
1780000 6416.4 6458.06 6112.47 18986.9
1782000 6414.81 6463.44 6114.57 18992.8
1784000 6402.72 6488.93 6119.06 19010.7
1786000 6410.31 6485.36 6133.1 19028.8
1788000 6426.49 6496.27 6139.29 19062
1790000 6429.54 6515.11 6139.37 19084
1792000 6450.45 6526.51 6140.58 19117.5
1794000 6453.61 6519.27 6144.17 19117
1796000 6469.35 6526.56 6150.33 19146.2
1798000 6471.71 6530.42 6167.11 19169.2
1800000 6463.24 6528.64 6188.76 19180.6
1802000 6470.22 6529.69 6204.55 19204.5
1804000 6489.86 6530.4 6204.18 19224.4
1806000 6497.03 6540.09 6216.73 19253.8
1808000 6502.23 6557.56 6211.55 19271.3
1810000 6504.74 6557.76 6228.6 19291.1
1812000 6498.59 6564.6 6234.19 19297.4
1814000 6515.46 6559.73 6232.18 19307.4
1816000 6499.55 6563.49 6240.73 19303.8
1818000 6505.81 6584.19 6249.84 19339.8
1820000 6523.49 6575.79 6254.28 19353.6
1822000 6533.74 6587.93 6274.92 19396.6
1824000 6529.91 6616.32 6291.16 19437.4
1826000 6534.75 6638.53 6292.99 19466.3
1828000 6553.22 6629.4 6311.67 19494.3
1830000 6545.46 6638.43 6323.42 19507.3
1832000 6581.15 6640.82 6324.03 19546
1834000 6592.55 6654.52 6339.83 19586.9
1836000 6618.82 6672.68 6341.68 19633.2
1838000 6611.12 6688.14 6346.92 19646.2
1840000 6608.63 6696.24 6366.28 19671.2
1842000 6623.54 6695.78 6386.95 19706.3
1844000 6619.06 6720.16 6383.87 19723.1
1846000 6630.67 6740.75 6399.94 19771.4
1848000 6637.85 6749.67 6414.88 19802.4
1850000 6664.43 6760.55 6422.76 19847.7
1852000 6688.16 6768.35 6452.56 19909.1
1854000 6689.62 6773.13 6470.56 19933.3
1856000 6702.48 6776.25 6480.93 19959.7
1858000 6726.4 6778.47 6499.48 20004.4
1860000 6749.87 6813.37 6510.13 20073.4
1862000 6751.97 6798.64 6521.39 20072
1864000 6758.83 6792.55 6541.97 20093.4
1866000 6764.31 6813.35 6548.21 20125.9
1868000 6780.02 6832.81 6558.85 20171.7
1870000 6777.44 6822.27 6566.46 20166.2
1872000 6790.07 6836.44 6559.74 20186.2
1874000 6777.46 6853.91 6558.8 20190.2
1876000 6781.59 6852.26 6575.29 20209.1
1878000 6774.98 6863.9 6593.35 20232.2
1880000 6779.79 6875.06 6600.44 20255.3
1882000 6776.85 6875.44 6617.25 20269.5
1884000 6784.23 6881.13 6631.7 20297.1
1886000 6788.6 6890.2 6639.86 20318.7
1888000 6802.35 6906.39 6656.02 20364.8
1890000 6809.36 6914.14 6658.18 20381.7
1892000 6811.51 6919.98 6658.32 20389.8
1894000 6823.43 6914.06 6657.23 20394.7
1896000 6846.1 6936.76 6639.53 20422.4
1898000 6856.84 6933.05 6638.07 20428
1900000 6860.04 6941.66 6632.96 20434.7
1902000 6869.32 6952.82 6643.35 20465.5
1904000 6874.24 6968.09 6652.44 20494.8
1906000 6866.83 6979.79 6660.04 20506.7
1908000 6862.61 6991.52 6648.22 20502.3
1910000 6849.53 7013.23 6667.57 20530.3
1912000 6855.49 7033.12 6680.96 20569.6
1914000 6865.1 7034.05 6692.84 20592
1916000 6875.3 7029.22 6699.15 20603.7
1918000 6882.2 7023.93 6713.81 20619.9
1920000 6884.94 7027.26 6723.71 20635.9
1922000 6907.87 7031.06 6733.85 20672.8
1924000 6899.25 7025.61 6749.16 20674
1926000 6912.22 7042.44 6769.42 20724.1
1928000 6916.18 7056.41 6774.4 20747
1930000 6919.57 7075.65 6793.49 20788.7
1932000 6923.2 7087.04 6800.85 20811.1
1934000 6916.59 7108.8 6804.73 20830.1
1936000 6922.74 7116.16 6821.09 20860
1938000 6922.49 7123.05 6808.53 20854.1
1940000 6932.77 7144.06 6816.51 20893.3
1942000 6942.93 7162.04 6808.62 20913.6
1944000 6951.74 7150.49 6837.8 20940
1946000 6949.4 7158.87 6871.18 20979.4
1948000 6960.6 7168.7 6883.69 21013
1950000 6980.12 7165.56 6896.03 21041.7
1952000 6995.84 7173.87 6918.14 21087.8
1954000 7003.85 7173.74 6933.9 21111.5
1956000 7023.29 7186.67 6933.92 21143.9
1958000 7026.47 7210.93 6927.53 21164.9
1960000 7048.88 7211.09 6953.02 21213
1962000 7049 7209.67 6967.76 21226.4
1964000 7059.3 7232.86 6980.26 21272.4
1966000 7059.31 7249.85 7000.69 21309.8
1968000 7061.26 7259.41 7002.59 21323.3
1970000 7069.53 7264.94 7012 21346.5
1972000 7085.76 7257.85 7010.61 21354.2
1974000 7091.66 7261.58 7011.85 21365.1
1976000 7104.92 7248.72 7020.65 21374.3
1978000 7116.16 7245.01 7043.93 21405.1
1980000 7146.22 7229.13 7063.48 21438.8
1982000 7169.23 7228.25 7063.43 21460.9
1984000 7169.6 7240.35 7075.12 21485.1
1986000 7170.14 7242.48 7075.27 21487.9
1988000 7190.05 7255.1 7096.51 21541.7
1990000 7206.27 7279.45 7105.36 21591.1
1992000 7195.78 7289.78 7105.11 21590.7
1994000 7199.58 7304.07 7104.57 21608.2
1996000 7182.68 7326.58 7110.66 21619.9
1998000 7192.71 7330.53 7126.79 21650
2000000 7202.56 7319.6 7138.82 21661
