# Time-averaged data for fix savemsd
# TimeStep c_msd[1] c_msd[2] c_msd[3] c_msd[4]
0 1.82607e-33 0 3.22483e-30 3.22666e-30
2000 0.0402397 0.0422636 0.0444196 0.126923
4000 0.0494837 0.0513339 0.0562667 0.157084
6000 0.0687978 0.0575023 0.0591124 0.185413
8000 0.0757994 0.0667832 0.0706325 0.213215
10000 0.0838026 0.0767482 0.0828561 0.243407
12000 0.0885186 0.0839317 0.0955139 0.267964
14000 0.088943 0.0869855 0.0946685 0.270597
16000 0.088749 0.095622 0.104279 0.28865
18000 0.0935474 0.0957489 0.110353 0.299649
20000 0.0899295 0.10018 0.109885 0.299994
22000 0.0956564 0.0959257 0.113613 0.305195
24000 0.0986152 0.113276 0.122298 0.334189
26000 0.105801 0.110128 0.127265 0.343194
28000 0.109904 0.120328 0.125803 0.356036
30000 0.116997 0.121801 0.125904 0.364702
32000 0.126798 0.134471 0.134399 0.395669
34000 0.127806 0.144787 0.135982 0.408574
36000 0.133325 0.150527 0.138524 0.422376
38000 0.136729 0.158802 0.142383 0.437914
40000 0.144639 0.168538 0.155592 0.46877
42000 0.149895 0.173336 0.155442 0.478674
44000 0.148235 0.173764 0.157371 0.47937
46000 0.153081 0.180657 0.173662 0.5074
48000 0.159186 0.190833 0.180923 0.530942
50000 0.17229 0.206898 0.185898 0.565087
52000 0.181513 0.207121 0.193097 0.581731
54000 0.181632 0.206526 0.197199 0.585357
56000 0.192644 0.216145 0.215737 0.624526
58000 0.19627 0.232114 0.221305 0.649689
60000 0.202262 0.234192 0.229936 0.666389
62000 0.205341 0.238994 0.230962 0.675296
64000 0.212562 0.238173 0.251703 0.702438
66000 0.219482 0.248695 0.24716 0.715337
68000 0.233005 0.254113 0.261306 0.748424
70000 0.235828 0.249283 0.26416 0.749271
72000 0.246282 0.267576 0.270009 0.783868
74000 0.245659 0.26669 0.268726 0.781075
76000 0.244984 0.266447 0.271059 0.782489
78000 0.249559 0.269424 0.266518 0.785502
80000 0.264173 0.271807 0.272109 0.808089
82000 0.266811 0.274982 0.279647 0.82144
84000 0.264532 0.275247 0.299994 0.839773
86000 0.26466 0.285737 0.29042 0.840818
88000 0.268631 0.289007 0.303085 0.860722
90000 0.271208 0.294318 0.303035 0.868561
92000 0.27599 0.292393 0.315337 0.88372
94000 0.278283 0.305983 0.307781 0.892047
96000 0.286345 0.305404 0.326857 0.918606
98000 0.28304 0.312238 0.319571 0.914849
100000 0.292279 0.308298 0.323968 0.924545
102000 0.30726 0.320854 0.336656 0.964769
104000 0.307078 0.310151 0.331927 0.949156
106000 0.313507 0.313617 0.347827 0.974951
108000 0.322482 0.312568 0.382043 1.01709
110000 0.323529 0.310458 0.383773 1.01776
112000 0.336969 0.310286 0.382283 1.02954
114000 0.348133 0.332461 0.387694 1.06829
116000 0.355678 0.342532 0.396658 1.09487
118000 0.368443 0.342704 0.401073 1.11222
120000 0.35936 0.361784 0.40875 1.12989
122000 0.36835 0.357486 0.410366 1.1362
124000 0.368444 0.357431 0.414237 1.14011
126000 0.383205 0.370253 0.428185 1.18164
128000 0.399674 0.37991 0.43682 1.2164
130000 0.405366 0.387097 0.442599 1.23506
132000 0.405959 0.393086 0.440121 1.23917
134000 0.421751 0.406575 0.451645 1.27997
136000 0.417285 0.399091 0.453419 1.2698
138000 0.419902 0.406925 0.468717 1.29554
140000 0.428753 0.412988 0.482931 1.32467
142000 0.438796 0.419206 0.499548 1.35755
144000 0.450992 0.412673 0.518705 1.38237
146000 0.46156 0.419001 0.519684 1.40025
148000 0.465635 0.42763 0.54207 1.43534
150000 0.476131 0.433238 0.54083 1.4502
152000 0.490815 0.461576 0.54861 1.501
154000 0.495167 0.468158 0.549166 1.51249
156000 0.499272 0.461 0.548035 1.50831
158000 0.50612 0.476713 0.557813 1.54065
160000 0.514602 0.490362 0.55958 1.56454
162000 0.53015 0.488824 0.570459 1.58943
164000 0.51965 0.48752 0.567198 1.57437
166000 0.54665 0.491817 0.583044 1.62151
168000 0.549876 0.490572 0.58042 1.62087
170000 0.551663 0.49636 0.601217 1.64924
172000 0.561544 0.513352 0.600207 1.6751
174000 0.569384 0.511445 0.61211 1.69294
176000 0.576381 0.510301 0.637208 1.72389
178000 0.586093 0.519329 0.641146 1.74657
180000 0.58599 0.522837 0.641672 1.7505
182000 0.595066 0.520371 0.661774 1.77721
184000 0.610173 0.52458 0.643438 1.77819
186000 0.619531 0.544705 0.666737 1.83097
188000 0.616138 0.530182 0.668747 1.81507
190000 0.622826 0.538875 0.66696 1.82866
192000 0.628758 0.535177 0.668123 1.83206
194000 0.621853 0.559569 0.689561 1.87098
196000 0.636504 0.56607 0.700275 1.90285
198000 0.650347 0.572455 0.70107 1.92387
200000 0.662258 0.58361 0.713145 1.95901
202000 0.674678 0.582262 0.71398 1.97092
204000 0.693221 0.599322 0.717345 2.00989
206000 0.693887 0.588736 0.724653 2.00728
208000 0.690974 0.594104 0.722862 2.00794
210000 0.709714 0.59874 0.727886 2.03634
212000 0.708737 0.605684 0.739765 2.05419
214000 0.721636 0.609634 0.74685 2.07812
216000 0.712851 0.610709 0.749349 2.07291
218000 0.731922 0.606226 0.763193 2.10134
220000 0.730707 0.627004 0.766757 2.12447
222000 0.72364 0.611577 0.764626 2.09984
224000 0.727059 0.632924 0.767984 2.12797
226000 0.73673 0.64462 0.784004 2.16535
228000 0.745714 0.644912 0.771163 2.16179
230000 0.757929 0.671794 0.796547 2.22627
232000 0.764942 0.677386 0.806929 2.24926
234000 0.768769 0.709633 0.814871 2.29327
236000 0.775054 0.703214 0.827318 2.30559
238000 0.780101 0.702829 0.829088 2.31202
240000 0.7722 0.708472 0.822683 2.30336
242000 0.78965 0.710174 0.824143 2.32397
244000 0.777729 0.706972 0.83045 2.31515
246000 0.798542 0.715283 0.845342 2.35917
248000 0.802079 0.709773 0.863044 2.3749
250000 0.817722 0.726101 0.868795 2.41262
252000 0.818372 0.725314 0.870894 2.41458
254000 0.817507 0.738574 0.890947 2.44703
256000 0.830891 0.743512 0.890378 2.46478
258000 0.826172 0.753993 0.890537 2.4707
260000 0.836874 0.754726 0.908073 2.49967
262000 0.853343 0.75345 0.917046 2.52384
264000 0.845206 0.765048 0.938697 2.54895
266000 0.846278 0.782592 0.926365 2.55524
268000 0.855827 0.785038 0.934379 2.57524
270000 0.857951 0.787313 0.927693 2.57296
272000 0.862252 0.795505 0.930416 2.58817
274000 0.869794 0.801982 0.947596 2.61937
276000 0.887719 0.799233 0.93354 2.62049
278000 0.879226 0.807881 0.935425 2.62253
280000 0.870328 0.805949 0.932096 2.60837
282000 0.880297 0.821224 0.949738 2.65126
284000 0.877797 0.823989 0.933305 2.63509
286000 0.900694 0.820822 0.955204 2.67672
288000 0.912887 0.827529 0.944744 2.68516
290000 0.899827 0.829156 0.969364 2.69835
292000 0.908949 0.835438 0.973883 2.71827
294000 0.910804 0.850633 0.97587 2.73731
296000 0.912051 0.861547 0.999077 2.77267
298000 0.937725 0.850512 0.97939 2.76763
300000 0.950678 0.865187 1.00096 2.81682
302000 0.961861 0.871851 1.02291 2.85662
304000 0.952035 0.867724 1.03547 2.85523
306000 0.970032 0.891774 1.04018 2.90198
308000 0.971602 0.875563 1.02728 2.87445
310000 0.988455 0.906471 1.04513 2.94006
312000 0.985195 0.89477 1.05582 2.93578
314000 1.00592 0.903438 1.0469 2.95626
316000 1.01224 0.899406 1.07718 2.98882
318000 1.01437 0.917658 1.07227 3.0043
320000 1.02465 0.925265 1.06277 3.01268
322000 1.02248 0.928755 1.06179 3.01302
324000 1.02906 0.93288 1.07245 3.03439
326000 1.04237 0.961132 1.0871 3.0906
328000 1.04393 0.948297 1.11737 3.1096
330000 1.04993 0.95521 1.12337 3.12851
332000 1.07027 0.974486 1.13034 3.1751
334000 1.04729 0.97978 1.13978 3.16685
336000 1.08272 0.986999 1.13894 3.20866
338000 1.06765 1.00011 1.13028 3.19804
340000 1.08524 1.00992 1.16384 3.259
342000 1.09589 1.01356 1.1634 3.27286
344000 1.10215 1.00719 1.15942 3.26876
346000 1.1012 1.02378 1.16969 3.29467
348000 1.12831 1.02382 1.16782 3.31995
350000 1.12558 1.02416 1.18157 3.33131
352000 1.14392 1.03669 1.18309 3.36371
354000 1.14198 1.03717 1.18494 3.36409
356000 1.13811 1.05235 1.19099 3.38144
358000 1.15215 1.06976 1.19846 3.42036
360000 1.16882 1.06297 1.18805 3.41985
362000 1.18677 1.07739 1.19496 3.45911
364000 1.20396 1.0746 1.19996 3.47853
366000 1.20892 1.07226 1.20768 3.48886
368000 1.19532 1.08524 1.21843 3.49899
370000 1.20072 1.08964 1.21036 3.50071
372000 1.21701 1.09985 1.22844 3.54529
374000 1.22328 1.11518 1.23433 3.57279
376000 1.21704 1.10807 1.24035 3.56547
378000 1.2303 1.117 1.24438 3.59168
380000 1.23098 1.12683 1.27498 3.63279
382000 1.23462 1.13362 1.26993 3.63818
384000 1.24286 1.14549 1.28145 3.66981
386000 1.24486 1.14687 1.28967 3.6814
388000 1.26344 1.15002 1.30205 3.71551
390000 1.25878 1.15253 1.32191 3.73322
392000 1.27089 1.16402 1.33182 3.76673
394000 1.28282 1.16966 1.33693 3.78941
396000 1.2876 1.17565 1.33434 3.79759
398000 1.29483 1.16772 1.32744 3.78999
400000 1.29984 1.17893 1.33369 3.81246
402000 1.30302 1.19255 1.34505 3.84061
404000 1.32217 1.19337 1.35571 3.87125
406000 1.32339 1.19686 1.37844 3.8987
408000 1.31998 1.20141 1.34684 3.86823
410000 1.30685 1.21089 1.3578 3.87553
412000 1.3434 1.21004 1.37464 3.92808
414000 1.33312 1.22692 1.3683 3.92833
416000 1.33289 1.21999 1.39701 3.94988
418000 1.35888 1.22951 1.39036 3.97875
420000 1.35882 1.24518 1.38434 3.98834
422000 1.3684 1.24252 1.38705 3.99797
424000 1.39227 1.25813 1.4058 4.0562
426000 1.38449 1.26543 1.40741 4.05732
428000 1.37349 1.27187 1.41015 4.05552
430000 1.39993 1.30209 1.42036 4.12238
432000 1.40128 1.30698 1.43097 4.13923
434000 1.40388 1.30138 1.44389 4.14915
436000 1.42264 1.30819 1.44568 4.17651
438000 1.42061 1.31599 1.45172 4.18832
440000 1.42023 1.3222 1.44431 4.18673
442000 1.42403 1.31534 1.45823 4.19761
444000 1.43552 1.33454 1.45849 4.22855
446000 1.45708 1.33431 1.48033 4.27173
448000 1.46365 1.34793 1.47645 4.28803
450000 1.45304 1.34478 1.46734 4.26515
452000 1.49313 1.35135 1.475 4.31948
454000 1.47724 1.36354 1.49103 4.33181
456000 1.488 1.37889 1.4986 4.36549
458000 1.5145 1.37862 1.52467 4.41779
460000 1.50165 1.38696 1.50495 4.39355
462000 1.51047 1.37132 1.51818 4.39996
464000 1.52313 1.40048 1.53107 4.45468
466000 1.53537 1.42294 1.53214 4.49045
468000 1.53578 1.41379 1.52997 4.47954
470000 1.54692 1.42054 1.52775 4.4952
472000 1.53189 1.42758 1.54005 4.49952
474000 1.54428 1.40431 1.52416 4.47274
476000 1.56176 1.42275 1.53904 4.52355
478000 1.59224 1.45253 1.56996 4.61473
480000 1.59922 1.45874 1.59275 4.65071
482000 1.59513 1.47243 1.5915 4.65906
484000 1.60736 1.46231 1.61069 4.68035
486000 1.60796 1.46696 1.6011 4.67602
488000 1.62694 1.47574 1.58379 4.68646
490000 1.65062 1.47797 1.62085 4.74944
492000 1.63884 1.51153 1.63058 4.78095
494000 1.64323 1.50213 1.638 4.78336
496000 1.65089 1.51679 1.63405 4.80172
498000 1.65403 1.51389 1.66026 4.82818
500000 1.65091 1.49194 1.635 4.77785
502000 1.6586 1.51537 1.65323 4.8272
504000 1.66879 1.51631 1.6584 4.8435
506000 1.68547 1.53464 1.68265 4.90276
508000 1.70856 1.55818 1.68458 4.95133
510000 1.68362 1.54003 1.67305 4.8967
512000 1.68836 1.54362 1.66427 4.89624
514000 1.71089 1.55622 1.68202 4.94912
516000 1.7173 1.59077 1.69169 4.99976
518000 1.74438 1.5949 1.6971 5.03637
520000 1.72608 1.59968 1.67946 5.00522
522000 1.75601 1.60786 1.69932 5.06319
524000 1.75384 1.60371 1.67952 5.03707
526000 1.75413 1.61854 1.68645 5.05912
528000 1.76379 1.60129 1.69938 5.06446
530000 1.76148 1.60473 1.68493 5.05115
532000 1.76626 1.61202 1.71362 5.0919
534000 1.77368 1.61065 1.72118 5.10551
536000 1.78568 1.61619 1.7577 5.15957
538000 1.78125 1.62853 1.76565 5.17542
540000 1.77391 1.65284 1.74698 5.17373
542000 1.79338 1.63862 1.77243 5.20443
544000 1.7966 1.63117 1.77221 5.19999
546000 1.80332 1.64562 1.78069 5.22964
548000 1.81167 1.64106 1.79773 5.25046
550000 1.82599 1.64489 1.8288 5.29968
552000 1.82363 1.64541 1.84486 5.3139
554000 1.82138 1.67613 1.84895 5.34646
556000 1.83632 1.68305 1.83183 5.35121
558000 1.8507 1.68126 1.84452 5.37649
560000 1.83479 1.68417 1.869 5.38796
562000 1.87654 1.67782 1.87315 5.42751
564000 1.86092 1.70246 1.86914 5.43252
566000 1.87397 1.68283 1.90123 5.45803
568000 1.86805 1.66632 1.87408 5.40844
570000 1.85998 1.70808 1.87887 5.44693
572000 1.88895 1.71324 1.89104 5.49323
574000 1.8776 1.71429 1.91013 5.50202
576000 1.89848 1.72507 1.92503 5.54858
578000 1.86948 1.72095 1.90507 5.49549
580000 1.88533 1.7373 1.93073 5.55337
582000 1.88631 1.73192 1.9253 5.54353
584000 1.89957 1.72485 1.91806 5.54248
586000 1.89533 1.73533 1.92084 5.55149
588000 1.89447 1.74217 1.91751 5.55415
590000 1.89778 1.72797 1.93337 5.55913
592000 1.90969 1.74442 1.94596 5.60007
594000 1.90046 1.74763 1.939 5.58709
596000 1.91355 1.75233 1.94699 5.61287
598000 1.95244 1.77451 1.95382 5.68076
600000 1.93718 1.7829 1.97767 5.69774
602000 1.92815 1.77693 1.98244 5.68751
604000 1.92763 1.79283 1.9902 5.71066
606000 1.96076 1.80506 1.98007 5.74588
608000 1.94045 1.79494 2.01256 5.74794
610000 1.961 1.8122 2.02755 5.80075
612000 1.99185 1.836 2.0521 5.87995
614000 1.98203 1.82943 2.02873 5.8402
616000 1.96932 1.84013 2.03773 5.84717
618000 1.99695 1.86837 2.02089 5.88621
620000 2.00122 1.85773 2.02983 5.88878
622000 2.0526 1.87195 2.03673 5.96128
624000 2.02063 1.85382 2.02395 5.89841
626000 2.0352 1.86787 2.04364 5.9467
628000 2.038 1.88852 2.04848 5.975
630000 2.01981 1.88063 2.04431 5.94475
632000 2.0438 1.90245 2.07564 6.0219
634000 2.07305 1.89451 2.06565 6.03321
636000 2.08305 1.9217 2.07498 6.07973
638000 2.12367 1.9164 2.08894 6.12901
640000 2.11753 1.90535 2.082 6.10488
642000 2.10051 1.93381 2.09634 6.13066
644000 2.12973 1.93137 2.08928 6.15038
646000 2.1452 1.94567 2.08609 6.17696
648000 2.15307 1.93383 2.12531 6.21221
650000 2.17797 1.95116 2.1356 6.26473
652000 2.16637 1.96024 2.11397 6.24058
654000 2.18087 1.96496 2.1211 6.26693
656000 2.16424 1.97791 2.10554 6.24769
658000 2.18044 1.97353 2.12433 6.2783
660000 2.18476 1.98921 2.13261 6.30658
662000 2.18366 1.96956 2.13996 6.29318
664000 2.20611 1.9932 2.16158 6.36089
666000 2.22758 1.9816 2.17138 6.38056
668000 2.22882 1.99409 2.16946 6.39236
670000 2.24964 1.99916 2.19555 6.44436
672000 2.25714 2.01657 2.20081 6.47452
674000 2.30831 2.01104 2.18464 6.50398
676000 2.2797 2.00145 2.18401 6.46516
678000 2.28328 2.02423 2.18906 6.49656
680000 2.27634 2.00341 2.19863 6.47838
682000 2.28874 2.01838 2.21149 6.5186
684000 2.29375 2.02201 2.22121 6.53698
686000 2.31224 2.03291 2.20114 6.54629
688000 2.30595 2.04501 2.22804 6.579
690000 2.30221 2.0546 2.23404 6.59085
692000 2.32413 2.05246 2.25053 6.62711
694000 2.31212 2.03606 2.26414 6.61232
696000 2.31682 2.04524 2.26712 6.62917
698000 2.34161 2.03643 2.25808 6.63613
700000 2.31021 2.05575 2.2689 6.63485
702000 2.31953 2.04632 2.2722 6.63805
704000 2.33294 2.0614 2.31009 6.70443
706000 2.3421 2.07593 2.30608 6.72411
708000 2.33839 2.08944 2.31794 6.74577
710000 2.37993 2.08415 2.33398 6.79805
712000 2.36183 2.09674 2.34327 6.80184
714000 2.36187 2.10264 2.34335 6.80785
716000 2.37401 2.09823 2.37015 6.84239
718000 2.38005 2.09336 2.36433 6.83773
720000 2.38221 2.10628 2.38686 6.87535
722000 2.4144 2.12942 2.38274 6.92657
724000 2.38095 2.11848 2.3851 6.88453
726000 2.39875 2.12267 2.37791 6.89933
728000 2.39687 2.12244 2.38561 6.90492
730000 2.41363 2.12342 2.39643 6.93348
732000 2.43851 2.12896 2.40258 6.97005
734000 2.43225 2.13791 2.40643 6.97659
736000 2.42861 2.15804 2.40131 6.98795
738000 2.44943 2.16973 2.43249 7.05165
740000 2.43984 2.16665 2.44338 7.04986
742000 2.44447 2.18754 2.41999 7.052
744000 2.43156 2.19049 2.42565 7.0477
746000 2.44879 2.18303 2.43354 7.06537
748000 2.46472 2.18591 2.43374 7.08438
750000 2.43792 2.2027 2.45291 7.09353
752000 2.45977 2.20727 2.4593 7.12633
754000 2.4846 2.20628 2.46494 7.15581
756000 2.4965 2.22249 2.45981 7.1788
758000 2.49066 2.22188 2.46746 7.18
760000 2.49986 2.21682 2.46963 7.18632
762000 2.52588 2.20969 2.49616 7.23173
764000 2.49507 2.21981 2.50076 7.21564
766000 2.50712 2.21905 2.49775 7.22392
768000 2.51756 2.24052 2.52302 7.2811
770000 2.52566 2.2369 2.50981 7.27237
772000 2.53434 2.2424 2.51975 7.29649
774000 2.51477 2.22987 2.53049 7.27513
776000 2.51489 2.24384 2.5024 7.26113
778000 2.54156 2.24853 2.52123 7.31132
780000 2.56338 2.2504 2.52681 7.34059
782000 2.55591 2.2731 2.55819 7.38721
784000 2.57588 2.26241 2.55433 7.39262
786000 2.58572 2.27869 2.56003 7.42444
788000 2.58939 2.2901 2.55145 7.43093
790000 2.59161 2.29109 2.56702 7.44972
792000 2.58531 2.30851 2.57339 7.46721
794000 2.60534 2.32799 2.58517 7.5185
796000 2.59048 2.35188 2.59514 7.5375
798000 2.59155 2.32861 2.58349 7.50365
800000 2.60705 2.3637 2.62024 7.59099
802000 2.61243 2.34969 2.63041 7.59253
804000 2.61774 2.36144 2.62665 7.60584
806000 2.63046 2.34412 2.66562 7.64021
808000 2.63613 2.36967 2.64925 7.65505
810000 2.63591 2.3455 2.69097 7.67239
812000 2.661 2.37664 2.70224 7.73988
814000 2.65672 2.36277 2.69759 7.71708
816000 2.6692 2.39583 2.72258 7.78761
818000 2.64947 2.38686 2.69617 7.7325
820000 2.66691 2.38012 2.72194 7.76897
822000 2.68855 2.37937 2.71867 7.78659
824000 2.68022 2.38346 2.73137 7.79506
826000 2.6721 2.38921 2.76011 7.82142
828000 2.70091 2.41608 2.75329 7.87028
830000 2.69711 2.42478 2.78567 7.90757
832000 2.69423 2.45245 2.79734 7.94402
834000 2.69426 2.43476 2.80569 7.93471
836000 2.72278 2.44309 2.79883 7.9647
838000 2.7294 2.44106 2.80946 7.97993
840000 2.74968 2.45901 2.79959 8.00828
842000 2.75882 2.4647 2.80664 8.03016
844000 2.76783 2.48773 2.82319 8.07874
846000 2.77796 2.47638 2.83115 8.08549
848000 2.78118 2.4983 2.81782 8.0973
850000 2.77226 2.47664 2.84244 8.09134
852000 2.77472 2.53631 2.84054 8.15157
854000 2.8023 2.52123 2.81551 8.13904
856000 2.80238 2.51693 2.83683 8.15615
858000 2.78546 2.54574 2.86028 8.19149
860000 2.78579 2.57417 2.85175 8.21171
862000 2.77073 2.51809 2.86739 8.15621
864000 2.80205 2.55749 2.85728 8.21682
866000 2.81383 2.57303 2.88656 8.27342
868000 2.81514 2.57963 2.87892 8.27369
870000 2.82976 2.59198 2.89597 8.3177
872000 2.83531 2.61064 2.88771 8.33366
874000 2.83018 2.58043 2.89243 8.30304
876000 2.84335 2.59101 2.87523 8.30959
878000 2.8614 2.59133 2.91172 8.36444
880000 2.85665 2.62097 2.89698 8.37461
882000 2.85599 2.61557 2.91407 8.38563
884000 2.88051 2.61267 2.91657 8.40974
886000 2.86189 2.64041 2.91873 8.42102
888000 2.87561 2.65121 2.92038 8.44719
890000 2.86564 2.64927 2.89382 8.40873
892000 2.88988 2.65699 2.94907 8.49594
894000 2.86932 2.66839 2.96033 8.49804
896000 2.88268 2.654 2.94625 8.48292
898000 2.90173 2.65951 2.95598 8.51722
900000 2.87964 2.65593 2.97639 8.51197
902000 2.89624 2.68844 2.99598 8.58066
904000 2.88816 2.66241 2.99055 8.54113
906000 2.93215 2.67161 3.00864 8.61239
908000 2.92237 2.71381 3.01097 8.64715
910000 2.92591 2.69579 2.98871 8.61042
912000 2.92263 2.68547 3.01191 8.62001
914000 2.94053 2.70326 2.98631 8.6301
916000 2.95399 2.69979 3.0233 8.67708
918000 2.97089 2.70602 3.02159 8.6985
920000 2.97797 2.71234 3.03099 8.7213
922000 2.99655 2.70349 3.05011 8.75015
924000 3.01258 2.72578 3.05279 8.79115
926000 3.02718 2.72063 3.02755 8.77537
928000 3.03266 2.73264 3.0524 8.81769
930000 3.01251 2.72041 3.04859 8.78151
932000 3.05038 2.71674 3.07242 8.83954
934000 3.08896 2.72911 3.0712 8.88926
936000 3.06781 2.75555 3.07791 8.90126
938000 3.06947 2.75166 3.06446 8.88559
940000 3.09713 2.76839 3.08391 8.94944
942000 3.12226 2.77325 3.11074 9.00626
944000 3.11283 2.78596 3.12111 9.0199
946000 3.10218 2.79261 3.12661 9.0214
948000 3.10942 2.77267 3.07436 8.95645
950000 3.09939 2.80001 3.11637 9.01577
952000 3.10811 2.79939 3.14042 9.04792
954000 3.14124 2.79627 3.14548 9.08298
956000 3.1171 2.80973 3.14173 9.06855
958000 3.12374 2.79787 3.14006 9.06167
960000 3.12929 2.81368 3.12614 9.06912
962000 3.11581 2.80781 3.14529 9.06891
964000 3.10401 2.80311 3.15314 9.06026
966000 3.1402 2.82292 3.14592 9.10904
968000 3.12389 2.80231 3.16404 9.09024
970000 3.11928 2.80497 3.16112 9.08536
972000 3.13546 2.78943 3.14811 9.073
974000 3.1216 2.78775 3.14158 9.05093
976000 3.11101 2.80144 3.14175 9.05419
978000 3.12574 2.79549 3.17995 9.10118
980000 3.12852 2.81115 3.18451 9.12418
982000 3.14219 2.77411 3.16108 9.07738
984000 3.14481 2.80072 3.17981 9.12535
986000 3.11838 2.80691 3.13634 9.06163
988000 3.13441 2.80758 3.17757 9.11956
990000 3.13614 2.81095 3.14707 9.09416
992000 3.13261 2.79901 3.14921 9.08083
994000 3.1259 2.80349 3.16117 9.09056
996000 3.11717 2.79154 3.19104 9.09974
998000 3.1272 2.79688 3.1712 9.09528
1000000 3.14152 2.80645 3.182 9.12997
1002000 3.13089 2.81127 3.17836 9.12052
1004000 3.13888 2.81741 3.18716 9.14345
1006000 3.14251 2.81912 3.20176 9.16339
1008000 3.17055 2.81289 3.19635 9.17979
1010000 3.17943 2.8428 3.20063 9.22286
1012000 3.17291 2.83475 3.19635 9.204
1014000 3.19089 2.82429 3.22606 9.24123
1016000 3.20158 2.88718 3.20891 9.29767
1018000 3.1929 2.85618 3.2198 9.26888
1020000 3.19202 2.88365 3.21473 9.2904
1022000 3.20367 2.86106 3.19809 9.26282
1024000 3.18397 2.90532 3.21994 9.30922
1026000 3.21219 2.88897 3.2231 9.32426
1028000 3.21404 2.89824 3.24437 9.35664
1030000 3.198 2.90222 3.24814 9.34836
1032000 3.20974 2.90365 3.25225 9.36564
1034000 3.1877 2.9208 3.25443 9.36293
1036000 3.22089 2.91867 3.26996 9.40952
1038000 3.25415 2.94459 3.27493 9.47367
1040000 3.24826 2.95166 3.27149 9.4714
1042000 3.2371 2.92456 3.27139 9.43305
1044000 3.24648 2.93944 3.27616 9.46208
1046000 3.21067 2.94181 3.27132 9.4238
1048000 3.22509 2.94222 3.29404 9.46136
1050000 3.25891 2.95124 3.29315 9.5033
1052000 3.25159 2.96145 3.29391 9.50696
1054000 3.2394 2.96487 3.2856 9.48987
1056000 3.28328 2.93535 3.30878 9.52741
1058000 3.27596 2.94032 3.31582 9.5321
1060000 3.25647 2.95799 3.31761 9.53206
1062000 3.27605 2.96161 3.33187 9.56953
1064000 3.29506 2.97392 3.35225 9.62124
1066000 3.29489 2.95493 3.37079 9.6206
1068000 3.30554 2.9798 3.37512 9.66046
1070000 3.30257 2.99338 3.36372 9.65968
1072000 3.32311 2.98055 3.36228 9.66594
1074000 3.31014 2.98085 3.36007 9.65106
1076000 3.34208 2.98597 3.39996 9.72801
1078000 3.30973 2.97441 3.40038 9.68452
1080000 3.35327 3.00297 3.41246 9.76869
1082000 3.35301 3.0017 3.38566 9.74037
1084000 3.38068 3.00712 3.46207 9.84987
1086000 3.38973 3.03238 3.4514 9.87351
1088000 3.38347 3.01072 3.47223 9.86642
1090000 3.3714 3.04175 3.48046 9.89361
1092000 3.36586 3.05806 3.46415 9.88807
1094000 3.42917 3.04639 3.47175 9.94732
1096000 3.46061 3.05925 3.47098 9.99084
1098000 3.4488 3.03647 3.50063 9.9859
1100000 3.42175 3.06548 3.47346 9.96068
1102000 3.43102 3.07156 3.50844 10.011
1104000 3.44805 3.09311 3.49658 10.0377
1106000 3.45713 3.10921 3.5137 10.08
1108000 3.45414 3.116 3.54517 10.1153
1110000 3.46886 3.11938 3.52952 10.1178
1112000 3.49764 3.10007 3.52207 10.1198
1114000 3.46685 3.13191 3.52648 10.1252
1116000 3.47693 3.1349 3.53894 10.1508
1118000 3.48129 3.14789 3.56983 10.199
1120000 3.45594 3.16823 3.54128 10.1655
1122000 3.4684 3.20211 3.57375 10.2443
1124000 3.47946 3.17753 3.56733 10.2243
1126000 3.50758 3.16391 3.5669 10.2384
1128000 3.5335 3.18386 3.60065 10.318
1130000 3.53053 3.17427 3.59811 10.3029
1132000 3.53848 3.22338 3.58082 10.3427
1134000 3.57033 3.20944 3.61578 10.3956
1136000 3.5489 3.21748 3.61973 10.3861
1138000 3.56033 3.18581 3.62737 10.3735
1140000 3.55826 3.21553 3.61614 10.3899
1142000 3.55448 3.23964 3.64491 10.439
1144000 3.56573 3.2624 3.65463 10.4828
1146000 3.55929 3.25438 3.64989 10.4636
1148000 3.5837 3.2639 3.65432 10.5019
1150000 3.56881 3.25056 3.6745 10.4939
1152000 3.59935 3.28734 3.68768 10.5744
1154000 3.60249 3.31497 3.69515 10.6126
1156000 3.61599 3.27018 3.69249 10.5787
1158000 3.63251 3.28113 3.71718 10.6308
1160000 3.63501 3.28744 3.72464 10.6471
1162000 3.65916 3.27536 3.70926 10.6438
1164000 3.67297 3.28581 3.67902 10.6378
1166000 3.70183 3.32481 3.70896 10.7356
1168000 3.68954 3.32464 3.73915 10.7533
1170000 3.69301 3.33543 3.71799 10.7464
1172000 3.69045 3.31082 3.72614 10.7274
1174000 3.7334 3.31749 3.75423 10.8051
1176000 3.72834 3.33268 3.728 10.789
1178000 3.72902 3.30612 3.73395 10.7691
1180000 3.75443 3.31841 3.71255 10.7854
1182000 3.74397 3.33158 3.74341 10.819
1184000 3.73343 3.32693 3.77444 10.8348
1186000 3.78333 3.3193 3.7548 10.8574
1188000 3.7744 3.35178 3.76974 10.8959
1190000 3.76201 3.35475 3.79833 10.9151
1192000 3.79335 3.35023 3.78073 10.9243
1194000 3.78919 3.32332 3.80242 10.9149
1196000 3.81889 3.31951 3.81419 10.9526
1198000 3.7782 3.33632 3.80773 10.9223
1200000 3.78341 3.31711 3.83967 10.9402
1202000 3.79617 3.33573 3.87763 11.0095
1204000 3.79825 3.33744 3.84449 10.9802
1206000 3.80357 3.3764 3.82182 11.0018
1208000 3.83375 3.39493 3.86201 11.0907
1210000 3.80669 3.37956 3.85767 11.0439
1212000 3.82267 3.3999 3.85474 11.0773
1214000 3.81394 3.39625 3.84492 11.0551
1216000 3.8276 3.39476 3.84439 11.0668
1218000 3.84083 3.4177 3.88921 11.1477
1220000 3.8551 3.41223 3.89511 11.1624
1222000 3.89802 3.43038 3.92079 11.2492
1224000 3.89009 3.43484 3.90384 11.2288
1226000 3.89193 3.40475 3.89716 11.1938
1228000 3.9228 3.43982 3.92356 11.2862
1230000 3.92587 3.45878 3.94395 11.3286
1232000 3.91945 3.46183 3.95059 11.3319
1234000 3.91293 3.46211 3.96605 11.3411
1236000 3.93101 3.42242 3.95408 11.3075
1238000 3.93429 3.45181 3.97907 11.3652
1240000 3.93269 3.46371 3.95078 11.3472
1242000 3.94011 3.49338 3.99764 11.4311
1244000 3.93803 3.44686 3.9985 11.3834
1246000 3.93982 3.44441 4.00124 11.3855
1248000 3.93392 3.48357 4.02121 11.4387
1250000 3.9361 3.46655 4.02736 11.43
1252000 3.9453 3.48797 3.99855 11.4318
1254000 3.92684 3.50178 4.00483 11.4335
1256000 3.94355 3.52079 4.00408 11.4684
1258000 3.93612 3.54076 4.02076 11.4976
1260000 3.95637 3.52487 4.06778 11.549
1262000 3.95193 3.51012 4.03976 11.5018
1264000 3.94527 3.54706 4.0739 11.5662
1266000 3.95505 3.54722 4.06964 11.5719
1268000 3.96892 3.55591 4.06038 11.5852
1270000 3.96578 3.56249 4.07377 11.602
1272000 4.02251 3.59268 4.08032 11.6955
1274000 4.01786 3.5706 4.13749 11.726
1276000 4.00605 3.58434 4.11963 11.71
1278000 4.0228 3.58782 4.14355 11.7542
1280000 4.05232 3.58197 4.12396 11.7583
1282000 4.06735 3.59842 4.15268 11.8184
1284000 4.08494 3.60517 4.14207 11.8322
1286000 4.06521 3.63345 4.16662 11.8653
1288000 4.06897 3.62544 4.17932 11.8737
1290000 4.09156 3.63342 4.17011 11.8951
1292000 4.0836 3.65123 4.1917 11.9265
1294000 4.06674 3.61971 4.17595 11.8624
1296000 4.0746 3.60875 4.18922 11.8726
1298000 4.09307 3.63446 4.18968 11.9172
1300000 4.11129 3.63108 4.20028 11.9427
1302000 4.0883 3.63717 4.21311 11.9386
1304000 4.11041 3.66908 4.20142 11.9809
1306000 4.09178 3.67914 4.18672 11.9576
1308000 4.08751 3.71658 4.20349 12.0076
1310000 4.0981 3.69588 4.22766 12.0216
1312000 4.10556 3.72238 4.23631 12.0642
1314000 4.13621 3.71827 4.2309 12.0854
1316000 4.10709 3.72043 4.23803 12.0656
1318000 4.12522 3.71802 4.22788 12.0711
1320000 4.11281 3.71138 4.21919 12.0434
1322000 4.12849 3.71533 4.24415 12.088
1324000 4.11903 3.74012 4.25076 12.1099
1326000 4.10968 3.76262 4.25328 12.1256
1328000 4.10128 3.74685 4.25666 12.1048
1330000 4.15233 3.74674 4.25392 12.153
1332000 4.16998 3.77766 4.24054 12.1882
1334000 4.15499 3.76442 4.28651 12.2059
1336000 4.17987 3.77536 4.23983 12.1951
1338000 4.17889 3.76336 4.26339 12.2056
1340000 4.20553 3.7761 4.2526 12.2342
1342000 4.18261 3.80041 4.23562 12.2186
1344000 4.17796 3.78245 4.26371 12.2241
1346000 4.18315 3.81214 4.2433 12.2386
1348000 4.16383 3.78952 4.25859 12.2119
1350000 4.21249 3.8178 4.26084 12.2911
1352000 4.21784 3.82808 4.26943 12.3153
1354000 4.21929 3.80404 4.31184 12.3352
1356000 4.23117 3.80293 4.32614 12.3602
1358000 4.2369 3.8582 4.35309 12.4482
1360000 4.20632 3.86017 4.36636 12.4329
1362000 4.19751 3.84206 4.37046 12.41
1364000 4.19918 3.85009 4.37188 12.4211
1366000 4.23002 3.84797 4.41157 12.4896
1368000 4.18136 3.87166 4.38402 12.437
1370000 4.20797 3.86434 4.37762 12.4499
1372000 4.21624 3.87413 4.39205 12.4824
1374000 4.20459 3.85959 4.3858 12.45
1376000 4.22266 3.89834 4.37987 12.5009
1378000 4.20395 3.87332 4.38345 12.4607
1380000 4.2369 3.88699 4.41716 12.5411
1382000 4.27591 3.93029 4.42227 12.6285
1384000 4.24584 3.87132 4.39591 12.5131
1386000 4.25898 3.91437 4.41704 12.5904
1388000 4.2772 3.91353 4.43767 12.6284
1390000 4.2668 3.93686 4.46416 12.6678
1392000 4.27895 3.94465 4.43576 12.6594
1394000 4.26548 3.92942 4.43738 12.6323
1396000 4.28407 3.96903 4.42722 12.6803
1398000 4.28888 3.9463 4.43737 12.6725
1400000 4.27001 3.94687 4.46489 12.6818
1402000 4.28889 3.9467 4.4513 12.6869
1404000 4.29512 3.95036 4.45354 12.699
1406000 4.31756 3.98522 4.4962 12.799
1408000 4.34515 3.97152 4.45513 12.7718
1410000 4.34643 3.97188 4.4774 12.7957
1412000 4.35215 3.97943 4.49075 12.8223
1414000 4.34004 3.99749 4.51705 12.8546
1416000 4.33098 4.01126 4.51377 12.856
1418000 4.36273 3.99127 4.53 12.884
1420000 4.36992 4.0156 4.50965 12.8952
1422000 4.40358 4.03261 4.54012 12.9763
1424000 4.41585 4.02431 4.53969 12.9799
1426000 4.41272 4.03401 4.52671 12.9734
1428000 4.44952 4.05352 4.525 13.028
1430000 4.47666 4.05528 4.515 13.0469
1432000 4.42713 4.04399 4.53164 13.0028
1434000 4.46244 4.07495 4.53731 13.0747
1436000 4.4638 4.07539 4.55763 13.0968
1438000 4.4741 4.0761 4.58326 13.1335
1440000 4.45682 4.09379 4.58283 13.1334
1442000 4.48443 4.06517 4.59702 13.1466
1444000 4.4491 4.06601 4.613 13.1281
1446000 4.46484 4.08492 4.61154 13.1613
1448000 4.44778 4.11971 4.63569 13.2032
1450000 4.46536 4.11082 4.63599 13.2122
1452000 4.45953 4.10581 4.62029 13.1856
1454000 4.46737 4.11588 4.65219 13.2354
1456000 4.46243 4.14209 4.67165 13.2762
1458000 4.46148 4.13707 4.68695 13.2855
1460000 4.48176 4.08997 4.71752 13.2893
1462000 4.46981 4.12233 4.71615 13.3083
1464000 4.50031 4.12827 4.7977 13.4263
1466000 4.51546 4.15065 4.75805 13.4242
1468000 4.54103 4.13763 4.76998 13.4486
1470000 4.5371 4.12446 4.76463 13.4262
1472000 4.53977 4.1304 4.74506 13.4152
1474000 4.5442 4.13675 4.8109 13.4918
1476000 4.54752 4.15042 4.80969 13.5076
1478000 4.53896 4.16445 4.77421 13.4776
1480000 4.5588 4.15102 4.80691 13.5167
1482000 4.53089 4.16823 4.80499 13.5041
1484000 4.54872 4.17219 4.8289 13.5498
1486000 4.53399 4.17433 4.78318 13.4915
1488000 4.56852 4.15512 4.83445 13.5581
1490000 4.55183 4.17585 4.83068 13.5584
1492000 4.56593 4.18208 4.84461 13.5926
1494000 4.57559 4.21479 4.83 13.6204
1496000 4.57859 4.21124 4.8136 13.6034
1498000 4.58102 4.22348 4.84704 13.6515
1500000 4.59977 4.20951 4.86001 13.6693
1502000 4.58625 4.22485 4.81915 13.6303
1504000 4.61773 4.23123 4.83993 13.6889
1506000 4.62124 4.24642 4.87297 13.7406
1508000 4.59168 4.26629 4.85664 13.7146
1510000 4.63231 4.2961 4.85942 13.7878
1512000 4.60913 4.27905 4.88186 13.77
1514000 4.64394 4.25113 4.87925 13.7743
1516000 4.61954 4.25773 4.91319 13.7905
1518000 4.64338 4.25555 4.92808 13.827
1520000 4.65219 4.28452 4.88845 13.8252
1522000 4.67629 4.30452 4.90852 13.8893
1524000 4.64048 4.27843 4.88032 13.7992
1526000 4.64754 4.30314 4.90968 13.8604
1528000 4.66109 4.30253 4.93847 13.9021
1530000 4.62615 4.32794 4.91181 13.8659
1532000 4.62253 4.32452 4.91251 13.8596
1534000 4.67452 4.33216 4.93883 13.9455
1536000 4.68316 4.32895 4.93703 13.9491
1538000 4.66042 4.3394 4.91966 13.9195
1540000 4.70267 4.35224 4.95572 14.0106
1542000 4.69907 4.3863 4.91626 14.0016
1544000 4.69675 4.3633 4.96153 14.0216
1546000 4.72451 4.36957 4.95542 14.0495
1548000 4.7574 4.37439 4.99255 14.1243
1550000 4.72875 4.39558 5.00534 14.1297
1552000 4.73214 4.3582 5.00977 14.1001
1554000 4.73599 4.38422 5.03787 14.1581
1556000 4.73996 4.40066 5.01202 14.1526
1558000 4.75572 4.38105 5.05286 14.1896
1560000 4.73105 4.39498 5.05235 14.1784
1562000 4.74348 4.40036 5.05213 14.196
1564000 4.76108 4.42074 5.08741 14.2692
1566000 4.76362 4.39247 5.07419 14.2303
1568000 4.76711 4.43451 5.1 14.3016
1570000 4.76931 4.44677 5.12648 14.3426
1572000 4.82271 4.44435 5.11027 14.3773
1574000 4.83133 4.45672 5.0716 14.3596
1576000 4.82161 4.48554 5.10731 14.4145
1578000 4.82849 4.48134 5.12333 14.4332
1580000 4.84348 4.45756 5.14088 14.4419
1582000 4.83958 4.49694 5.16149 14.498
1584000 4.84346 4.48702 5.10662 14.4371
1586000 4.86001 4.5152 5.17247 14.5477
1588000 4.83796 4.51344 5.15455 14.5059
1590000 4.83211 4.51737 5.15541 14.5049
1592000 4.83227 4.49294 5.14072 14.4659
1594000 4.84315 4.52608 5.11686 14.4861
1596000 4.85135 4.50853 5.15828 14.5182
1598000 4.84498 4.55026 5.16007 14.5553
1600000 4.85977 4.57527 5.17278 14.6078
1602000 4.90956 4.56437 5.18292 14.6568
1604000 4.91115 4.60389 5.17428 14.6893
1606000 4.90543 4.60574 5.21956 14.7307
1608000 4.90732 4.59235 5.23258 14.7323
1610000 4.90898 4.59277 5.24399 14.7457
1612000 4.94802 4.63745 5.24301 14.8285
1614000 4.94203 4.62079 5.27357 14.8364
1616000 4.94752 4.63522 5.28799 14.8707
1618000 4.93273 4.61201 5.30382 14.8486
1620000 4.95102 4.60728 5.32951 14.8878
1622000 4.95486 4.63951 5.31488 14.9092
1624000 4.95177 4.68686 5.34809 14.9867
1626000 4.97306 4.666 5.34821 14.9873
1628000 4.97693 4.69199 5.35713 15.0261
1630000 4.98635 4.68404 5.3521 15.0225
1632000 4.99837 4.71865 5.40126 15.1183
1634000 5.01247 4.69302 5.37956 15.0851
1636000 5.00147 4.72937 5.39791 15.1288
1638000 5.02239 4.69773 5.36117 15.0813
1640000 5.04477 4.70933 5.38756 15.1417
1642000 5.02865 4.71294 5.40399 15.1456
1644000 5.05817 4.71487 5.39089 15.1639
1646000 5.05711 4.74129 5.44037 15.2388
1648000 5.05886 4.71258 5.43341 15.2048
1650000 5.05684 4.73066 5.43581 15.2233
1652000 5.06637 4.74268 5.42317 15.2322
1654000 5.07308 4.72479 5.4512 15.2491
1656000 5.09001 4.74142 5.5073 15.3387
1658000 5.06634 4.77403 5.45003 15.2904
1660000 5.0671 4.74314 5.50499 15.3152
1662000 5.06074 4.76774 5.49553 15.324
1664000 5.10966 4.76075 5.47723 15.3476
1666000 5.05679 4.7799 5.45553 15.2922
1668000 5.08347 4.76745 5.46726 15.3182
1670000 5.1068 4.77008 5.50751 15.3844
1672000 5.12118 4.74085 5.53156 15.3936
1674000 5.11807 4.77737 5.51528 15.4107
1676000 5.09247 4.77195 5.52484 15.3893
1678000 5.15285 4.76115 5.54077 15.4548
1680000 5.14082 4.76281 5.53871 15.4423
1682000 5.12467 4.76182 5.57864 15.4651
1684000 5.1441 4.78925 5.55245 15.4858
1686000 5.16663 4.76937 5.54819 15.4842
1688000 5.14661 4.75327 5.56663 15.4665
1690000 5.1314 4.77614 5.57619 15.4837
1692000 5.15037 4.7372 5.61567 15.5032
1694000 5.14474 4.77905 5.62072 15.5445
1696000 5.15106 4.77951 5.61367 15.5442
1698000 5.13075 4.73194 5.59937 15.4621
1700000 5.17099 4.7667 5.6442 15.5819
1702000 5.17762 4.75084 5.66865 15.5971
1704000 5.17699 4.81049 5.65511 15.6426
1706000 5.16268 4.79457 5.62704 15.5843
1708000 5.17968 4.81869 5.65169 15.6501
1710000 5.1949 4.76903 5.65758 15.6215
1712000 5.19314 4.7737 5.66685 15.6337
1714000 5.18323 4.80622 5.67515 15.6646
1716000 5.21155 4.77424 5.67883 15.6646
1718000 5.21495 4.74641 5.71439 15.6757
1720000 5.17828 4.77823 5.69148 15.648
1722000 5.2264 4.78348 5.68954 15.6994
1724000 5.19603 4.78816 5.66933 15.6535
1726000 5.18189 4.78002 5.71809 15.68
1728000 5.17806 4.78975 5.66847 15.6363
1730000 5.20056 4.77755 5.6417 15.6198
1732000 5.16941 4.78169 5.69686 15.648
1734000 5.18341 4.78147 5.70011 15.665
1736000 5.20647 4.76841 5.6646 15.6395
1738000 5.21015 4.78971 5.70115 15.701
1740000 5.21517 4.78164 5.67596 15.6728
1742000 5.21328 4.7554 5.69311 15.6618
1744000 5.20987 4.76219 5.70111 15.6732
1746000 5.18136 4.82026 5.72223 15.7239
1748000 5.18917 4.78793 5.77011 15.7472
1750000 5.22555 4.81448 5.74612 15.7861
1752000 5.23018 4.81302 5.7608 15.804
1754000 5.25882 4.80696 5.77933 15.8451
1756000 5.24726 4.83961 5.77415 15.861
1758000 5.26708 4.84281 5.7777 15.8876
1760000 5.27581 4.84919 5.79861 15.9236
1762000 5.2961 4.83198 5.78325 15.9113
1764000 5.29916 4.87068 5.80201 15.9719
1766000 5.283 4.81952 5.77412 15.8766
1768000 5.29172 4.85419 5.78444 15.9304
1770000 5.33114 4.88186 5.80154 16.0145
1772000 5.31468 4.86682 5.83152 16.013
1774000 5.32274 4.90576 5.82511 16.0536
1776000 5.31893 4.90321 5.85398 16.0761
1778000 5.32431 4.92337 5.8724 16.1201
1780000 5.31983 4.90512 5.84479 16.0697
1782000 5.31753 4.91677 5.86082 16.0951
1784000 5.35163 4.93732 5.87379 16.1627
1786000 5.35863 4.92198 5.87162 16.1522
1788000 5.37733 4.96379 5.8889 16.23
1790000 5.41414 4.9303 5.90516 16.2496
1792000 5.38231 4.94576 5.91053 16.2386
1794000 5.39712 4.93502 5.85288 16.185
1796000 5.42455 5.03995 5.91044 16.3749
1798000 5.43253 4.946 5.92701 16.3055
1800000 5.43745 4.99282 5.90276 16.333
1802000 5.42707 4.99919 5.87059 16.2969
1804000 5.43118 4.99069 5.87619 16.2981
1806000 5.44674 5.01687 5.90492 16.3685
1808000 5.44669 5.00086 5.94149 16.389
1810000 5.46998 5.02734 5.96031 16.4576
1812000 5.43609 5.01785 5.91102 16.365
1814000 5.4492 5.00178 5.92231 16.3733
1816000 5.45472 4.99894 5.93263 16.3863
1818000 5.46244 5.02394 5.91705 16.4034
1820000 5.46217 5.00081 5.91712 16.3801
1822000 5.47031 5.02271 5.97465 16.4677
1824000 5.50548 4.9928 5.99011 16.4884
1826000 5.52534 5.01947 5.99876 16.5436
1828000 5.50369 5.04027 6.02324 16.5672
1830000 5.49478 5.0573 6.00768 16.5598
1832000 5.48937 5.05372 6.02465 16.5677
1834000 5.54188 5.06954 6.05174 16.6632
1836000 5.52481 5.07108 6.00873 16.6046
1838000 5.53202 5.05117 6.00642 16.5896
1840000 5.5538 5.07234 6.0485 16.6746
1842000 5.54405 5.07678 6.04882 16.6696
1844000 5.54363 5.08068 6.02648 16.6508
1846000 5.55037 5.08096 6.05874 16.6901
1848000 5.578 5.08436 6.01982 16.6822
1850000 5.54692 5.12478 6.01931 16.691
1852000 5.55392 5.07286 6.05949 16.6863
1854000 5.54676 5.06858 6.05666 16.672
1856000 5.5484 5.09366 6.03453 16.6766
1858000 5.56364 5.06986 6.08295 16.7165
1860000 5.56337 5.09066 6.11883 16.7729
1862000 5.55753 5.12928 6.12203 16.8088
1864000 5.57715 5.14739 6.09349 16.818
1866000 5.57119 5.13824 6.14486 16.8543
1868000 5.58325 5.17436 6.09278 16.8504
1870000 5.58236 5.16816 6.13219 16.8827
1872000 5.60265 5.18628 6.16561 16.9545
1874000 5.59214 5.16197 6.14594 16.9
1876000 5.60004 5.19232 6.11785 16.9102
1878000 5.58941 5.18986 6.13901 16.9183
1880000 5.57902 5.16373 6.14131 16.8841
1882000 5.58244 5.23791 6.1679 16.9883
1884000 5.62582 5.23596 6.16298 17.0248
1886000 5.60491 5.23632 6.17844 17.0197
1888000 5.60599 5.24218 6.21453 17.0627
1890000 5.62779 5.31718 6.21531 17.1603
1892000 5.62054 5.23767 6.21579 17.074
1894000 5.60221 5.27205 6.24098 17.1152
1896000 5.62463 5.27991 6.22878 17.1333
1898000 5.60636 5.24436 6.22068 17.0714
1900000 5.61272 5.32344 6.26716 17.2033
1902000 5.62386 5.2798 6.27378 17.1774
1904000 5.65541 5.28627 6.29777 17.2394
1906000 5.63654 5.26811 6.31369 17.2183
1908000 5.68399 5.29554 6.26792 17.2474
1910000 5.64987 5.29958 6.29541 17.2449
1912000 5.66762 5.28977 6.28101 17.2384
1914000 5.647 5.30469 6.33086 17.2826
1916000 5.67286 5.30898 6.31415 17.296
1918000 5.68304 5.30234 6.31249 17.2979
1920000 5.71412 5.33484 6.36493 17.4139
1922000 5.67648 5.27194 6.33914 17.2876
1924000 5.68513 5.29427 6.34708 17.3265
1926000 5.67068 5.29601 6.35918 17.3259
1928000 5.70137 5.30777 6.40528 17.4144
1930000 5.73027 5.34282 6.38716 17.4602
1932000 5.70803 5.32906 6.4286 17.4657
1934000 5.75262 5.30112 6.42679 17.4805
1936000 5.74262 5.34198 6.40757 17.4922
1938000 5.76439 5.34007 6.45052 17.555
1940000 5.75488 5.35312 6.45191 17.5599
1942000 5.79157 5.34071 6.48934 17.6216
1944000 5.77112 5.33408 6.4392 17.5444
1946000 5.73353 5.33819 6.47615 17.5479
1948000 5.75806 5.36378 6.42374 17.5456
1950000 5.77818 5.33239 6.46176 17.5723
1952000 5.7886 5.40883 6.47886 17.6763
1954000 5.79556 5.37776 6.50193 17.6752
1956000 5.8147 5.37867 6.50079 17.6942
1958000 5.7989 5.38288 6.48239 17.6642
1960000 5.81627 5.40659 6.52169 17.7445
1962000 5.82856 5.43038 6.52513 17.7841
1964000 5.85686 5.4333 6.58777 17.8779
1966000 5.88944 5.39758 6.5793 17.8663
1968000 5.90401 5.41174 6.58647 17.9022
1970000 5.91627 5.44774 6.53236 17.8964
1972000 5.92474 5.41673 6.51998 17.8615
1974000 5.95167 5.43068 6.5402 17.9226
1976000 5.89362 5.4487 6.54602 17.8883
1978000 5.92991 5.49508 6.54007 17.9651
1980000 5.93203 5.44225 6.52809 17.9024
1982000 5.93403 5.45837 6.53216 17.9246
1984000 5.92564 5.48285 6.56864 17.9771
1986000 5.98078 5.46525 6.59103 18.0371
1988000 5.97645 5.50512 6.59493 18.0765
1990000 5.96163 5.50292 6.63251 18.0971
1992000 5.97216 5.53421 6.63753 18.1439
1994000 5.95231 5.50042 6.60852 18.0612
1996000 5.98194 5.53379 6.59836 18.1141
1998000 5.98685 5.52378 6.63474 18.1454
2000000 5.99886 5.52944 6.61645 18.1448
