# Time-averaged data for fix savemsd
# TimeStep c_msd[1] c_msd[2] c_msd[3] c_msd[4]
0 2.92171e-32 1.82607e-33 1.82607e-33 3.28692e-32
2000 3.1503 3.56625 3.41238 10.1289
4000 7.25795 7.33521 6.97927 21.5724
6000 10.8183 10.638 10.1824 31.6387
8000 13.7658 14.0235 14.2666 42.0559
10000 17.8148 17.1769 18.9565 53.9482
12000 20.9719 20.4023 21.9458 63.32
14000 24.285 23.7947 24.7421 72.8218
16000 26.1519 27.2098 26.9844 80.3462
18000 28.9745 30.592 30.2758 89.8423
20000 32.0003 33.9517 33.5354 99.4874
22000 35.037 37.0133 36.1339 108.184
24000 39.1898 40.6542 39.8447 119.689
26000 42.112 43.4367 43.7027 129.251
28000 45.538 45.9181 47.7593 139.215
30000 47.9235 49.6882 50.9614 148.573
32000 52.1792 54.6218 55.2043 162.005
34000 54.998 56.9788 59.8937 171.87
36000 59.1195 60.4949 62.8127 182.427
38000 62.7024 64.6066 66.3367 193.646
40000 67.0347 68.0249 70.1914 205.251
42000 69.2927 72.3646 73.1953 214.853
44000 72.9421 76.4291 76.052 225.423
46000 76.5442 80.0308 80.7709 237.346
48000 80.9486 83.4534 82.5263 246.928
50000 84.1058 85.9948 86.5426 256.643
52000 87.3585 87.7217 90.262 265.342
54000 90.3311 92.2118 92.1349 274.678
56000 94.0031 96.2388 95.2996 285.541
58000 96.9118 100.899 98.8229 296.634
60000 100.177 104.314 100.615 305.106
62000 103.188 108.388 103.352 314.928
64000 105.345 111.097 106.153 322.595
66000 109.358 112.914 108.373 330.644
68000 114.048 118.051 111.195 343.293
70000 116.824 120.801 114.261 351.885
72000 119.958 122.407 117.901 360.266
74000 124.635 126.597 121.582 372.813
76000 128.884 130.913 126.445 386.243
78000 131.55 134.348 129.601 395.5
80000 133.865 135.189 133.413 402.467
82000 138.599 138.239 137.613 414.452
84000 142.883 140.125 140.891 423.899
86000 146.404 142.121 146.135 434.661
88000 149.129 145.805 147.95 442.883
90000 154.07 149.038 152.732 455.841
92000 155.181 151.693 155.032 461.906
94000 157.162 153.638 156.782 467.583
96000 158.582 157.029 160.555 476.166
98000 163.326 160.62 163.715 487.662
100000 168.253 165.344 167.702 501.299
102000 172.585 167.322 168.496 508.404
104000 175.486 172.101 171.161 518.748
106000 180.894 175.964 175.35 532.208
108000 182.669 179.181 179.096 540.945
110000 185.459 182.551 183.262 551.272
112000 188.367 187.126 186.274 561.767
114000 190.048 191.873 191.437 573.358
116000 193.763 196.033 193.495 583.291
118000 196.27 198.596 195.751 590.618
120000 199.218 200.771 198.965 598.955
122000 203.13 205.609 199.741 608.479
124000 204.966 210.881 203.907 619.755
126000 207.648 213.704 207.455 628.806
128000 209.065 215.386 212.064 636.515
130000 212.528 216.708 213.401 642.637
132000 213.581 221.48 214.969 650.03
134000 220.345 225.806 219.034 665.186
136000 225.144 228.349 223.033 676.526
138000 230.189 231.899 226.727 688.815
140000 232.779 234.809 229.86 697.448
142000 236.775 238.84 231.381 706.996
144000 240.362 241.291 234.905 716.557
146000 243.189 242.223 241.081 726.493
148000 247.542 245.016 245.612 738.17
150000 249.286 249.61 248.778 747.674
152000 252.937 254.36 252.546 759.843
154000 256.936 257.997 254.882 769.814
156000 260.035 260.553 259.564 780.152
158000 266.686 266.924 263.252 796.861
160000 272.329 275.679 267.074 815.083
162000 274.668 278.236 271.557 824.462
164000 278.021 279.999 274.467 832.486
166000 278.674 283.909 278.678 841.261
168000 279.48 287.366 280.803 847.649
170000 284.906 290.745 285.222 860.873
172000 288.662 295.051 287.457 871.17
174000 292.411 297.594 291.91 881.915
176000 296.684 299.514 296.121 892.319
178000 301.058 303.1 299.856 904.013
180000 306.329 306.94 304.07 917.339
182000 311.305 309.027 308.373 928.705
184000 312.15 310.74 310.402 933.292
186000 313.823 312.928 314.128 940.879
188000 316.896 314.138 318.238 949.273
190000 324.183 313.585 322.095 959.863
192000 329.814 316.673 324.203 970.69
194000 334.155 318.161 327.99 980.305
196000 336.705 322.763 331.328 990.797
198000 338.131 326.636 330.892 995.66
200000 340.56 329.865 334.58 1005.01
202000 344.938 334.813 336.894 1016.65
204000 349.405 338.279 339.88 1027.56
206000 356.084 340.658 342.94 1039.68
208000 360.665 342.709 349.011 1052.38
210000 364.509 345.862 348.052 1058.42
212000 372.758 350.33 351.276 1074.37
214000 378.516 355.633 352.254 1086.4
216000 382.528 359.962 356.121 1098.61
218000 383.377 364.534 356.899 1104.81
220000 386.876 367.767 359.886 1114.53
222000 390.596 372.59 363.843 1127.03
224000 393.927 374.764 369.225 1137.92
226000 398.184 377.956 372.514 1148.65
228000 399.402 382.656 375.506 1157.56
230000 402.027 387.119 376.723 1165.87
232000 407.515 389.415 380.814 1177.74
234000 411.313 392.426 384.476 1188.22
236000 411.969 392.286 387.893 1192.15
238000 416.86 394.176 390.93 1201.97
240000 422.087 398.818 394.4 1215.31
242000 422.943 404.068 395.926 1222.94
244000 426.707 409.168 400.72 1236.59
246000 431.054 414.159 403.379 1248.59
248000 435.739 418.75 405.263 1259.75
250000 439.936 421.887 407.685 1269.51
252000 442.125 425.341 410.241 1277.71
254000 445.284 427.521 412.831 1285.64
256000 449.316 428.268 417.665 1295.25
258000 452.396 433.208 421.928 1307.53
260000 453.546 434.767 426.35 1314.66
262000 452.954 437.151 426.865 1316.97
264000 457.284 439.782 434.728 1331.79
266000 461.945 440.24 438.029 1340.21
268000 466.114 443.48 441.029 1350.62
270000 468.299 446.256 440.61 1355.16
272000 469.052 452.2 442.123 1363.37
274000 472.505 457.752 447.615 1377.87
276000 476.367 462.609 449.304 1388.28
278000 479.147 465.214 453.224 1397.59
280000 483.386 468.142 456.182 1407.71
282000 485.861 471.387 456.627 1413.88
284000 489.575 475.07 461.173 1425.82
286000 493.5 476.292 466.943 1436.74
288000 495.769 473.943 468.37 1438.08
290000 495.236 480.717 472.393 1448.35
292000 498.071 483.925 475.487 1457.48
294000 502.284 489.291 479.97 1471.55
296000 503.352 489.366 480.372 1473.09
298000 509.651 500.139 480.258 1490.05
300000 510.121 503.44 484.407 1497.97
302000 517.473 506.742 491.143 1515.36
304000 518.867 506.527 492.491 1517.89
306000 519.88 509.62 496.203 1525.7
308000 524.055 516.131 499.792 1539.98
310000 528.303 521.656 502.18 1552.14
312000 531.612 525.195 506.148 1562.95
314000 533.435 528.922 510.377 1572.73
316000 537.874 532.741 516.009 1586.62
318000 540.914 536.618 518.801 1596.33
320000 547.292 540.875 517.08 1605.25
322000 551.09 543.492 525.311 1619.89
324000 550.827 547.967 530.24 1629.03
326000 553.523 550.426 532.96 1636.91
328000 558.432 551.523 537.769 1647.72
330000 561.651 554.042 543.265 1658.96
332000 564.07 560.021 551.428 1675.52
334000 569.258 562.047 553.835 1685.14
336000 571.235 562.579 558.562 1692.38
338000 576.694 564.785 562.933 1704.41
340000 580.313 565.58 567.844 1713.74
342000 583.155 570.73 570.47 1724.35
344000 588.528 575.169 577.628 1741.32
346000 592.955 578.239 577.369 1748.56
348000 595.035 574.636 579.336 1749.01
350000 600.495 578.098 577.719 1756.31
352000 603.595 579.205 581.569 1764.37
354000 606.549 583.636 579.938 1770.12
356000 610.966 585.793 582.773 1779.53
358000 613.254 588.964 584.446 1786.66
360000 615.68 590.805 585.156 1791.64
362000 616.1 593.743 589.017 1798.86
364000 619.37 594.569 592.623 1806.56
366000 622.438 601.46 595.642 1819.54
368000 627.019 605.752 600.112 1832.88
370000 629.601 610.759 603.062 1843.42
372000 631.994 616.069 603.251 1851.31
374000 633.433 614.522 604.807 1852.76
376000 636.3 618.248 607.004 1861.55
378000 640.317 619.26 611.017 1870.59
380000 643.723 620.77 616.646 1881.14
382000 646.879 622.05 621.875 1890.8
384000 649.682 627.188 625.253 1902.12
386000 650.215 633.485 627.152 1910.85
388000 655.292 637.988 630.727 1924.01
390000 659.869 641.08 632.804 1933.75
392000 666.087 644.516 641.748 1952.35
394000 669.35 647.398 645.151 1961.9
396000 671.604 652.331 652.367 1976.3
398000 672.773 653.548 654.023 1980.34
400000 674.154 656.84 657.584 1988.58
402000 675.524 660.781 663.125 1999.43
404000 680.379 664.707 663.006 2008.09
406000 683.121 667.297 668.739 2019.16
408000 687.088 669.904 675.537 2032.53
410000 694.187 672.939 681.953 2049.08
412000 696.67 674.957 681.606 2053.23
414000 699.742 679.746 683.868 2063.36
416000 700.362 689.015 690.393 2079.77
418000 702.047 693.666 695.003 2090.72
420000 704.462 697.815 695.02 2097.3
422000 712.478 701.342 695.662 2109.48
424000 719.803 703.414 701.735 2124.95
426000 722.721 708.013 700.038 2130.77
428000 724.372 712.156 701.317 2137.84
430000 725.327 716.766 705.254 2147.35
432000 728.185 721.247 711.438 2160.87
434000 731.016 722.456 717.912 2171.38
436000 735.092 725.643 718.582 2179.32
438000 735.927 728.515 724.473 2188.92
440000 741.33 731.389 728.477 2201.2
442000 745.217 732.508 734.158 2211.88
444000 747.999 738.111 742.481 2228.59
446000 750.429 744.533 746.08 2241.04
448000 758.724 741.059 744.079 2243.86
450000 761.577 745.313 747.006 2253.9
452000 761.814 754.787 752.308 2268.91
454000 760.7 760.517 758.67 2279.89
456000 763.024 764.919 760.186 2288.13
458000 766.935 765.616 761.297 2293.85
460000 770.551 764.956 761.802 2297.31
462000 770.321 770.197 762.261 2302.78
464000 773.375 774.412 768.296 2316.08
466000 776.472 780.349 773.021 2329.84
468000 779.248 781.203 772.545 2333
470000 782.007 783.903 776.758 2342.67
472000 787.708 786.175 781.335 2355.22
474000 791.864 792.751 782.83 2367.44
476000 795.272 793.67 785.654 2374.6
478000 795.57 799.377 795.049 2390
480000 795.947 803.99 799.403 2399.34
482000 803.702 804.553 805.649 2413.9
484000 807.44 808.31 812.093 2427.84
486000 811.489 810.843 817.405 2439.74
488000 816.71 809.153 823.242 2449.11
490000 814.562 811.222 828.925 2454.71
492000 818.4 816.113 832.402 2466.91
494000 823.447 821.172 831.32 2475.94
496000 825.931 824.345 831.448 2481.72
498000 820.197 828.202 833.186 2481.59
500000 821.561 833.521 839.416 2494.5
502000 826.064 839.471 846.609 2512.14
504000 833.253 843.322 850.321 2526.9
506000 834.472 847.918 852.804 2535.19
508000 839.632 852.574 857.793 2550
510000 846.124 852.48 864.276 2562.88
512000 849.175 854.786 869.034 2572.99
514000 853.701 858.876 873.829 2586.41
516000 855.181 861.377 880.75 2597.31
518000 861.065 861.691 882.746 2605.5
520000 862.106 859.907 886.785 2608.8
522000 864.834 862.534 892.591 2619.96
524000 865.648 868.208 895.182 2629.04
526000 866.408 873.125 897.377 2636.91
528000 878.105 880.42 899.048 2657.57
530000 878.086 882.33 900.037 2660.45
532000 883.676 883.337 899.239 2666.25
534000 885.388 886.046 899.291 2670.72
536000 889.927 891.112 901.123 2682.16
538000 895.923 888.544 903.507 2687.97
540000 898.498 892.273 904.44 2695.21
542000 898.929 895.635 908.609 2703.17
544000 901.236 896.773 913.238 2711.25
546000 905.384 900.237 918.285 2723.91
548000 912.464 906.426 920.85 2739.74
550000 920.734 907.997 924.55 2753.28
552000 922.453 913.823 927.653 2763.93
554000 928.752 921.054 935.447 2785.25
556000 932.586 927.429 937.887 2797.9
558000 936.425 927.709 938.244 2802.38
560000 936.384 932.655 942.48 2811.52
562000 942.205 941.371 942.479 2826.06
564000 942.097 947.991 945.217 2835.3
566000 947.971 954.14 948.254 2850.37
568000 952.005 959.265 953.385 2864.66
570000 957.249 965.368 957.887 2880.5
572000 955.019 963.841 959.545 2878.41
574000 957.579 963.52 961.268 2882.37
576000 961.09 970.244 964.112 2895.45
578000 964.805 976.748 968.842 2910.4
580000 966.63 982.604 979.594 2928.83
582000 970.779 985.639 981.164 2937.58
584000 976.16 987.512 986.466 2950.14
586000 977.954 988.259 988.834 2955.05
588000 980.653 989.072 991.849 2961.57
590000 977.863 993.841 994.309 2966.01
592000 983.723 1000.23 995.278 2979.23
594000 992.237 1004.14 1001.68 2998.06
596000 990.469 1011.73 1004.29 3006.49
598000 994.154 1020.44 1008.86 3023.46
600000 994.938 1021.76 1013.18 3029.87
602000 1002.08 1017.9 1015.95 3035.93
604000 1006.57 1020.23 1021.25 3048.06
606000 1008.29 1030.69 1026.58 3065.57
608000 1010.51 1035.25 1029.81 3075.56
610000 1013.79 1041.34 1035.57 3090.7
612000 1021.06 1044.32 1038.82 3104.2
614000 1027.44 1045.76 1038.28 3111.48
616000 1029.58 1048.2 1040.56 3118.33
618000 1031.09 1053.12 1041.4 3125.61
620000 1033.93 1054.71 1043.33 3131.98
622000 1037.86 1060.82 1050.39 3149.07
624000 1039.42 1062.59 1054.8 3156.81
626000 1040.53 1064.63 1058.54 3163.69
628000 1041.26 1071.13 1059.44 3171.83
630000 1047.64 1079.7 1061.02 3188.36
632000 1054.25 1080.05 1059.86 3194.15
634000 1056.62 1085.5 1063.94 3206.06
636000 1061.44 1093.77 1067.42 3222.63
638000 1062.18 1096.32 1068.18 3226.68
640000 1066.72 1097.61 1074.43 3238.76
642000 1071.41 1100.42 1072.79 3244.63
644000 1073.74 1106.11 1076.14 3255.99
646000 1078.07 1105.14 1072.98 3256.2
648000 1082.82 1107.72 1079.01 3269.55
650000 1089.34 1110.4 1081.63 3281.38
652000 1094.18 1114.02 1084.33 3292.52
654000 1099.01 1118.02 1092.54 3309.57
656000 1101.42 1119.59 1095.05 3316.06
658000 1105.47 1122.76 1091.55 3319.79
660000 1109.24 1127.67 1099 3335.91
662000 1114.66 1131.16 1103.05 3348.88
664000 1120 1135.89 1109.5 3365.39
666000 1126.08 1138.03 1111.5 3375.61
668000 1134.8 1141.83 1115.33 3391.96
670000 1141.28 1149.13 1114.8 3405.21
672000 1145.39 1153 1113.72 3412.11
674000 1147.56 1159.9 1118.97 3426.44
676000 1150.68 1164.8 1116.21 3431.69
678000 1150.63 1171 1119.8 3441.43
680000 1146.17 1175.91 1119.27 3441.34
682000 1147.01 1179.7 1124.83 3451.54
684000 1145.87 1187.24 1126.3 3459.41
686000 1145.46 1189.71 1128.17 3463.35
688000 1149.63 1195.46 1131.5 3476.6
690000 1150.54 1198.03 1136.74 3485.31
692000 1157.65 1200.37 1136.87 3494.88
694000 1162.47 1202.44 1144.35 3509.25
696000 1168.15 1210.12 1151.87 3530.14
698000 1169.23 1215.77 1153.24 3538.23
700000 1173.72 1214.83 1154.41 3542.96
702000 1173.38 1219.3 1160.26 3552.94
704000 1177.66 1225.51 1164.8 3567.98
706000 1177.77 1231.04 1170.91 3579.72
708000 1178.57 1237.18 1175 3590.75
710000 1183.83 1239.51 1174.34 3597.68
712000 1189.53 1237.24 1176.9 3603.67
714000 1193.26 1241.04 1185.24 3619.54
716000 1200.68 1244.41 1190.29 3635.38
718000 1196.77 1247.91 1193.4 3638.07
720000 1195.33 1254.19 1194.57 3644.08
722000 1200.84 1259.72 1197.81 3658.37
724000 1203.48 1263.35 1196.39 3663.23
726000 1207.63 1269.06 1205.49 3682.18
728000 1205.58 1274.42 1211.63 3691.63
730000 1210 1274.37 1216.31 3700.68
732000 1210.54 1279.4 1217.14 3707.08
734000 1211.33 1284.99 1215.49 3711.81
736000 1216.67 1292.13 1217.9 3726.71
738000 1221.66 1296.25 1222.82 3740.73
740000 1223.1 1298.48 1228.27 3749.84
742000 1220.69 1299.13 1223.32 3743.14
744000 1226.63 1302.62 1226.77 3756.02
746000 1228.96 1303.3 1226.27 3758.53
748000 1232.7 1304.43 1230.1 3767.23
750000 1235.98 1307.94 1234.29 3778.2
752000 1238.25 1313.72 1233.9 3785.87
754000 1242.34 1315.04 1237.92 3795.3
756000 1243.65 1319.09 1245.85 3808.59
758000 1246.89 1323.47 1241.89 3812.25
760000 1249.05 1332.86 1247.22 3829.14
762000 1251.91 1341.83 1254.08 3847.82
764000 1254.62 1341.57 1255.32 3851.51
766000 1255.42 1343.41 1255.13 3853.97
768000 1261.51 1345.73 1257.97 3865.21
770000 1264.58 1346.28 1263.32 3874.18
772000 1271.3 1348.9 1263.12 3883.32
774000 1272.16 1349.59 1262.38 3884.12
776000 1272.77 1351.67 1265.72 3890.16
778000 1278.81 1353.6 1268.42 3900.83
780000 1283.64 1350.96 1269.93 3904.53
782000 1285.05 1351.09 1269.57 3905.71
784000 1285.3 1354.57 1272.47 3912.34
786000 1289.65 1359.57 1274.81 3924.02
788000 1292.9 1363.73 1277.14 3933.77
790000 1298.7 1372.24 1280.92 3951.87
792000 1299.14 1374.12 1282.25 3955.51
794000 1303.2 1377.56 1280.64 3961.41
796000 1314.37 1380.11 1279.49 3973.97
798000 1310.37 1387.95 1279.98 3978.3
800000 1312.52 1394.8 1277.41 3984.74
802000 1311.87 1400.7 1281.29 3993.86
804000 1315.73 1409.59 1291.04 4016.36
806000 1317.81 1408.27 1289.92 4015.99
808000 1324.56 1412.86 1296.63 4034.05
810000 1333.88 1407.59 1298.76 4040.23
812000 1333.43 1407.43 1299.34 4040.2
814000 1341.45 1414.72 1304.28 4060.45
816000 1344.9 1424.25 1304.78 4073.93
818000 1345.53 1426.14 1307.04 4078.71
820000 1349.25 1428.48 1297.98 4075.71
822000 1353.72 1431.79 1301.59 4087.09
824000 1367.14 1433.68 1304.67 4105.5
826000 1369 1435.63 1310.51 4115.13
828000 1375.32 1430.26 1315.16 4120.74
830000 1383.78 1436.77 1326.38 4146.93
832000 1386.15 1437.85 1331.47 4155.47
834000 1389.23 1447.35 1340.71 4177.3
836000 1389.48 1452.09 1344.67 4186.25
838000 1389.61 1455.31 1345.1 4190.02
840000 1388.29 1458.31 1352.18 4198.78
842000 1390.82 1462.73 1352.73 4206.28
844000 1398.74 1465.12 1353.77 4217.63
846000 1404.41 1468.16 1357.21 4229.78
848000 1400.54 1473.86 1355.22 4229.63
850000 1410.52 1474.74 1352.7 4237.96
852000 1416.17 1476.5 1357.53 4250.2
854000 1417.65 1477.43 1358.27 4253.34
856000 1421.48 1477.45 1361.94 4260.87
858000 1425.48 1478.57 1362.36 4266.41
860000 1426.6 1486.64 1366.59 4279.83
862000 1429.45 1490.89 1373.25 4293.59
864000 1429.13 1493.96 1374.52 4297.61
866000 1435.32 1501.53 1377.18 4314.03
868000 1439.62 1504.24 1380.77 4324.62
870000 1442.93 1500.31 1380.55 4323.79
872000 1445.12 1504.68 1385.06 4334.87
874000 1446.85 1513.12 1387.91 4347.88
876000 1446.45 1515.95 1391.21 4353.61
878000 1443.72 1518.31 1393.57 4355.6
880000 1443.84 1515.32 1394.14 4353.29
882000 1447.79 1523.25 1399.23 4370.28
884000 1454.54 1530.61 1399.22 4384.38
886000 1458.54 1534.94 1402.35 4395.83
888000 1463.74 1542.79 1407.31 4413.84
890000 1462.82 1544.17 1410.47 4417.47
892000 1467.73 1553.2 1410.22 4431.15
894000 1469.85 1560.81 1410.41 4441.07
896000 1471.96 1568.61 1416.41 4456.99
898000 1470.22 1569.73 1422.29 4462.24
900000 1473.02 1572.73 1416.11 4461.86
902000 1478 1578.23 1422.92 4479.14
904000 1480.66 1583.22 1426.26 4490.15
906000 1486.07 1586.17 1433.16 4505.4
908000 1491.11 1591.45 1435.26 4517.83
910000 1490.01 1595.29 1435.87 4521.16
912000 1497.5 1592.34 1436.51 4526.34
914000 1501.91 1594.98 1444.44 4541.34
916000 1500.35 1595.86 1446.16 4542.38
918000 1504.79 1595.34 1449.86 4550
920000 1507.53 1602.29 1451.98 4561.8
922000 1515.39 1606.88 1457.82 4580.09
924000 1515.82 1612.26 1460.66 4588.74
926000 1525.01 1613.07 1461.73 4599.81
928000 1524.12 1615.5 1466.41 4606.02
930000 1523.86 1618.38 1468.76 4611
932000 1525.4 1626.45 1468.65 4620.5
934000 1528.52 1631.79 1463.37 4623.68
936000 1526.98 1632.81 1464.54 4624.33
938000 1531.8 1633.47 1464.9 4630.17
940000 1538.48 1638.65 1463.84 4640.96
942000 1544.37 1643.37 1464.61 4652.35
944000 1543.78 1646.88 1467.48 4658.14
946000 1545.46 1649.6 1468.31 4663.37
948000 1551.83 1650.81 1481.59 4684.23
950000 1555.41 1654.14 1486.53 4696.08
952000 1560.47 1659.15 1486.84 4706.46
954000 1565.14 1661.6 1489.97 4716.7
956000 1571.63 1666.39 1489.79 4727.8
958000 1573.13 1667.67 1495.22 4736.02
960000 1574.4 1669.07 1495.12 4738.59
962000 1575.67 1675.21 1499.54 4750.43
964000 1575.27 1680.51 1500.58 4756.36
966000 1572.17 1681.8 1505.04 4759.02
968000 1568.91 1684.22 1511.23 4764.35
970000 1572.32 1687.55 1509.3 4769.17
972000 1583.35 1689.17 1511.09 4783.61
974000 1588.52 1693.46 1517.84 4799.81
976000 1599.79 1698.78 1519.85 4818.42
978000 1597.62 1702.79 1528.47 4828.88
980000 1601.93 1704.22 1532.12 4838.27
982000 1608.77 1707.99 1532.41 4849.17
984000 1609.06 1711.72 1538.25 4859.03
986000 1616.4 1716.68 1538.05 4871.14
988000 1621.81 1724.16 1541.87 4887.84
990000 1629.69 1728.72 1545.32 4903.73
992000 1631.57 1722.58 1549.6 4903.75
994000 1631.84 1720.44 1553.39 4905.67
996000 1629.48 1726.25 1553.09 4908.83
998000 1639.53 1729.71 1555.67 4924.91
1000000 1645.62 1727.85 1565.69 4939.15
1002000 1648.78 1734.07 1568.94 4951.79
1004000 1655.09 1739.16 1576.95 4971.2
1006000 1663.42 1747.45 1578.54 4989.41
1008000 1672.68 1748.79 1580.52 5001.99
1010000 1675.72 1752.41 1587.53 5015.66
1012000 1685.35 1755.36 1593.37 5034.08
1014000 1691.44 1758.1 1593.73 5043.26
1016000 1691.13 1759.63 1594.45 5045.21
1018000 1691.68 1764.57 1600.68 5056.93
1020000 1693.99 1763.23 1597.04 5054.25
1022000 1695.33 1769.57 1599.99 5064.89
1024000 1705.13 1765.92 1607.6 5078.64
1026000 1711.28 1769.17 1615.08 5095.53
1028000 1715.54 1769.58 1621.02 5106.13
1030000 1719.65 1772.82 1625.37 5117.84
1032000 1726.15 1781.57 1627.08 5134.79
1034000 1734.87 1785.11 1630.64 5150.62
1036000 1736.08 1792.45 1632.5 5161.03
1038000 1735.05 1792.7 1631.66 5159.41
1040000 1739.91 1797.76 1638.15 5175.82
1042000 1735.84 1795.05 1638.2 5169.09
1044000 1740.28 1794.46 1641.64 5176.39
1046000 1734.65 1796.44 1648.24 5179.33
1048000 1737.55 1798.3 1651.46 5187.3
1050000 1742.36 1798.82 1658.92 5200.11
1052000 1743.51 1803.56 1665.69 5212.76
1054000 1747.88 1800.41 1673.79 5222.07
1056000 1753.53 1796.21 1683.63 5233.37
1058000 1757.32 1807.04 1679.33 5243.68
1060000 1755.84 1811.45 1681.48 5248.77
1062000 1755.23 1814.84 1681.35 5251.42
1064000 1761.41 1814.9 1686.96 5263.27
1066000 1771.29 1815.95 1688.96 5276.2
1068000 1773.99 1819.16 1687.05 5280.21
1070000 1779.05 1812.28 1690.63 5281.96
1072000 1787.97 1815.5 1690.94 5294.4
1074000 1785.8 1821.56 1694.38 5301.74
1076000 1784.14 1827.6 1696.64 5308.38
1078000 1786.92 1835.93 1693.68 5316.53
1080000 1789.79 1837.78 1699.53 5327.11
1082000 1788 1843.95 1707.28 5339.23
1084000 1792.13 1847 1713.44 5352.58
1086000 1789 1849.72 1715.14 5353.86
1088000 1790.68 1862.02 1720.57 5373.27
1090000 1793.91 1862.04 1726.81 5382.76
1092000 1799.47 1866.55 1737.58 5403.59
1094000 1808.16 1872.53 1741.5 5422.19
1096000 1811.77 1876.62 1741.48 5429.87
1098000 1817.5 1873.84 1748.83 5440.16
1100000 1828.17 1874.34 1754.67 5457.18
1102000 1837.52 1879.6 1759.66 5476.78
1104000 1849.22 1884.88 1758.06 5492.15
1106000 1850.78 1891.56 1759.61 5501.95
1108000 1846.39 1897.56 1762.18 5506.14
1110000 1850.06 1903.39 1766.76 5520.2
1112000 1849.41 1910.46 1766.91 5526.78
1114000 1847.03 1913.97 1772.33 5533.33
1116000 1855.58 1914.94 1776.69 5547.2
1118000 1853.92 1917.58 1780.34 5551.84
1120000 1859.4 1922.47 1782.46 5564.33
1122000 1869.52 1929.06 1788.46 5587.04
1124000 1876.13 1927.95 1793.99 5598.07
1126000 1881.34 1928.77 1801.53 5611.65
1128000 1880.03 1929.83 1811.64 5621.5
1130000 1879.19 1930.13 1810.14 5619.46
1132000 1883.6 1942.84 1815.92 5642.35
1134000 1892.12 1946.79 1822.41 5661.32
1136000 1898.27 1948.89 1833.78 5680.94
1138000 1901.04 1951.58 1842.11 5694.73
1140000 1907.47 1953.2 1843.21 5703.88
1142000 1911.13 1952.93 1842.36 5706.42
1144000 1918.38 1957 1846.46 5721.84
1146000 1925.46 1957.49 1851.27 5734.22
1148000 1924.2 1965.97 1850.75 5740.91
1150000 1930.26 1964.21 1846.84 5741.31
1152000 1934.09 1964.2 1852.59 5750.88
1154000 1937.3 1972.15 1850.61 5760.06
1156000 1942.41 1974.99 1854.74 5772.13
1158000 1943.27 1972.37 1860.56 5776.2
1160000 1937.61 1979.98 1861.08 5778.68
1162000 1940.63 1986.61 1867.14 5794.39
1164000 1941.99 1987.46 1881.07 5810.53
1166000 1949.47 1990.98 1886.67 5827.12
1168000 1959.7 2000.82 1890.68 5851.2
1170000 1961.74 1999.7 1893.67 5855.11
1172000 1970.34 2008.2 1902.42 5880.96
1174000 1972.46 2013.93 1905.41 5891.81
1176000 1977.48 2020.17 1912.34 5909.99
1178000 1969.74 2017.29 1911.94 5898.97
1180000 1972.88 2019.74 1914.92 5907.54
1182000 1976.42 2018.61 1922.09 5917.12
1184000 1982.56 2018.14 1928.06 5928.76
1186000 1996.35 2024.96 1936.49 5957.8
1188000 1996.03 2034.71 1941.35 5972.09
1190000 2001.18 2043.08 1947.45 5991.7
1192000 2006.09 2052.38 1947.78 6006.25
1194000 2007.52 2048.17 1954.32 6010
1196000 2011.81 2047.82 1952.62 6012.25
1198000 2012.49 2051.4 1960.13 6024.02
1200000 2013.97 2047.83 1959.69 6021.49
1202000 2024.1 2052.19 1963.42 6039.71
1204000 2020.36 2055.89 1964.6 6040.85
1206000 2028.6 2052.99 1970.39 6051.98
1208000 2029.33 2059.48 1972.75 6061.56
1210000 2036.74 2061.81 1978.87 6077.42
1212000 2039.51 2064.18 1989.87 6093.56
1214000 2045.01 2062.84 1995.42 6103.27
1216000 2058.18 2065.98 2000.59 6124.75
1218000 2060.8 2067.3 2005.48 6133.58
1220000 2062.86 2061.58 2012.11 6136.55
1222000 2062.05 2067.73 2008.6 6138.38
1224000 2063.16 2070.56 2013.32 6147.04
1226000 2061.86 2080.47 2015.16 6157.49
1228000 2059.71 2077.44 2025.71 6162.85
1230000 2061.01 2085.69 2024.54 6171.23
1232000 2069.65 2083.93 2025.4 6178.97
1234000 2075.17 2085.29 2025.85 6186.31
1236000 2075.14 2088.37 2026.62 6190.13
1238000 2078.28 2094.01 2028.75 6201.04
1240000 2079.44 2100.26 2025.15 6204.86
1242000 2083.37 2104.44 2027.07 6214.88
1244000 2095.12 2110.68 2034.69 6240.49
1246000 2097.75 2108.89 2035.66 6242.3
1248000 2093.8 2106.12 2037.45 6237.37
1250000 2097.35 2104.73 2039.47 6241.55
1252000 2100.92 2102.7 2043.39 6247.01
1254000 2112.34 2104.01 2048.76 6265.11
1256000 2119.55 2107.22 2050.72 6277.49
1258000 2117.48 2116.34 2049.88 6283.7
1260000 2126.08 2111.64 2051.81 6289.53
1262000 2127.15 2117.1 2049.56 6293.81
1264000 2129.45 2122.23 2051.25 6302.92
1266000 2136.79 2125.19 2051.46 6313.45
1268000 2137.81 2122.48 2056.12 6316.41
1270000 2145.56 2125.82 2062.75 6334.13
1272000 2145.02 2129.39 2067.46 6341.87
1274000 2147.52 2130.09 2069.56 6347.17
1276000 2151.03 2128.05 2072.08 6351.16
1278000 2154.68 2130.25 2079.77 6364.7
1280000 2160.13 2133.54 2086.19 6379.87
1282000 2167.19 2133.12 2085.4 6385.71
1284000 2178.88 2140.37 2091.25 6410.5
1286000 2182.69 2142.01 2083.47 6408.16
1288000 2178.15 2144.48 2090.08 6412.71
1290000 2173.32 2150.11 2089.95 6413.38
1292000 2175.83 2155.44 2091.87 6423.15
1294000 2177.67 2160.56 2100.11 6438.35
1296000 2182.09 2159.46 2100.5 6442.04
1298000 2184.26 2161.48 2107.43 6453.17
1300000 2184.01 2167.69 2105.96 6457.66
1302000 2185.56 2175.1 2111.05 6471.71
1304000 2195.43 2174.68 2115.91 6486.02
1306000 2201.35 2184.19 2128.08 6513.62
1308000 2202.64 2189.62 2132.12 6524.38
1310000 2205.04 2187.07 2133.6 6525.7
1312000 2208 2189.66 2138.38 6536.05
1314000 2216.19 2193.38 2142.98 6552.55
1316000 2217.99 2195.43 2149.26 6562.68
1318000 2214.43 2189.87 2149.45 6553.75
1320000 2220.68 2192.08 2150.42 6563.19
1322000 2221.64 2197.74 2159.21 6578.59
1324000 2223.33 2199.69 2167.49 6590.51
1326000 2223.07 2210.26 2174.59 6607.92
1328000 2233.79 2217.93 2176.24 6627.96
1330000 2244.59 2217.21 2175.24 6637.04
1332000 2243.56 2220.1 2180.17 6643.84
1334000 2239.39 2216.4 2177.79 6633.58
1336000 2242.06 2225.41 2181.35 6648.82
1338000 2250.29 2228.45 2185.96 6664.7
1340000 2250.51 2235.89 2187.69 6674.09
1342000 2247.68 2244.17 2198.51 6690.36
1344000 2249.04 2257.66 2199.7 6706.39
1346000 2256.13 2259.33 2204.52 6719.98
1348000 2258.09 2264.92 2206.7 6729.7
1350000 2264.39 2259.3 2216.33 6740.02
1352000 2270.02 2259.04 2218.03 6747.09
1354000 2279.59 2266.12 2217.89 6763.6
1356000 2280.35 2272.25 2217.21 6769.81
1358000 2283.49 2271.37 2217.08 6771.95
1360000 2282.86 2279.75 2220.3 6782.91
1362000 2290.8 2284.04 2226.11 6800.94
1364000 2295.54 2289.61 2230.61 6815.76
1366000 2303.55 2296.75 2234.25 6834.55
1368000 2303.02 2300.89 2241.97 6845.88
1370000 2301.62 2306.19 2252.44 6860.24
1372000 2304.4 2311.07 2258.11 6873.58
1374000 2307.08 2308.25 2261.45 6876.78
1376000 2308 2314.57 2258.66 6881.24
1378000 2303.35 2323.06 2265.01 6891.41
1380000 2310.25 2328.76 2272.42 6911.43
1382000 2314.56 2333.66 2274.05 6922.27
1384000 2320.93 2339.89 2272.94 6933.76
1386000 2329.94 2345.43 2266.96 6942.32
1388000 2333.95 2341.2 2275.48 6950.63
1390000 2338.61 2345.25 2275.06 6958.92
1392000 2326.87 2344.9 2283.48 6955.25
1394000 2334.54 2354.84 2284.65 6974.03
1396000 2335.37 2353.14 2282.11 6970.61
1398000 2342.94 2352.99 2282.61 6978.54
1400000 2341.88 2360.9 2290.03 6992.81
1402000 2343.68 2361.27 2288.53 6993.48
1404000 2348.07 2369.28 2289.34 7006.7
1406000 2355.01 2378.98 2291.87 7025.86
1408000 2357.63 2374.1 2295.81 7027.54
1410000 2362.51 2376.87 2297.17 7036.56
1412000 2371.36 2372.58 2301.25 7045.19
1414000 2377.67 2383.16 2307.68 7068.51
1416000 2380.09 2385.63 2311.52 7077.24
1418000 2383.02 2388.09 2316.18 7087.29
1420000 2388.48 2392.9 2324.82 7106.19
1422000 2401.47 2396.93 2332.2 7130.6
1424000 2411.56 2393.17 2336.07 7140.8
1426000 2410.83 2396.12 2339 7145.94
1428000 2414.6 2399.57 2344.53 7158.7
1430000 2415.02 2406.71 2346.65 7168.38
1432000 2413.24 2419.85 2350.61 7183.69
1434000 2418.94 2419.36 2350.75 7189.05
1436000 2417.57 2421.2 2362.11 7200.88
1438000 2423.39 2419 2371.15 7213.53
1440000 2428.41 2423.57 2372.59 7224.58
1442000 2431.05 2425.48 2374.94 7231.47
1444000 2440.46 2433.1 2386.07 7259.63
1446000 2443.18 2434.26 2391.35 7268.79
1448000 2450.04 2441.02 2386.68 7277.74
1450000 2449.78 2444.09 2383.78 7277.65
1452000 2455.02 2447.98 2387.94 7290.94
1454000 2456.81 2454.2 2389.55 7300.56
1456000 2461.47 2459.76 2391.34 7312.57
1458000 2460.24 2461.82 2391.83 7313.89
1460000 2461.15 2469.89 2398.05 7329.1
1462000 2460.53 2471.06 2408.41 7340
1464000 2465.56 2475.76 2413.13 7354.45
1466000 2463.79 2479.67 2413.65 7357.11
1468000 2470.63 2483.91 2419.71 7374.25
1470000 2478.08 2488.82 2420.39 7387.29
1472000 2481.72 2496.37 2412.34 7390.43
1474000 2482.25 2496.56 2418.98 7397.79
1476000 2492.88 2503.48 2422.14 7418.49
1478000 2495.98 2503.78 2422.95 7422.71
1480000 2504.39 2508.36 2423.3 7436.05
1482000 2506.09 2508.96 2419.25 7434.31
1484000 2510.82 2507.45 2425.77 7444.04
1486000 2514 2507.75 2436.74 7458.5
1488000 2510.4 2514.95 2445.81 7471.17
1490000 2516.06 2521.78 2451.99 7489.83
1492000 2516.57 2530.15 2456.74 7503.46
1494000 2521.25 2537.5 2463.45 7522.2
1496000 2528.22 2536.65 2474.31 7539.18
1498000 2529.82 2537.49 2482.42 7549.73
1500000 2533.7 2534.04 2489.8 7557.54
1502000 2538.01 2543.17 2492.23 7573.4
1504000 2545.88 2546.25 2486.86 7578.99
1506000 2548.22 2544.08 2499.05 7591.35
1508000 2543.7 2550.65 2498.84 7593.18
1510000 2550.98 2548.98 2500.53 7600.49
1512000 2549.39 2545.23 2501.25 7595.87
1514000 2545.57 2553.96 2499.23 7598.77
1516000 2549.57 2555.31 2498.46 7603.35
1518000 2558.77 2557.22 2504.09 7620.08
1520000 2556.18 2563.64 2504.87 7624.7
1522000 2559.75 2563.11 2500.72 7623.59
1524000 2556.4 2568.23 2499.01 7623.63
1526000 2561.87 2572.76 2505.98 7640.62
1528000 2565.8 2571.77 2510.72 7648.29
1530000 2577.9 2578.41 2512.06 7668.37
1532000 2574.51 2580.07 2519.47 7674.06
1534000 2579.75 2584.56 2520.26 7684.57
1536000 2576.07 2580.84 2520.3 7677.21
1538000 2581.37 2587.91 2521.46 7690.73
1540000 2576.65 2586.53 2514.98 7678.16
1542000 2580.53 2603.44 2520.72 7704.69
1544000 2591.45 2605.27 2529.33 7726.05
1546000 2590.15 2607.24 2529.62 7727.01
1548000 2591.97 2605.81 2532.22 7730
1550000 2591.81 2621.89 2534.85 7748.56
1552000 2592.74 2624.26 2532.19 7749.2
1554000 2592.52 2627.13 2533.5 7753.16
1556000 2597.69 2630.64 2539.51 7767.84
1558000 2598.17 2628.28 2543.24 7769.7
1560000 2603.27 2628.21 2545.66 7777.14
1562000 2610.73 2628.55 2544.38 7783.66
1564000 2613.92 2628.46 2552.17 7794.55
1566000 2613.28 2626.87 2554.47 7794.62
1568000 2618.3 2631.35 2556.37 7806.02
1570000 2615.31 2633.44 2558.15 7806.9
1572000 2617.23 2633.07 2564.12 7814.42
1574000 2625.55 2628.54 2561.48 7815.56
1576000 2631.67 2629.83 2571.06 7832.56
1578000 2629.09 2638.26 2573.42 7840.77
1580000 2636.67 2638.83 2578.06 7853.56
1582000 2637.25 2643.36 2581.65 7862.26
1584000 2638.97 2647.1 2590.01 7876.08
1586000 2636.47 2641.39 2593.28 7871.14
1588000 2637.71 2647.52 2590.56 7875.79
1590000 2633.42 2655.04 2601.08 7889.53
1592000 2632.88 2659.11 2610.61 7902.6
1594000 2640.22 2663.9 2626.43 7930.54
1596000 2640.25 2667.85 2629.75 7937.85
1598000 2640.73 2675.04 2633.06 7948.83
1600000 2647.46 2669.69 2630.31 7947.46
1602000 2657.9 2672.57 2631.81 7962.27
1604000 2660.55 2667.65 2636.46 7964.67
1606000 2657.5 2671.82 2636.29 7965.62
1608000 2657.2 2676.88 2637.79 7971.86
1610000 2662.65 2681.5 2635.22 7979.37
1612000 2669.02 2684.55 2631.88 7985.46
1614000 2673.14 2688.41 2631.8 7993.36
1616000 2681.09 2691.24 2637.15 8009.48
1618000 2685.19 2693.88 2630.93 8010
1620000 2696.56 2695.29 2637.99 8029.85
1622000 2691.99 2700.09 2632.11 8024.19
1624000 2689.96 2703.42 2632.07 8025.44
1626000 2689.16 2706.59 2634.97 8030.71
1628000 2688.29 2708.36 2646.54 8043.19
1630000 2702.84 2717.15 2650.85 8070.83
1632000 2711.36 2717.41 2647.83 8076.6
1634000 2705.14 2726.53 2647.9 8079.57
1636000 2713.6 2730.42 2653.67 8097.69
1638000 2718.58 2738.24 2663.64 8120.47
1640000 2731.74 2736.02 2668.31 8136.07
1642000 2737.67 2737.42 2668.23 8143.32
1644000 2746.58 2733.59 2673.23 8153.41
1646000 2748.14 2731.89 2673.27 8153.31
1648000 2754.83 2731.97 2685.68 8172.48
1650000 2764.3 2732.46 2690.53 8187.29
1652000 2764.33 2741 2695.25 8200.58
1654000 2767.34 2740.37 2695.6 8203.31
1656000 2766.76 2745.54 2696.36 8208.67
1658000 2770.18 2753.53 2692.93 8216.64
1660000 2769.85 2758.2 2698.08 8226.13
1662000 2774.34 2756.7 2707.08 8238.12
1664000 2775.73 2761.91 2707.03 8244.68
1666000 2773.29 2762.13 2715.38 8250.8
1668000 2781.13 2770.99 2729.04 8281.16
1670000 2787.85 2778.41 2730.02 8296.27
1672000 2789.48 2777.24 2740.48 8307.21
1674000 2788.27 2789.98 2743.49 8321.74
1676000 2786.74 2795.07 2748.68 8330.5
1678000 2792.66 2799.58 2744.48 8336.72
1680000 2789.76 2799.67 2748.64 8338.07
1682000 2796.5 2803.8 2750.04 8350.33
1684000 2804.1 2809.99 2750.64 8364.74
1686000 2809.06 2811.68 2758.77 8379.51
1688000 2816.73 2808.12 2749.07 8373.92
1690000 2811.53 2810.02 2748.62 8370.17
1692000 2824.79 2818.56 2757.82 8401.16
1694000 2830.28 2821.37 2762.86 8414.51
1696000 2827.1 2829.94 2767.83 8424.87
1698000 2825.86 2836.7 2771.76 8434.32
1700000 2829.24 2839.93 2776.08 8445.24
1702000 2829.6 2840.1 2778.51 8448.2
1704000 2836.59 2833.65 2792.3 8462.54
1706000 2840.39 2841.53 2797.06 8478.98
1708000 2838.98 2856.24 2797.67 8492.89
1710000 2843.74 2860.26 2804.14 8508.14
1712000 2844.68 2856.74 2808.56 8509.98
1714000 2846.62 2863.09 2812.09 8521.81
1716000 2848.13 2860.48 2815.76 8524.37
1718000 2856.53 2861.86 2821.22 8539.6
1720000 2866.92 2864.53 2806.21 8537.66
1722000 2875.87 2868.79 2808.24 8552.9
1724000 2876.83 2867.04 2811.89 8555.76
1726000 2874.48 2866.63 2813.64 8554.75
1728000 2873.52 2865.32 2816.58 8555.42
1730000 2876.97 2861.88 2825.2 8564.05
1732000 2876.58 2867.09 2828.43 8572.1
1734000 2869.43 2870.88 2823.4 8563.71
1736000 2876.79 2867.63 2822.76 8567.18
1738000 2878.85 2875.74 2830.39 8584.98
1740000 2876.89 2872.01 2830.48 8579.38
1742000 2878.78 2874.54 2831.96 8585.29
1744000 2885.77 2864 2839.57 8589.34
1746000 2881.46 2863.79 2836.81 8582.06
1748000 2893.99 2859.57 2836.19 8589.75
1750000 2900.23 2867.61 2837.79 8605.63
1752000 2898.3 2862.94 2833.87 8595.11
1754000 2904.54 2866.42 2841.34 8612.31
1756000 2901.09 2870.96 2834.65 8606.7
1758000 2905.27 2866.38 2836.52 8608.17
1760000 2906.8 2878.85 2845.43 8631.07
1762000 2903.33 2879.84 2851.2 8634.36
1764000 2910.1 2886.69 2853.21 8650
1766000 2914.77 2892.26 2855.36 8662.39
1768000 2927.6 2897.75 2864.37 8689.72
1770000 2935.94 2901.44 2876.12 8713.5
1772000 2938.8 2897.33 2873.15 8709.28
1774000 2945.25 2898.05 2875.75 8719.05
1776000 2947.07 2901.54 2879.48 8728.09
1778000 2947.77 2910.25 2887.33 8745.36
1780000 2938.14 2921.04 2901.5 8760.68
1782000 2941.47 2927.28 2902.1 8770.86
1784000 2943.38 2926.95 2902.9 8773.23
1786000 2945.18 2930.31 2909.12 8784.62
1788000 2951.14 2931.54 2907.25 8789.94
1790000 2949.83 2929.97 2907.31 8787.11
1792000 2957.25 2938.67 2908.31 8804.23
1794000 2961.45 2945.35 2919.38 8826.19
1796000 2970.58 2943.41 2917.87 8831.86
1798000 2979.08 2941.67 2917.86 8838.6
1800000 2978.81 2933.79 2920.62 8833.22
1802000 2987.39 2942.48 2926.36 8856.23
1804000 2995.77 2945.74 2934.09 8875.6
1806000 3002.26 2946.37 2933.66 8882.29
1808000 3000.24 2951.7 2943.2 8895.14
1810000 2996.99 2954.12 2949.2 8900.32
1812000 2990.66 2964.26 2953.71 8908.63
1814000 2992.64 2963.48 2960.81 8916.93
1816000 2993.14 2960.24 2965.61 8918.99
1818000 2998.81 2973.47 2959.26 8931.54
1820000 2999.95 2979.42 2960.04 8939.41
1822000 3001.54 2987.43 2962.67 8951.64
1824000 3005.94 2997.6 2968.24 8971.78
1826000 3002.05 2994.82 2974.22 8971.09
1828000 3003.95 3000.74 2972.6 8977.3
1830000 3004.77 3003.2 2981.48 8989.45
1832000 3011.02 3014.01 2977.68 9002.71
1834000 3015.24 3026.14 2974.23 9015.6
1836000 3024.74 3035.25 2972.15 9032.14
1838000 3031.95 3034.77 2972.05 9038.77
1840000 3035.84 3029.67 2971.9 9037.4
1842000 3040.04 3043.43 2970.48 9053.95
1844000 3051.27 3043.46 2965.54 9060.27
1846000 3044.77 3042.17 2976.59 9063.53
1848000 3042.26 3049.24 2976.24 9067.74
1850000 3052.98 3054.21 2972.03 9079.22
1852000 3059.78 3059.38 2977.71 9096.87
1854000 3059.72 3059.39 2989.32 9108.43
1856000 3060.24 3060.62 2989.97 9110.83
1858000 3055.18 3062.56 2991.14 9108.87
1860000 3053.1 3060.37 2994.05 9107.52
1862000 3057.96 3065.46 3002.68 9126.1
1864000 3060.81 3076.16 3011.37 9148.34
1866000 3066.21 3084.3 3018.8 9169.31
1868000 3079.84 3085.5 3023.24 9188.57
1870000 3085.75 3090.95 3028.85 9205.54
1872000 3093.95 3097.14 3032.98 9224.07
1874000 3088.34 3105.95 3034.87 9229.16
1876000 3094.27 3103.84 3036.46 9234.58
1878000 3089.91 3111.25 3043.17 9244.33
1880000 3097.44 3116.34 3043.26 9257.04
1882000 3102.78 3117.12 3042.4 9262.3
1884000 3103.97 3122.9 3043.63 9270.51
1886000 3106.5 3121.32 3051.97 9279.79
1888000 3115.79 3128.42 3051.75 9295.95
1890000 3126.16 3131.34 3053.39 9310.89
1892000 3128.23 3140.92 3064.44 9333.6
1894000 3122.22 3143.7 3082.83 9348.75
1896000 3130.17 3141.5 3086.22 9357.88
1898000 3126.55 3150.64 3085.72 9362.91
1900000 3138.91 3157.44 3089.26 9385.62
1902000 3138.08 3169.62 3097.44 9405.15
1904000 3148 3164.22 3102.35 9414.57
1906000 3148.91 3167.99 3112.42 9429.32
1908000 3151.03 3176.08 3115.69 9442.8
1910000 3154.7 3174.15 3112.42 9441.26
1912000 3152.97 3181.06 3102.72 9436.75
1914000 3151.95 3182.62 3114.87 9449.44
1916000 3144.6 3180.75 3116.08 9441.43
1918000 3141.99 3179.52 3126.34 9447.86
1920000 3150.54 3188.24 3127.58 9466.35
1922000 3159.97 3187.55 3132.27 9479.78
1924000 3165.98 3189.5 3138.42 9493.9
1926000 3170.18 3193.78 3146.47 9510.43
1928000 3172.38 3198.2 3151.9 9522.48
1930000 3172.04 3204.57 3147.49 9524.09
1932000 3175.42 3204.54 3150.9 9530.85
1934000 3184.59 3207.79 3145.31 9537.68
1936000 3191.78 3223.32 3138.37 9553.47
1938000 3197.35 3222.88 3140.95 9561.18
1940000 3199.48 3225.62 3140.37 9565.47
1942000 3203.33 3225.74 3144.12 9573.2
1944000 3210.31 3237.62 3143.29 9591.22
1946000 3215.17 3237.49 3141.43 9594.09
1948000 3223.65 3232.98 3149.06 9605.69
1950000 3232.25 3239.53 3154.32 9626.09
1952000 3243.04 3243.62 3155.92 9642.58
1954000 3246.15 3249.12 3158.26 9653.54
1956000 3245.73 3252.61 3170.87 9669.2
1958000 3247.37 3258.66 3179.54 9685.57
1960000 3246.88 3262.74 3186.85 9696.47
1962000 3251.34 3261.99 3183.47 9696.8
1964000 3257.17 3264.51 3192.15 9713.83
1966000 3265.31 3271.22 3188.23 9724.77
1968000 3270.71 3268.75 3187.41 9726.86
1970000 3271.1 3273.02 3192.93 9737.05
1972000 3278.32 3276.65 3196.07 9751.04
1974000 3278.07 3274.1 3196.17 9748.34
1976000 3287.81 3275.47 3197.7 9760.99
1978000 3295.06 3276.49 3196.38 9767.93
1980000 3304.12 3274.52 3200.49 9779.12
1982000 3314.96 3274.14 3199.59 9788.7
1984000 3316.19 3276.97 3210.25 9803.41
1986000 3320.13 3280.93 3209.29 9810.35
1988000 3323.11 3287.17 3219.3 9829.58
1990000 3316.86 3288.1 3223.09 9828.05
1992000 3319.13 3298.45 3216.86 9834.43
1994000 3323.95 3305.02 3213.85 9842.83
1996000 3329.99 3303.53 3213.35 9846.87
1998000 3342.19 3299.36 3211.79 9853.34
2000000 3341.3 3302.69 3209.64 9853.63
