# Time-averaged data for fix savemsd
# TimeStep c_msd[1] c_msd[2] c_msd[3] c_msd[4]
0 1.51929e-30 0 9.71468e-31 2.49076e-30
2000 3.06336 3.3387 3.6131 10.0152
4000 6.88158 8.26367 5.61442 20.7597
6000 14.2464 11.5662 10.5784 36.3911
8000 15.0425 13.886 11.7919 40.7203
10000 15.164 15.5452 18.6259 49.3351
12000 19.5782 16.637 24.6128 60.828
14000 22.3709 21.4015 33.8019 77.5742
16000 24.6249 22.0658 36.8447 83.5355
18000 25.5109 24.1271 40.17 89.808
20000 26.3398 25.8462 37.5249 89.711
22000 32.0795 27.9749 39.2871 99.3416
24000 36.9344 33.6342 42.8208 113.389
26000 33.901 40.3268 41.4209 115.649
28000 37.4975 41.5254 41.8166 120.84
30000 42.8627 41.4478 42.5481 126.859
32000 42.1361 38.1177 49.5618 129.816
34000 44.1429 38.07 56.4301 138.643
36000 47.118 45.8498 62.4366 155.404
38000 41.293 63.3088 65.7042 170.306
40000 48.5368 53.0194 64.3822 165.938
42000 54.0546 54.6661 71.9226 180.643
44000 60.6549 63.6777 77.1588 201.491
46000 59.6356 79.7246 79.1681 218.528
48000 59.3053 80.894 81.1187 221.318
50000 66.9634 79.5326 77.0605 223.557
52000 72.8147 89.4986 81.6077 243.921
54000 86.3888 94.6187 96.9726 277.98
56000 91.7851 100.201 92.1198 284.106
58000 100.301 106.003 110.965 317.27
60000 95.5934 108.369 125.824 329.787
62000 91.0939 119.021 147.903 358.018
64000 91.1906 111.369 156.074 358.633
66000 87.1781 116.986 159.909 364.073
68000 97.0782 126.505 149.456 373.039
70000 91.0694 122.949 155.986 370.004
72000 95.0114 127.917 151.957 374.885
74000 103.945 129.366 148.595 381.906
76000 108.057 136.149 152.096 396.302
78000 106.251 145.898 153.187 405.336
80000 135.524 142.785 146.263 424.572
82000 130.362 141.35 156.778 428.491
84000 137.452 145.188 150.643 433.283
86000 141.771 142.633 164.755 449.16
88000 152.561 148.429 174.375 475.365
90000 163.618 142.028 175.828 481.475
92000 163.613 152.494 172.804 488.912
94000 168.533 160.83 164.055 493.417
96000 177.241 168.055 168.536 513.832
98000 184.888 161.751 187.706 534.346
100000 168.03 158.424 175.486 501.94
102000 167.112 170.805 163.773 501.69
104000 172.647 164.883 163.942 501.472
106000 178.248 168.593 161.289 508.13
108000 187.953 161.653 159.903 509.509
110000 197.505 169.811 175.527 542.842
112000 195.735 184.956 175.407 556.098
114000 199.343 174.694 172.835 546.872
116000 195.371 166.222 193.975 555.568
118000 218.844 176.206 216.704 611.754
120000 227.259 196.263 234.579 658.101
122000 221.536 196.636 234.775 652.947
124000 237.448 212.559 237.663 687.67
126000 238.221 253.135 255.796 747.152
128000 253.758 256.77 252.286 762.814
130000 280.736 263.674 257.87 802.28
132000 283.971 262.619 253.38 799.971
134000 295.108 261.929 252.962 809.998
136000 295.226 283.438 252.464 831.127
138000 294.434 262.854 237.935 795.223
140000 282.588 273.75 267.587 823.925
142000 285.181 289.391 254.883 829.455
144000 279.178 306.216 256.761 842.155
146000 289.051 312.931 284.549 886.53
148000 286.581 299.759 289.531 875.871
150000 292.889 285.4 299.137 877.427
152000 295.132 276.78 303.556 875.468
154000 292.258 259.9 315.513 867.671
156000 301.966 272.176 297.752 871.894
158000 313.943 274.66 313.086 901.689
160000 317.3 272.136 297.192 886.629
162000 298.958 288.966 287.195 875.119
164000 288.119 289.186 303.049 880.354
166000 276.176 307.709 305.198 889.083
168000 272.575 322.611 318.428 913.613
170000 264.842 323.861 324.438 913.141
172000 255.304 298.242 329.63 883.176
174000 311.147 285.997 328.418 925.562
176000 352.037 262.698 335.005 949.741
178000 380.738 265.744 346.42 992.901
180000 390.178 272.551 341.983 1004.71
182000 381.289 264.248 328.541 974.078
184000 377.437 267.496 357.191 1002.12
186000 407.74 277.752 375.85 1061.34
188000 409.383 269.403 368.72 1047.51
190000 415.178 270.325 367.675 1053.18
192000 426.56 285.79 386.395 1098.75
194000 413.398 283.012 398.237 1094.65
196000 415.767 293.887 395.195 1104.85
198000 415.155 321.437 394.089 1130.68
200000 385.435 318.638 418.883 1122.96
202000 393.366 330.281 430.412 1154.06
204000 415.291 365.163 434.104 1214.56
206000 407.977 377.015 439.787 1224.78
208000 396.162 382.46 431.188 1209.81
210000 407.699 401.442 446.573 1255.71
212000 434.122 412.397 429.979 1276.5
214000 428.251 430.51 406.561 1265.32
216000 429.082 440.161 401.186 1270.43
218000 418.753 483.009 387.745 1289.51
220000 420.61 492.841 371.757 1285.21
222000 422.869 490.084 369.11 1282.06
224000 437.027 498.808 357.711 1293.55
226000 417.247 466.908 372.469 1256.62
228000 416.317 474.695 343.713 1234.73
230000 430.153 469.257 373.576 1272.99
232000 428.36 466.783 392.817 1287.96
234000 430.35 477.265 373.657 1281.27
236000 436.274 473.517 349.081 1258.87
238000 445.871 479.805 361.677 1287.35
240000 430.128 504.873 375.799 1310.8
242000 403.521 498.932 386.904 1289.36
244000 390.406 512.47 386.09 1288.97
246000 380.393 505.096 366.214 1251.7
248000 402.796 535.037 360.609 1298.44
250000 402.03 533.348 371.143 1306.52
252000 402.03 564.753 368.581 1335.36
254000 421.749 574.613 365.594 1361.96
256000 426.416 570.116 387.887 1384.42
258000 419.62 566.135 387.629 1373.38
260000 407.634 548.464 394.444 1350.54
262000 402.217 531.113 376.487 1309.82
264000 414.964 533.129 380.528 1328.62
266000 446.696 532.336 400.778 1379.81
268000 443.59 564.68 391.419 1399.69
270000 451.358 565.264 424.287 1440.91
272000 474.443 563.534 428.004 1465.98
274000 464.409 542.423 433.276 1440.11
276000 471.724 540.856 472.423 1485
278000 496.928 493.301 499.006 1489.24
280000 500.846 494.904 476.483 1472.23
282000 493.232 522.335 483.52 1499.09
284000 507.715 538.84 507.077 1553.63
286000 493.32 564.093 501.208 1558.62
288000 504.755 528.002 526.687 1559.44
290000 507.923 535.655 506.034 1549.61
292000 497.818 546.393 493.929 1538.14
294000 478.044 539.392 520.934 1538.37
296000 505.037 552.401 529.499 1586.94
298000 526.926 559.566 545.311 1631.8
300000 527.94 560.424 574.147 1662.51
302000 511.688 558.158 559.503 1629.35
304000 513.944 574.488 557.418 1645.85
306000 501.158 587.75 561.027 1649.94
308000 487.064 569.299 563.239 1619.6
310000 462.654 569.405 571.159 1603.22
312000 489.707 595.009 580.774 1665.49
314000 492.748 607.386 581.126 1681.26
316000 541.488 635.553 564.043 1741.08
318000 529.652 641.476 554.292 1725.42
320000 537.788 627.351 557.575 1722.71
322000 537.535 648.933 530.743 1717.21
324000 527.658 657.301 563.038 1748
326000 532.17 669.482 554.68 1756.33
328000 530.312 658.599 544.947 1733.86
330000 535.063 671.473 543.162 1749.7
332000 539 635.586 582.837 1757.42
334000 550.076 675.975 579.113 1805.16
336000 552.991 688.167 583.806 1824.96
338000 553.702 689.307 601.264 1844.27
340000 567.999 673.976 585.061 1827.04
342000 549.872 698.602 645.538 1894.01
344000 572.871 756.337 668.928 1998.14
346000 579.371 794.855 675.091 2049.32
348000 560.279 811.44 691.587 2063.31
350000 545.588 811.61 676.006 2033.2
352000 534.484 801.57 682.393 2018.45
354000 543.049 827.745 696.25 2067.04
356000 551.037 834.748 692.321 2078.11
358000 543.032 775.407 709.034 2027.47
360000 553.424 781.608 698.487 2033.52
362000 552.318 760.42 675.797 1988.53
364000 542.214 790.824 666.861 1999.9
366000 553.084 767.21 665.817 1986.11
368000 543.095 784.092 619.071 1946.26
370000 537.779 817.01 629.092 1983.88
372000 561.839 813.433 616.865 1992.14
374000 571.057 810.718 630.484 2012.26
376000 541.386 830.845 648.333 2020.56
378000 541.644 830.256 649.606 2021.51
380000 545.886 838.105 668.365 2052.36
382000 517.394 795.757 671.885 1985.04
384000 533.374 821.176 666.105 2020.66
386000 517.454 851.197 699.304 2067.96
388000 500.974 865.063 684.904 2050.94
390000 518.777 861.591 699.621 2079.99
392000 538.772 856.469 715.046 2110.29
394000 538.074 845.151 724.751 2107.98
396000 550.337 831.354 701.994 2083.68
398000 535.123 821.212 732.629 2088.96
400000 523.418 796.816 738.348 2058.58
402000 541.885 765.469 771.352 2078.71
404000 547.346 778.501 781.932 2107.78
406000 548.104 857.479 755.043 2160.63
408000 523.644 854.545 793.287 2171.48
410000 515.624 861.142 790.169 2166.93
412000 533.787 834.333 782.116 2150.24
414000 522.521 842.482 816.811 2181.81
416000 528.749 828.056 806.853 2163.66
418000 538.734 820.237 833.649 2192.62
420000 547.299 817.912 831.01 2196.22
422000 579.512 838.804 815.807 2234.12
424000 587.532 814.643 827.949 2230.12
426000 587.2 831.409 853.871 2272.48
428000 560.204 825.182 854.051 2239.44
430000 594.296 813.657 828.036 2235.99
432000 604.02 815.936 803.843 2223.8
434000 643.937 817.965 832.088 2293.99
436000 642.785 807.99 852.112 2302.89
438000 643.68 833.859 878.408 2355.95
440000 636.017 819.714 853.388 2309.12
442000 635.713 805.021 906.564 2347.3
444000 649.421 803.892 906.731 2360.04
446000 649.087 803.638 915.657 2368.38
448000 660.54 841.128 926.077 2427.74
450000 671.049 809.459 908.523 2389.03
452000 672.683 820.476 934.146 2427.3
454000 656.146 816.196 951.001 2423.34
456000 624.388 828.45 957.13 2409.97
458000 649.787 823.591 981.548 2454.93
460000 634.136 843.761 985.951 2463.85
462000 636.913 885.43 1020.81 2543.16
464000 596.052 921.062 1015.83 2532.95
466000 606.357 942.459 1011.98 2560.79
468000 605.343 937.907 1002.44 2545.69
470000 607.593 988.311 1029.12 2625.03
472000 574.569 996.684 1027.66 2598.91
474000 584.083 999.795 1042.08 2625.96
476000 598.974 998.578 1052.45 2650
478000 635.155 1087.07 1082.96 2805.19
480000 635.754 1090.2 1081.46 2807.41
482000 625.217 1110.37 1092.14 2827.72
484000 658.901 1113.56 1088.21 2860.67
486000 677.193 1118.3 1124.26 2919.75
488000 711.452 1138.22 1101.48 2951.15
490000 674.913 1193 1167.84 3035.76
492000 680.407 1221.49 1148.57 3050.47
494000 682.4 1214 1175.04 3071.44
496000 697.648 1265.27 1198.2 3161.12
498000 710.163 1259.44 1186.84 3156.44
500000 746.896 1200.9 1190.06 3137.85
502000 734.95 1244.34 1243.71 3223
504000 759.697 1211.3 1295.28 3266.27
506000 775.045 1235.81 1266.71 3277.56
508000 737.649 1272.01 1271.65 3281.31
510000 732.9 1302.94 1266.2 3302.04
512000 734.476 1324.81 1271.27 3330.56
514000 776.649 1321.28 1299.1 3397.03
516000 744.255 1322.22 1268.99 3335.46
518000 751.492 1322.66 1333.06 3407.22
520000 756.374 1380.97 1344.17 3481.51
522000 745.134 1449.72 1291.86 3486.71
524000 751.19 1414.91 1301.21 3467.31
526000 748.749 1406.84 1280.49 3436.08
528000 744.9 1431.82 1300.13 3476.85
530000 767.221 1458.88 1310.12 3536.21
532000 756.705 1493.74 1319.86 3570.31
534000 766.062 1505.06 1329.45 3600.58
536000 756.948 1520.54 1343.66 3621.14
538000 780.139 1522.93 1341.77 3644.83
540000 783.377 1495.48 1379.71 3658.56
542000 808.708 1485.14 1409.56 3703.41
544000 862.545 1451.48 1427.38 3741.4
546000 877.213 1408.31 1445.19 3730.71
548000 904.867 1373.03 1436.2 3714.1
550000 905.241 1393.67 1445.67 3744.58
552000 887.699 1384.37 1463.22 3735.29
554000 860.01 1443.1 1492.41 3795.52
556000 856.657 1403.27 1546.9 3806.83
558000 830.86 1408.21 1590.84 3829.9
560000 841.713 1420.8 1574.02 3836.53
562000 873.684 1416.12 1567.51 3857.31
564000 827.832 1397.62 1561.95 3787.4
566000 864.782 1425.27 1617.52 3907.58
568000 847.763 1425.12 1619.2 3892.08
570000 862.51 1377.16 1640.72 3880.39
572000 860.641 1379.63 1640.73 3881.01
574000 869.982 1365.15 1659.68 3894.81
576000 858.656 1401.49 1631.57 3891.72
578000 891.924 1409.25 1632.29 3933.46
580000 875.091 1369.75 1602.07 3846.91
582000 897.473 1348.69 1624.31 3870.47
584000 906.194 1344.99 1653.59 3904.78
586000 925.728 1371.85 1654.95 3952.53
588000 932.12 1418.72 1615.06 3965.9
590000 899.171 1429.94 1586.63 3915.74
592000 918.862 1409.86 1586.25 3914.97
594000 914.503 1355.71 1600.75 3870.97
596000 948.283 1313.83 1617.19 3879.3
598000 986.222 1278.67 1651.53 3916.43
600000 980.416 1294.91 1661.94 3937.26
602000 973.861 1349.46 1679.02 4002.35
604000 980.864 1338.73 1691.93 4011.52
606000 957.938 1384.06 1706.65 4048.65
608000 939.954 1404.49 1707.49 4051.94
610000 951.52 1367.95 1681.35 4000.82
612000 908.644 1345.54 1645.32 3899.5
614000 939.928 1380.05 1619.5 3939.47
616000 965.332 1363.53 1641.12 3969.99
618000 955.136 1356.68 1705.29 4017.11
620000 964.566 1304.71 1650.14 3919.41
622000 976.71 1280.4 1648.16 3905.27
624000 1006.54 1257.09 1666.95 3930.59
626000 980.379 1230.8 1656.98 3868.17
628000 1006.05 1212.31 1638.8 3857.16
630000 1020.42 1175.88 1631.98 3828.28
632000 1025.99 1151.28 1620.2 3797.47
634000 1114.64 1172.23 1638.7 3925.57
636000 1117.53 1179.34 1599.68 3896.55
638000 1170.05 1165.57 1625.59 3961.21
640000 1162.42 1207.99 1688.5 4058.92
642000 1123.97 1164.2 1724.38 4012.55
644000 1104.78 1157.44 1713.93 3976.14
646000 1131.28 1179.76 1688.7 3999.74
648000 1154.62 1198.85 1635.54 3989.01
650000 1175.49 1244.59 1575.89 3995.98
652000 1182.73 1246.76 1595.49 4024.98
654000 1172.81 1209.17 1575.86 3957.84
656000 1200.25 1209.8 1600.59 4010.65
658000 1271.16 1204.68 1612.93 4088.77
660000 1284.21 1228.21 1628.08 4140.5
662000 1254.12 1238.63 1653.07 4145.81
664000 1255.67 1222.22 1632.9 4110.79
666000 1277.78 1259.56 1619.06 4156.4
668000 1239.09 1256.91 1616.7 4112.69
670000 1252.83 1240.32 1634.16 4127.32
672000 1262.36 1253.09 1664.6 4180.04
674000 1267.95 1247.95 1684.68 4200.58
676000 1284.65 1245.65 1709.77 4240.06
678000 1291.3 1216 1697.56 4204.86
680000 1290.52 1215.02 1690.84 4196.38
682000 1296.74 1196.69 1706.55 4199.98
684000 1286.61 1173.13 1682.74 4142.48
686000 1253.36 1183.7 1741.73 4178.79
688000 1251.35 1196.13 1716.13 4163.61
690000 1288.49 1192.27 1705.94 4186.7
692000 1290.89 1188.93 1701.71 4181.53
694000 1283.51 1194.68 1728.67 4206.86
696000 1309.4 1187.44 1767.54 4264.39
698000 1327.47 1203.41 1808.91 4339.78
700000 1353.7 1197.37 1781.21 4332.27
702000 1357.25 1182.69 1751.05 4290.99
704000 1371.05 1140.61 1752.04 4263.7
706000 1374.92 1189.89 1717.13 4281.94
708000 1390.57 1204.21 1726.49 4321.27
710000 1433.55 1196.62 1774.6 4404.78
712000 1456.97 1203.88 1750.39 4411.24
714000 1473.06 1240.32 1758.45 4471.84
716000 1427.6 1312.69 1729.22 4469.51
718000 1402.57 1323.54 1737.67 4463.78
720000 1415.58 1294.74 1740.57 4450.89
722000 1406.16 1268.69 1738.58 4413.43
724000 1404.42 1276.33 1723.52 4404.26
726000 1370.3 1275.96 1710.43 4356.68
728000 1379.89 1286.81 1703.09 4369.79
730000 1434.95 1255.37 1679.56 4369.88
732000 1423.97 1235.66 1679.43 4339.06
734000 1398.07 1252.23 1623.01 4273.31
736000 1452.71 1233.91 1592.34 4278.96
738000 1446.39 1244.66 1629.09 4320.14
740000 1404.2 1193.74 1677.2 4275.14
742000 1395.39 1191.25 1708.45 4295.09
744000 1379.17 1165.45 1680.17 4224.78
746000 1408.67 1208.67 1682.42 4299.76
748000 1423.7 1190.85 1690.91 4305.46
750000 1426.4 1234.09 1708.92 4369.41
752000 1434.98 1227.69 1694.96 4357.63
754000 1462.88 1237.46 1627.41 4327.75
756000 1438.45 1266.31 1664.96 4369.72
758000 1512.46 1300.73 1701.43 4514.63
760000 1568.06 1298.04 1717.39 4583.49
762000 1544.45 1305.56 1727.62 4577.62
764000 1623.78 1305.22 1748.02 4677.02
766000 1593.58 1300.94 1730.4 4624.92
768000 1622.01 1262.7 1770.96 4655.67
770000 1573.91 1287.8 1814.52 4676.23
772000 1594.83 1262.56 1824.22 4681.6
774000 1567.28 1241.54 1855.89 4664.71
776000 1573.02 1229.16 1927.75 4729.93
778000 1616.35 1217.4 1897.24 4730.99
780000 1652.37 1267.69 1957.73 4877.79
782000 1712.24 1218.01 2018.9 4949.14
784000 1699.02 1214.38 1991.29 4904.69
786000 1657.33 1264.94 1978.25 4900.52
788000 1663.06 1285.29 1992.25 4940.6
790000 1699.4 1333.12 2052.48 5085
792000 1717.48 1397.8 2061.77 5177.04
794000 1706 1440.4 2086.36 5232.76
796000 1755.29 1435.4 2091.6 5282.29
798000 1740.68 1451.68 2121.96 5314.33
800000 1739.47 1466.43 2057.46 5263.36
802000 1721.29 1475.55 2100.77 5297.61
804000 1776.89 1416.58 2100.19 5293.67
806000 1789.53 1500.79 2112.52 5402.84
808000 1873.36 1582.41 2080.05 5535.83
810000 1920.08 1666.68 2028.53 5615.29
812000 1975.58 1677.15 2033.86 5686.59
814000 1949.42 1641.35 2094.36 5685.12
816000 1975.35 1634.63 2107.71 5717.69
818000 1962.4 1653.78 2105.6 5721.77
820000 1885.03 1654.5 2114.42 5653.96
822000 1869.12 1618.89 2121.55 5609.57
824000 1949.62 1581.87 2111.85 5643.34
826000 1902.95 1578.67 2132.6 5614.22
828000 1851.77 1589.31 2139.11 5580.19
830000 1881.43 1621.33 2159.61 5662.37
832000 1914.71 1594.7 2143.66 5653.08
834000 1921.74 1606.4 2144.56 5672.7
836000 1945.24 1587.1 2166.7 5699.05
838000 1964.5 1575.34 2162.36 5702.2
840000 1981.85 1606.07 2206.97 5794.9
842000 1978.22 1589.76 2135.79 5703.77
844000 2023.18 1583.63 2127.72 5734.53
846000 2002.8 1547.01 2144.58 5694.4
848000 2002.54 1540.25 2208.8 5751.59
850000 2008.81 1603.77 2231.13 5843.72
852000 2069.05 1678.93 2222.54 5970.52
854000 2091.8 1654.35 2251.53 5997.67
856000 2098.83 1642.82 2308.67 6050.32
858000 2081.6 1677.25 2319.05 6077.9
860000 2082.36 1707.76 2339.06 6129.19
862000 2126.72 1680.6 2338.88 6146.2
864000 2078.42 1704.05 2318.65 6101.12
866000 2049.33 1660.56 2346.85 6056.73
868000 2067.07 1657.75 2356.25 6081.07
870000 2021.14 1686.62 2399.16 6106.92
872000 2032.7 1717.56 2379.35 6129.61
874000 2050.75 1735.29 2376.09 6162.12
876000 2038.48 1688.79 2341.46 6068.73
878000 2080.27 1670.74 2324.11 6075.11
880000 2092.67 1715.97 2325.85 6134.5
882000 2114.48 1686.56 2329.72 6130.76
884000 2080.41 1689.04 2331.97 6101.42
886000 2040.37 1681.31 2263.27 5984.94
888000 2090.02 1682.74 2234.58 6007.33
890000 2066.67 1663.82 2237.09 5967.58
892000 2055.8 1648.26 2183.33 5887.39
894000 2061.83 1643.14 2166.58 5871.55
896000 2088.79 1688.56 2147.22 5924.56
898000 2083.74 1636.26 2115.16 5835.17
900000 2136.45 1620.26 2127.43 5884.15
902000 2102.93 1610.27 2195.19 5908.39
904000 2126.86 1607.38 2150.2 5884.44
906000 2085.92 1655.53 2120 5861.45
908000 2067.24 1665.18 2148.71 5881.13
910000 2059.56 1705.58 2117.63 5882.76
912000 2084.14 1749.74 2076.61 5910.49
914000 2151.72 1699.08 2070.6 5921.4
916000 2199.13 1714.56 2058.86 5972.55
918000 2173.49 1719.58 2009.62 5902.7
920000 2109.48 1714.14 1994.33 5817.96
922000 2117.84 1730.01 1979.22 5827.07
924000 2154.77 1732.11 2006.94 5893.82
926000 2168.79 1751.95 2037.35 5958.09
928000 2196.86 1757.91 2068.81 6023.59
930000 2173 1753.12 1993.08 5919.2
932000 2078.13 1800.7 2033.45 5912.28
934000 2065.81 1740.08 2083.13 5889.01
936000 2062.89 1707.54 2074.08 5844.51
938000 2040.9 1700.39 2107.23 5848.52
940000 2067.23 1691.66 2080.5 5839.39
942000 2045.48 1682.69 2117.82 5845.99
944000 2051.85 1649.03 2066.61 5767.49
946000 2024.3 1636.18 2026.71 5687.19
948000 2023.24 1670.92 2053.97 5748.13
950000 1976.79 1638.24 2014.96 5629.99
952000 2063.37 1614.15 1969.52 5647.05
954000 2078.2 1593.59 2036.74 5708.53
956000 2059.08 1570.52 2065.74 5695.34
958000 2088.64 1543.8 2129 5761.44
960000 2039.51 1522.06 2133.67 5695.23
962000 2032.72 1539.26 2120.65 5692.63
964000 2005.38 1542.05 2134.35 5681.77
966000 1975.21 1490.54 2160.1 5625.85
968000 1958.42 1525.24 2088.41 5572.07
970000 1954.13 1533.09 2106.51 5593.74
972000 1924.92 1546.28 2093.72 5564.92
974000 1924.3 1558.2 2137.17 5619.67
976000 1982.39 1593.69 2145.16 5721.24
978000 2007.91 1588.26 2145.13 5741.3
980000 2058.71 1608.62 2124.49 5791.82
982000 2050.83 1600.14 2099.02 5749.99
984000 2082.51 1584.81 2065.65 5732.97
986000 2039.6 1587.85 2088.64 5716.09
988000 2050.41 1548.16 2077.68 5676.24
990000 2020.44 1552.39 2117.96 5690.79
992000 2019.29 1616.82 2146.34 5782.45
994000 2012.78 1638.08 2169.98 5820.84
996000 2044.94 1655.27 2204.89 5905.1
998000 2046.74 1675.56 2328.25 6050.55
1000000 2002.1 1756.5 2304.99 6063.59
1002000 2049.09 1732.59 2285.99 6067.67
1004000 2071.35 1687.1 2325.79 6084.24
1006000 2065.44 1648.22 2307.43 6021.1
1008000 2091.18 1633.27 2318.38 6042.83
1010000 2118.12 1645.57 2308.07 6071.76
1012000 2151.7 1630.77 2346.19 6128.66
1014000 2140.84 1634.26 2355.09 6130.2
1016000 2063.08 1675.14 2386.63 6124.86
1018000 2064.61 1668.98 2351.48 6085.07
1020000 2088.01 1673.68 2355.01 6116.7
1022000 2126.23 1611.06 2337.85 6075.14
1024000 2053.33 1645.14 2265.11 5963.59
1026000 2069.91 1649.29 2243.91 5963.11
1028000 2039.91 1609.48 2265.09 5914.48
1030000 2011.97 1586.05 2260.47 5858.49
1032000 2043.74 1605.75 2225.32 5874.8
1034000 2083.31 1619.49 2145.76 5848.57
1036000 2146.63 1611.46 2153.16 5911.25
1038000 2192.67 1646.84 2112.46 5951.97
1040000 2162.17 1710.55 2101.93 5974.65
1042000 2135.51 1711.81 2087.01 5934.33
1044000 2161.29 1724.76 2108.64 5994.69
1046000 2194.91 1698.84 2084.78 5978.53
1048000 2290.72 1695.95 2052.68 6039.35
1050000 2255.05 1661.88 2020.92 5937.84
1052000 2248.89 1673.65 2043.46 5966
1054000 2183.98 1643.7 2070.73 5898.42
1056000 2207.19 1624.09 2091.13 5922.41
1058000 2144.74 1588.59 2073.44 5806.77
1060000 2152.76 1566.32 2049.51 5768.6
1062000 2145.85 1583.56 1981.42 5710.83
1064000 2196.15 1627 2014.71 5837.86
1066000 2285.56 1642.03 1990.54 5918.13
1068000 2349.26 1661.37 1969.35 5979.98
1070000 2341.09 1700.87 1957.35 5999.31
1072000 2426.55 1678.22 2014.77 6119.54
1074000 2415.36 1611.32 2029.54 6056.22
1076000 2434.7 1611.62 2059.01 6105.33
1078000 2535.07 1652.13 2045.6 6232.8
1080000 2592.12 1619.69 2035.03 6246.85
1082000 2548.84 1631.08 2035.97 6215.9
1084000 2441.24 1650.06 2071.72 6163.02
1086000 2418.43 1631.81 2123.41 6173.65
1088000 2407.73 1656.77 2101.13 6165.62
1090000 2428.11 1637.08 2126.69 6191.88
1092000 2467.45 1670.17 2131.77 6269.39
1094000 2421.71 1627.13 2112.65 6161.49
1096000 2388.89 1609 2116.29 6114.18
1098000 2409.57 1726.88 2088.61 6225.07
1100000 2394.63 1767.73 2125.78 6288.14
1102000 2414.84 1798.04 2135.2 6348.08
1104000 2394.44 1846.17 2154.96 6395.57
1106000 2370.6 1822.45 2128.44 6321.49
1108000 2382.01 1780.32 2154.78 6317.1
1110000 2374.53 1844.08 2231.16 6449.77
1112000 2398.48 1841.9 2262.24 6502.62
1114000 2388.54 1824.64 2276.37 6489.56
1116000 2460.73 1879.37 2280.15 6620.25
1118000 2395.4 1901.65 2269.6 6566.65
1120000 2378.95 1902.34 2250.35 6531.64
1122000 2424.32 1878.58 2164.83 6467.74
1124000 2429.78 1964.04 2141.05 6534.87
1126000 2404.43 1938.6 2147.65 6490.68
1128000 2480.83 1901.58 2163 6545.41
1130000 2467.62 1903.08 2214.9 6585.59
1132000 2465.92 1928.07 2258.86 6652.86
1134000 2487.81 1997.41 2180.21 6665.43
1136000 2556.54 2003.96 2179.24 6739.73
1138000 2531.07 1995.65 2233.49 6760.21
1140000 2521.66 1960.7 2234.89 6717.24
1142000 2480.3 1987.81 2230.38 6698.49
1144000 2501.29 1968.27 2208.13 6677.69
1146000 2511.36 1943 2191.68 6646.04
1148000 2436.18 1922.57 2129.09 6487.84
1150000 2489.92 1903.07 2144.01 6537
1152000 2480.48 1924.42 2179.06 6583.97
1154000 2565.84 1925 2135.11 6625.95
1156000 2584.5 1898.81 2186.17 6669.48
1158000 2586.1 1913.78 2236.76 6736.64
1160000 2631.62 1886.89 2192.37 6710.88
1162000 2638.43 1864.95 2243.62 6746.99
1164000 2632.74 1875.95 2286.63 6795.33
1166000 2644.67 1914.47 2265.58 6824.72
1168000 2635.47 1921.01 2201.46 6757.94
1170000 2615.06 1885.8 2231.84 6732.71
1172000 2573.15 1920.88 2235.13 6729.16
1174000 2585.64 1902.2 2261.44 6749.28
1176000 2598.39 1901.12 2248.31 6747.82
1178000 2606.99 1942.03 2206.48 6755.5
1180000 2606.12 2033.49 2174.89 6814.5
1182000 2695.77 2032.81 2204.32 6932.91
1184000 2680.14 2057.87 2209.56 6947.57
1186000 2728.68 2040.65 2244.27 7013.6
1188000 2754.42 2009.33 2268.21 7031.96
1190000 2786.27 2032.28 2217.63 7036.18
1192000 2725.25 2039.37 2218.47 6983.1
1194000 2760.1 2000.56 2253.33 7013.99
1196000 2790.7 1943.94 2271.33 7005.97
1198000 2786.27 1953.22 2313.86 7053.34
1200000 2791.06 1871.75 2300.26 6963.07
1202000 2790.56 1880.26 2271.25 6942.07
1204000 2790.84 1867.05 2328.34 6986.23
1206000 2741.88 1897.82 2290.95 6930.65
1208000 2704.39 1935.25 2315.89 6955.53
1210000 2700.43 1975.92 2281.35 6957.7
1212000 2701.29 1973.87 2303.04 6978.2
1214000 2716.96 1991.87 2278.75 6987.57
1216000 2720.68 2042.25 2322.83 7085.76
1218000 2714.36 2071.1 2326.9 7112.36
1220000 2707.04 2092.5 2393.12 7192.65
1222000 2672.45 2135.41 2409.22 7217.08
1224000 2594.5 2124 2415.84 7134.33
1226000 2539.44 2142.94 2408.19 7090.57
1228000 2527.16 2115.89 2353.2 6996.25
1230000 2459.9 2135.8 2306.55 6902.25
1232000 2436.25 2134.57 2264.82 6835.64
1234000 2433.02 2141.49 2259.48 6833.99
1236000 2437.26 2134.13 2267.37 6838.76
1238000 2467.66 2156.9 2294.32 6918.88
1240000 2475.78 2181.67 2300.83 6958.28
1242000 2450.98 2247.9 2356.08 7054.96
1244000 2418.6 2304.75 2443.86 7167.2
1246000 2413.02 2280.25 2446.02 7139.28
1248000 2341.33 2268.87 2414.18 7024.39
1250000 2382.54 2307.76 2466.26 7156.55
1252000 2427.44 2345.91 2501.99 7275.34
1254000 2440.34 2402.95 2546.55 7389.84
1256000 2425.11 2400.8 2517.16 7343.07
1258000 2505.14 2437.74 2526.26 7469.14
1260000 2574.67 2432.15 2510.12 7516.94
1262000 2565.68 2403.34 2507.07 7476.09
1264000 2617.31 2429.06 2553.77 7600.14
1266000 2561.87 2530.65 2516.04 7608.56
1268000 2512.7 2532.62 2512.12 7557.44
1270000 2565.99 2553.25 2523.35 7642.59
1272000 2547.54 2634.33 2510.91 7692.78
1274000 2502.65 2630.56 2492.58 7625.79
1276000 2513.87 2644.9 2458.71 7617.48
1278000 2509.74 2634.48 2438.25 7582.47
1280000 2447.89 2678.87 2450.75 7577.5
1282000 2438.29 2600.67 2388.18 7427.14
1284000 2426.86 2625.77 2433.58 7486.21
1286000 2435.99 2606.4 2452.9 7495.29
1288000 2398.15 2533.68 2490.76 7422.59
1290000 2416.65 2588.51 2521.79 7526.95
1292000 2408.15 2569.67 2515.57 7493.38
1294000 2419.28 2509.34 2491.25 7419.87
1296000 2415.84 2526.16 2514.71 7456.71
1298000 2350.35 2451.45 2558.14 7359.94
1300000 2295.11 2457.58 2577.72 7330.41
1302000 2321.28 2355.73 2584.12 7261.13
1304000 2320.11 2402.66 2590.5 7313.27
1306000 2337.63 2413.64 2626.15 7377.42
1308000 2356.14 2501.41 2650.27 7507.82
1310000 2339.72 2535.07 2628.53 7503.31
1312000 2355.26 2458.51 2686.99 7500.76
1314000 2315.96 2462.53 2662.89 7441.38
1316000 2335.13 2444.65 2712.37 7492.15
1318000 2293.8 2440.41 2716.61 7450.81
1320000 2284.33 2380.88 2715.61 7380.83
1322000 2320.65 2406.32 2750.48 7477.45
1324000 2303.87 2407.37 2710.07 7421.31
1326000 2285.76 2398.16 2654.75 7338.67
1328000 2308.4 2400.18 2737.04 7445.62
1330000 2287.1 2429.2 2748.86 7465.16
1332000 2333.83 2425.52 2765.45 7524.8
1334000 2379.47 2471.89 2733.8 7585.17
1336000 2451.05 2500.68 2671.73 7623.46
1338000 2433.43 2467.24 2688.98 7589.65
1340000 2413.8 2545.98 2759.35 7719.14
1342000 2465.99 2546.63 2799 7811.62
1344000 2529.34 2522.41 2850.13 7901.87
1346000 2438.75 2546.57 2839.47 7824.78
1348000 2464.49 2515.17 2823.57 7803.23
1350000 2451.07 2452.66 2839.12 7742.85
1352000 2513.06 2480.74 2834.13 7827.93
1354000 2497.42 2477.99 2800.01 7775.42
1356000 2478.83 2496.64 2873.08 7848.55
1358000 2541.3 2541.44 2888.15 7970.88
1360000 2526.56 2480.9 2977.13 7984.59
1362000 2529.07 2431.4 3039.92 8000.39
1364000 2611.9 2422.44 3136.18 8170.52
1366000 2579.31 2483.69 3078.08 8141.08
1368000 2636.51 2510.29 3073.05 8219.84
1370000 2672.74 2554.79 3075.57 8303.1
1372000 2676.91 2571.41 3017.84 8266.17
1374000 2675.63 2579.86 3059.03 8314.51
1376000 2729.52 2547.43 3044.54 8321.49
1378000 2692.84 2596.4 3010.87 8300.11
1380000 2713.85 2599.68 3007.67 8321.2
1382000 2777.15 2600.79 3017.93 8395.87
1384000 2851.03 2611.7 2985.1 8447.83
1386000 2918.08 2585.66 2946.25 8449.98
1388000 2926.71 2632.55 2928.38 8487.64
1390000 3000.6 2654.42 2922.16 8577.17
1392000 3044.2 2576.38 2979.83 8600.4
1394000 3036.41 2597.85 3015.53 8649.79
1396000 2991.81 2608.86 3027.45 8628.13
1398000 3084.26 2626.87 3000.75 8711.88
1400000 3125 2597.7 2985.4 8708.1
1402000 3113.29 2588.73 3004.49 8706.51
1404000 3095.48 2541.5 3006.03 8643.01
1406000 3103.55 2523.56 2990.78 8617.89
1408000 3067.06 2506.47 2954.34 8527.87
1410000 3139.13 2544.03 2953.03 8636.19
1412000 3104.36 2492.72 2946.58 8543.66
1414000 3124.93 2484.18 2943.87 8552.98
1416000 3096.9 2479.23 2959.71 8535.84
1418000 3089.96 2450.2 2939.12 8479.29
1420000 3118.08 2511.51 2914.15 8543.73
1422000 3220.81 2471.44 2858.42 8550.68
1424000 3262.33 2465.48 2806.65 8534.46
1426000 3241.85 2420.65 2853.15 8515.65
1428000 3258.71 2409.63 2756.93 8425.27
1430000 3217.97 2461 2673.97 8352.94
1432000 3149.88 2446.81 2763.22 8359.91
1434000 3125.85 2367.92 2785.52 8279.3
1436000 3134.47 2354.42 2764.93 8253.82
1438000 3142.9 2345.91 2769.75 8258.55
1440000 3200.92 2333.2 2806.7 8340.82
1442000 3223.08 2378.96 2830.01 8432.04
1444000 3236.04 2363.62 2799.4 8399.06
1446000 3251 2349.27 2833.55 8433.82
1448000 3227.77 2391.36 2826.42 8445.55
1450000 3253.86 2428.9 2847.54 8530.3
1452000 3258.2 2392.32 2839.26 8489.78
1454000 3254.03 2437.11 2815.58 8506.73
1456000 3204.64 2403.01 2727.39 8335.05
1458000 3236.9 2429.31 2750.45 8416.66
1460000 3259.16 2381.92 2774.98 8416.06
1462000 3269.22 2388.06 2736.23 8393.51
1464000 3304.65 2267.76 2724.43 8296.84
1466000 3301.17 2249.86 2704.44 8255.47
1468000 3279.59 2286.21 2650.13 8215.92
1470000 3323.42 2284.17 2676.2 8283.79
1472000 3388.06 2291.42 2640.34 8319.82
1474000 3418.67 2248.65 2632.27 8299.59
1476000 3469.45 2222.38 2692.37 8384.21
1478000 3448.89 2233.9 2683.24 8366.03
1480000 3493.92 2240.96 2754.51 8489.39
1482000 3478.51 2161.34 2742.22 8382.06
1484000 3505.17 2186.04 2783.77 8474.98
1486000 3456.37 2082.1 2811.27 8349.74
1488000 3480.1 2055.69 2776.87 8312.66
1490000 3479.71 2027.23 2842.77 8349.72
1492000 3436.19 2071.79 2807.09 8315.08
1494000 3516.81 2123.37 2912.31 8552.48
1496000 3460.31 2145.66 2929.62 8535.6
1498000 3543.38 2160.56 2885.97 8589.91
1500000 3570.41 2134.2 2979.43 8684.04
1502000 3565.37 2076.03 2958.41 8599.81
1504000 3604.98 2052.53 2992.33 8649.84
1506000 3664.71 2086.66 3003.62 8754.99
1508000 3736.54 2162.67 3006.49 8905.7
1510000 3774.06 2127.89 3010.81 8912.76
1512000 3850.3 2147.93 2998.23 8996.46
1514000 3898.9 2157.87 2984.09 9040.87
1516000 3894.16 2143.47 2947.05 8984.67
1518000 3953.19 2163.93 2898.89 9016
1520000 3942.02 2174.21 2904.26 9020.49
1522000 3879.93 2163.94 2877.3 8921.18
1524000 3886.82 2130.42 2919.69 8936.93
1526000 3870.96 2116.21 2792.46 8779.63
1528000 3943.76 2119.76 2817.41 8880.93
1530000 3982.33 2118.76 2810.54 8911.64
1532000 3972.45 2104.4 2746.3 8823.15
1534000 3868.69 2064.42 2728.33 8661.44
1536000 4032.75 2018.57 2744.06 8795.38
1538000 4068.9 2004.12 2730.81 8803.83
1540000 4051.49 2070.82 2735.04 8857.35
1542000 4097.82 2070.54 2722.73 8891.09
1544000 4123.89 1989.37 2727.88 8841.14
1546000 4065.77 2011.44 2780.6 8857.81
1548000 4037 2060.09 2763.39 8860.48
1550000 4115.07 2154.41 2728.56 8998.04
1552000 3982.03 2166.75 2721.09 8869.87
1554000 3909.42 2096.32 2688.5 8694.24
1556000 3843 2062.87 2692.72 8598.59
1558000 3895.86 2084.44 2666.44 8646.74
1560000 3871.85 2134.81 2742.82 8749.49
1562000 3841.76 2161.64 2823.93 8827.34
1564000 3866.09 2185.8 2875.02 8926.9
1566000 3877.16 2182.41 2867.61 8927.18
1568000 3837.59 2199.88 2855.43 8892.9
1570000 3848.35 2238.5 2867.18 8954.03
1572000 3849.64 2298.87 2848.9 8997.41
1574000 3900.08 2232.6 2857.84 8990.52
1576000 3876.43 2214.92 2925.46 9016.81
1578000 3892.85 2186.81 2978.31 9057.97
1580000 3871.14 2176.48 2946.12 8993.75
1582000 3889.82 2158.65 3006.65 9055.13
1584000 3888.68 2128.35 3031.89 9048.93
1586000 3893.17 2140.65 2993.01 9026.83
1588000 3847.71 2041.6 2977.02 8866.33
1590000 3871.55 2078.78 3004.97 8955.3
1592000 3878.05 2062.76 3006.13 8946.94
1594000 3814.31 2032.61 2944.96 8791.89
1596000 3773.92 2076.11 2961.51 8811.54
1598000 3794.63 2057.69 2967.03 8819.34
1600000 3743.19 2080.23 2984.83 8808.26
1602000 3686.25 2065.17 3002.83 8754.25
1604000 3680.23 2027.58 3003.36 8711.17
1606000 3658.44 2048.62 2963.92 8670.98
1608000 3713.63 2115.75 2972.81 8802.19
1610000 3763.28 2093.19 2863.62 8720.1
1612000 3694.49 2055.8 2859.87 8610.17
1614000 3698.64 2017.66 2832.58 8548.88
1616000 3698.86 2000.1 2810.36 8509.32
1618000 3767.53 2002.72 2788.93 8559.19
1620000 3749.93 2029.83 2780.67 8560.44
1622000 3751.34 2174.03 2815.69 8741.06
1624000 3757.02 2099.91 2842.14 8699.08
1626000 3749.96 2148.66 2857.09 8755.71
1628000 3806.94 2134.56 2806.65 8748.15
1630000 3779.77 2112.37 2790.98 8683.12
1632000 3855.7 2092.9 2811.89 8760.49
1634000 3858.74 2124.85 2829.89 8813.49
1636000 3841.14 2124.51 2783.41 8749.05
1638000 3881.25 2100.21 2834.85 8816.31
1640000 3876.32 2117.39 2862.46 8856.17
1642000 3910.83 2117 2903.25 8931.08
1644000 3898.3 2140.86 2952.16 8991.31
1646000 3901.72 2143.45 2968.52 9013.69
1648000 3962.78 2128.71 3054.78 9146.27
1650000 3991.76 2121.04 3027.02 9139.82
1652000 4036.99 2140.18 3065.5 9242.67
1654000 4041.49 2112.74 3091.01 9245.24
1656000 4062.51 2153.96 3042.3 9258.77
1658000 4105.17 2182.32 3058.62 9346.11
1660000 4168.94 2184.86 3078.23 9432.03
1662000 4211.57 2185.88 3032.38 9429.84
1664000 4267.29 2215.1 3016.22 9498.61
1666000 4211.82 2166.02 3001.75 9379.59
1668000 4252.57 2181.68 3006.95 9441.2
1670000 4321.97 2097.78 3062.14 9481.88
1672000 4231.06 2095.17 3026.39 9352.63
1674000 4203.91 2089.36 2986.48 9279.75
1676000 4283.81 2073.98 3016.22 9374.01
1678000 4448.13 2041.86 3056.53 9546.52
1680000 4488.18 2069.92 3099.09 9657.18
1682000 4520.67 1958.47 3042.19 9521.33
1684000 4582.07 1996.32 3077.35 9655.74
1686000 4726.86 2026.84 3060.33 9814.03
1688000 4716.08 2022.25 3048.69 9787.03
1690000 4724.7 2031.96 3056.98 9813.65
1692000 4682.82 2013.37 3059.46 9755.64
1694000 4591.92 2002.45 3053.48 9647.85
1696000 4571.22 2038.82 3016.83 9626.87
1698000 4521.55 2054.56 3019.89 9596
1700000 4532.81 2080.11 3029.04 9641.96
1702000 4498.62 2057.13 3035.92 9591.67
1704000 4520.28 2028.35 2933.18 9481.8
1706000 4531.54 2018.93 2921.22 9471.69
1708000 4565.58 2013.57 2971.37 9550.53
1710000 4619.61 2007.51 3039.21 9666.34
1712000 4548.68 2021.26 3055.11 9625.04
1714000 4538.87 2038.53 3033.43 9610.82
1716000 4442.19 2023.91 3069.72 9535.82
1718000 4415.03 2030.98 3117.51 9563.52
1720000 4358.41 2067.04 3141.93 9567.38
1722000 4358.7 2122.24 3207.91 9688.85
1724000 4418.26 2086.14 3226.9 9731.3
1726000 4405.72 2129.49 3234.36 9769.57
1728000 4467.75 2092.79 3291.9 9852.45
1730000 4445.4 2173.92 3267.42 9886.75
1732000 4500.63 2228.4 3258.79 9987.81
1734000 4441.84 2212.69 3274.76 9929.28
1736000 4392.72 2170.44 3329.75 9892.91
1738000 4430.8 2229.74 3329.94 9990.48
1740000 4406.9 2229.85 3313.3 9950.05
1742000 4314.11 2229.72 3244.84 9788.67
1744000 4390.96 2209.62 3226.65 9827.24
1746000 4396.06 2251.83 3265.02 9912.9
1748000 4426.02 2283.33 3274.84 9984.18
1750000 4430.93 2258.46 3321.93 10011.3
1752000 4458 2259.83 3361.8 10079.6
1754000 4440.96 2342.3 3383.59 10166.8
1756000 4443.62 2372.83 3380.32 10196.8
1758000 4526.26 2356.06 3434.17 10316.5
1760000 4490.23 2377.45 3461.09 10328.8
1762000 4448.54 2425.89 3421.64 10296.1
1764000 4463.59 2514.6 3328.9 10307.1
1766000 4455.87 2535.39 3305.01 10296.3
1768000 4535.45 2557.51 3269.68 10362.6
1770000 4457.27 2507.36 3228.85 10193.5
1772000 4412.39 2501.45 3133.65 10047.5
1774000 4489.2 2557.03 3129.17 10175.4
1776000 4505.15 2534.83 3159.97 10200
1778000 4489.68 2567.94 3215.11 10272.7
1780000 4450.86 2540.7 3181.03 10172.6
1782000 4442.5 2538.77 3176.8 10158.1
1784000 4341.82 2544.23 3199.63 10085.7
1786000 4351.97 2590.64 3314.33 10256.9
1788000 4347.38 2573.52 3265.83 10186.7
1790000 4372.08 2574.61 3278.5 10225.2
1792000 4318.34 2595.47 3277.9 10191.7
1794000 4346.57 2655.28 3238.32 10240.2
1796000 4376.17 2650.56 3247.29 10274
1798000 4463.27 2723.49 3302.91 10489.7
1800000 4525.53 2691.9 3309.66 10527.1
1802000 4503.79 2680.13 3318.55 10502.5
1804000 4553.2 2740.29 3394.37 10687.9
1806000 4556.8 2761.91 3462.67 10781.4
1808000 4587.71 2786.32 3548.6 10922.6
1810000 4557.33 2787.51 3531.58 10876.4
1812000 4556.41 2810.21 3545.24 10911.9
1814000 4565.77 2844.71 3504.64 10915.1
1816000 4536.37 2841.76 3568.39 10946.5
1818000 4519.92 2816.84 3568.86 10905.6
1820000 4470.14 2832.37 3559.03 10861.5
1822000 4447.27 2859.43 3600.54 10907.2
1824000 4461.03 2868.66 3644.56 10974.2
1826000 4570.15 2861.54 3674.27 11106
1828000 4634.8 2821.94 3709.97 11166.7
1830000 4532.37 2783.88 3822.05 11138.3
1832000 4578.32 2829.75 3736.88 11144.9
1834000 4622.53 2866.72 3723.82 11213.1
1836000 4671.16 2873.13 3641.31 11185.6
1838000 4704.39 2858.96 3598.03 11161.4
1840000 4661.29 2817.16 3560.58 11039
1842000 4728.56 2806.38 3555.68 11090.6
1844000 4729.13 2785.86 3574.84 11089.8
1846000 4684.92 2796.71 3599.89 11081.5
1848000 4781.73 2815.49 3586.82 11184
1850000 4712.66 2792.87 3555.88 11061.4
1852000 4722.33 2804.72 3542.6 11069.7
1854000 4805.59 2841.84 3556.96 11204.4
1856000 4821.25 2849.64 3654.28 11325.2
1858000 4851.76 2884.72 3617.76 11354.2
1860000 4829 2851.45 3599.29 11279.7
1862000 4823.75 2797.44 3532.79 11154
1864000 4920.31 2794.89 3569.63 11284.8
1866000 4911.41 2720.61 3572.35 11204.4
1868000 4932.31 2697.09 3536.2 11165.6
1870000 4913.42 2692.98 3472.49 11078.9
1872000 4871.77 2695.68 3455.33 11022.8
1874000 4777.27 2675.42 3483.62 10936.3
1876000 4852.67 2667.63 3475.01 10995.3
1878000 4877.76 2644.87 3525.48 11048.1
1880000 4869.92 2674.59 3503.84 11048.4
1882000 4818.61 2665.99 3494.67 10979.3
1884000 4856.48 2733.79 3575.94 11166.2
1886000 4804.16 2744.66 3549.22 11098
1888000 4780.67 2787.48 3530.6 11098.7
1890000 4898.56 2794.62 3441.63 11134.8
1892000 4925.26 2674.88 3421.68 11021.8
1894000 4889.72 2676.15 3393.22 10959.1
1896000 4816.6 2684.15 3380.96 10881.7
1898000 4818.45 2742.65 3461.54 11022.6
1900000 4807.75 2774.66 3477.52 11059.9
1902000 4822.48 2798.02 3436.65 11057.1
1904000 4822.41 2787.59 3415.64 11025.6
1906000 4857.29 2838.45 3378.93 11074.7
1908000 4839.91 2811.49 3395.86 11047.3
1910000 4836.51 2812.07 3393.2 11041.8
1912000 4891.18 2809.65 3390.34 11091.2
1914000 4853.81 2872.02 3396.99 11122.8
1916000 4780.41 2920.89 3363.28 11064.6
1918000 4687.1 2909.95 3410.61 11007.7
1920000 4683.39 2943.06 3385.23 11011.7
1922000 4676.81 2906.12 3465.33 11048.3
1924000 4699.97 2927.87 3502.39 11130.2
1926000 4823.25 2901.79 3491.55 11216.6
1928000 4791.39 2919.4 3443.5 11154.3
1930000 4805.32 2903.01 3437.42 11145.8
1932000 4817.16 2868.74 3424.03 11109.9
1934000 4969.36 2804.1 3456.94 11230.4
1936000 4974.72 2755.49 3442.4 11172.6
1938000 4959.84 2849.75 3370.61 11180.2
1940000 5099.55 2883.24 3404.01 11386.8
1942000 5166.42 2887.61 3381.45 11435.5
1944000 5159.59 2923.29 3355.84 11438.7
1946000 5124.36 2957.59 3345.36 11427.3
1948000 5113.68 3053.61 3348 11515.3
1950000 5114.64 3076.1 3342.17 11532.9
1952000 5178.34 3027.87 3284.43 11490.6
1954000 5197.39 3106.28 3275.32 11579
1956000 5209.47 3100.32 3310.21 11620
1958000 5195.4 2993.81 3254.71 11443.9
1960000 5173.52 3045.06 3307.17 11525.7
1962000 5292.6 3071.58 3284.49 11648.7
1964000 5261.23 3032.5 3335.44 11629.2
1966000 5297.53 3061.32 3372.78 11731.6
1968000 5333.03 3061.05 3343.99 11738.1
1970000 5388.85 3098.71 3343.45 11831
1972000 5355.85 3111.21 3348.32 11815.4
1974000 5341.69 3154.43 3351.66 11847.8
1976000 5352.52 3113.79 3377.01 11843.3
1978000 5315.37 3134.42 3365.05 11814.8
1980000 5363.82 3186.4 3360.84 11911.1
1982000 5313.3 3186.43 3289.26 11789
1984000 5307.4 3213.93 3245.17 11766.5
1986000 5359.87 3264.76 3193.61 11818.2
1988000 5399.97 3315.16 3165 11880.1
1990000 5365.54 3316.66 3172.12 11854.3
1992000 5334.12 3368.35 3183.76 11886.2
1994000 5452.63 3373.15 3316.61 12142.4
1996000 5476.15 3413.78 3252.78 12142.7
1998000 5453.55 3461.39 3275.85 12190.8
2000000 5430.26 3489.98 3266.14 12186.4
