# Time-averaged data for fix savemsd
# TimeStep c_msd[1] c_msd[2] c_msd[3] c_msd[4]
0 1.82607e-33 0 3.10431e-32 3.28692e-32
2000 7.28033 7.75228 8.22942 23.262
4000 13.4083 15.2614 15.963 44.6328
6000 21.0342 22.733 22.9044 66.6716
8000 28.7738 30.8184 31.6575 91.2498
10000 36.2535 40.1857 37.647 114.086
12000 42.351 47.3742 43.5869 133.312
14000 49.2776 57.0059 52.3586 158.642
16000 60.1766 64.0687 58.894 183.139
18000 69.3184 70.5975 67.2526 207.168
20000 76.7797 79.9687 75.1399 231.888
22000 85.8782 87.2973 80.346 253.521
24000 91.4847 93.4783 87.1511 272.114
26000 99.4821 100.786 96.0874 296.356
28000 107.421 108.401 104.67 320.492
30000 114.491 115.637 112.514 342.642
32000 123.455 124.687 118.425 366.568
34000 131.775 131.242 127.115 390.132
36000 139.916 140.45 138.768 419.133
38000 145.237 147.541 147.876 440.654
40000 152.345 154.616 157.907 464.868
42000 158.764 159.793 169.898 488.455
44000 166.459 168.48 177.054 511.993
46000 172.716 172.402 183.8 528.918
48000 180.176 181.918 190.353 552.448
50000 191.434 190.469 201.928 583.831
52000 198.626 198.451 210.537 607.615
54000 207.502 207.795 216.16 631.457
56000 215.398 217.407 222.009 654.814
58000 219.642 226.292 226.689 672.622
60000 228.901 233.487 235.737 698.125
62000 237.74 242.481 242.115 722.336
64000 247.545 251.992 252.519 752.056
66000 252.298 260.641 263.976 776.915
68000 262.367 267.495 273.726 803.588
70000 269.498 276.005 281.037 826.54
72000 280.85 285.734 289.972 856.556
74000 286.247 292.759 295.016 874.022
76000 287.82 301.013 301.684 890.517
78000 291.884 313.515 309.508 914.907
80000 299.172 316.263 315.754 931.188
82000 309.908 325.272 323.083 958.263
84000 318.528 340.814 329.169 988.511
86000 324.593 351.755 334.941 1011.29
88000 328.606 363.143 340.909 1032.66
90000 339.351 373.017 347.049 1059.42
92000 345.357 378.029 356.411 1079.8
94000 356.039 383.844 365.469 1105.35
96000 364.631 397.05 375.214 1136.89
98000 372.573 406.554 382.303 1161.43
100000 381.325 414.16 388.821 1184.31
102000 387.579 421.26 395.238 1204.08
104000 393.41 422.314 401.07 1216.79
106000 402.858 433.74 408.222 1244.82
108000 413.398 446.064 413.163 1272.63
110000 421.328 454.907 417.048 1293.28
112000 428.348 463.092 418.956 1310.4
114000 437.775 478.74 423.185 1339.7
116000 446.074 487.643 433.671 1367.39
118000 452.615 496.458 439.664 1388.74
120000 458.848 505.87 452.008 1416.73
122000 468.115 511.205 463.638 1442.96
124000 475.34 517.254 471.813 1464.41
126000 488.943 524.132 482.451 1495.53
128000 494.123 530.393 491.748 1516.26
130000 501.871 543.13 504.708 1549.71
132000 509.668 554.2 507.869 1571.74
134000 519.693 559.919 517.294 1596.91
136000 527.737 566.265 524.087 1618.09
138000 535.991 575.306 534.368 1645.67
140000 542.511 585.258 540.004 1667.77
142000 548.315 592.885 550.196 1691.4
144000 553.387 600.981 562.026 1716.39
146000 562.232 602.628 570.657 1735.52
148000 569.225 605.261 578.134 1752.62
150000 576.794 615.426 587.78 1780
152000 588.805 628.401 593.129 1810.33
154000 598.813 631.683 603.85 1834.35
156000 607.729 642.325 613.233 1863.29
158000 612.426 649.929 623.852 1886.21
160000 617.91 652.185 635.828 1905.92
162000 623.45 664.157 647.612 1935.22
164000 629.278 667.762 652.957 1950
166000 641.756 678.903 664.042 1984.7
168000 649.039 682.39 671.177 2002.61
170000 661.352 697.512 679.348 2038.21
172000 671.315 702.665 684.827 2058.81
174000 676.043 711.539 697.942 2085.52
176000 681.168 719.638 705.352 2106.16
178000 691.474 728.119 714.606 2134.2
180000 701.586 736.121 717.732 2155.44
182000 709.608 746.907 729.052 2185.57
184000 720.383 756.698 741.556 2218.64
186000 727.582 769.506 750.2 2247.29
188000 736.91 776.883 754.045 2267.84
190000 750.845 787.054 758.209 2296.11
192000 754.569 789.25 764.272 2308.09
194000 760.605 797.133 771.711 2329.45
196000 774.02 808.294 777.758 2360.07
198000 788.383 815.186 791.542 2395.11
200000 793.981 817.221 796.559 2407.76
202000 804.556 822.868 801.388 2428.81
204000 811.609 829.616 811.19 2452.41
206000 815.333 835.72 821.455 2472.51
208000 823.457 842.842 834.33 2500.63
210000 833.962 846.274 840.064 2520.3
212000 838.611 849.646 850.135 2538.39
214000 853.213 856.295 857.795 2567.3
216000 858.294 861.596 860.357 2580.25
218000 864.725 870.897 862.6 2598.22
220000 881.92 873.197 872.144 2627.26
222000 888.757 880.752 877.591 2647.1
224000 897.815 888.208 886.668 2672.69
226000 903.978 897.665 894.831 2696.47
228000 906.531 909.275 900.426 2716.23
230000 912.89 912.902 912.031 2737.82
232000 918.574 922.831 921.855 2763.26
234000 922.641 933.831 928.217 2784.69
236000 938.937 936.467 940.15 2815.55
238000 950.592 943.392 950.504 2844.49
240000 957.643 953.291 958.912 2869.85
242000 958.473 959.691 967.087 2885.25
244000 961.927 967.235 978.008 2907.17
246000 968.487 972.088 987.531 2928.11
248000 980.483 985.37 998.748 2964.6
250000 989.373 996.134 1000.45 2985.95
252000 992.195 1000.03 1016.04 3008.27
254000 999.949 1013.04 1021.62 3034.61
256000 1008.06 1024.59 1025.2 3057.86
258000 1016.66 1035.54 1028.8 3081
260000 1023.6 1046.29 1035.13 3105.02
262000 1030.91 1055.9 1038.01 3124.82
264000 1036.84 1072.7 1043.1 3152.64
266000 1044.05 1075.76 1048.19 3168
268000 1050.78 1074.71 1051.44 3176.94
270000 1059.31 1084.19 1054.85 3198.35
272000 1071.47 1088.25 1049.75 3209.48
274000 1084.2 1086.38 1068.53 3239.11
276000 1088.65 1093.79 1066.54 3248.97
278000 1095.55 1105.99 1072.6 3274.13
280000 1102.7 1116.42 1082.86 3301.98
282000 1110.33 1123.42 1096.62 3330.36
284000 1124.71 1129.51 1105.01 3359.24
286000 1130.13 1143.02 1116.19 3389.34
288000 1142.79 1149.79 1122.91 3415.49
290000 1154.79 1159.28 1128.08 3442.16
292000 1159.95 1168.89 1138.57 3467.42
294000 1171.3 1174.25 1148.43 3493.98
296000 1176.52 1181.15 1145.12 3502.8
298000 1187.65 1191.62 1149.15 3528.41
300000 1201.57 1195.86 1154.91 3552.33
302000 1211.62 1206.04 1171.24 3588.9
304000 1228.36 1213.75 1176.66 3618.77
306000 1233.67 1222.39 1181.05 3637.11
308000 1245.13 1233.7 1189.3 3668.12
310000 1255.18 1241.24 1193.92 3690.34
312000 1256.31 1244.24 1197.07 3697.61
314000 1257.46 1249.83 1200.82 3708.11
316000 1266.47 1258.66 1207.04 3732.16
318000 1277.12 1267.32 1214.75 3759.18
320000 1283.33 1281.99 1224.51 3789.82
322000 1293.64 1278.99 1236.39 3809.02
324000 1298.01 1283.13 1246.03 3827.18
326000 1306.86 1293.61 1243.3 3843.77
328000 1317.09 1300.6 1252.99 3870.69
330000 1324.75 1305.78 1261.2 3891.73
332000 1321.4 1313.16 1278.18 3912.75
334000 1325.23 1322.83 1282.68 3930.74
336000 1333.83 1340.57 1302.26 3976.65
338000 1343.38 1352.44 1313.45 4009.27
340000 1352.3 1362.28 1320.83 4035.41
342000 1367.07 1375.8 1323.21 4066.08
344000 1371.22 1386.74 1326.13 4084.09
346000 1377.87 1395.33 1339.41 4112.61
348000 1391.74 1404.74 1345.75 4142.24
350000 1402.19 1411.22 1357.48 4170.88
352000 1413.23 1423.14 1367.35 4203.72
354000 1425.35 1432.87 1382.41 4240.63
356000 1432.46 1438.74 1386.09 4257.29
358000 1439.98 1439.22 1394.79 4274
360000 1454.68 1442.29 1397.3 4294.26
362000 1455.19 1446.94 1405.96 4308.1
364000 1461.33 1456.99 1409.09 4327.41
366000 1471.48 1458.03 1412.06 4341.57
368000 1472.99 1459.55 1411.1 4343.64
370000 1486.27 1465.39 1414.8 4366.46
372000 1494.11 1476.47 1430.89 4401.47
374000 1491.34 1484.27 1450.58 4426.19
376000 1488.32 1490.5 1457.52 4436.34
378000 1503.18 1496.05 1470.04 4469.27
380000 1515.06 1504.35 1473.18 4492.58
382000 1522.95 1505.6 1491.21 4519.75
384000 1532.17 1510.3 1497.67 4540.14
386000 1543.9 1524.01 1504.46 4572.38
388000 1550.7 1535.58 1504.49 4590.77
390000 1557.5 1542.96 1514.93 4615.39
392000 1568.17 1546.38 1526.34 4640.89
394000 1573.9 1550.61 1531.69 4656.19
396000 1575.05 1557.18 1537.49 4669.72
398000 1584.69 1561.65 1540.19 4686.53
400000 1595.85 1568.8 1545.62 4710.27
402000 1599.33 1579.75 1554.92 4734
404000 1595.64 1580.76 1565.38 4741.78
406000 1603.45 1599.4 1574.08 4776.94
408000 1602.43 1611.19 1587.58 4801.2
410000 1611.38 1630.71 1583.68 4825.77
412000 1612.55 1627.2 1591.77 4831.52
414000 1620.18 1640.74 1586.6 4847.51
416000 1632.26 1642.67 1584.23 4859.17
418000 1641.28 1654.16 1593.05 4888.48
420000 1651.12 1661.84 1603.5 4916.46
422000 1658.95 1681.19 1609.03 4949.16
424000 1673.45 1694.87 1617.97 4986.3
426000 1687.98 1700.75 1621.99 5010.72
428000 1690.32 1708.11 1634.63 5033.06
430000 1706.6 1714.84 1648.06 5069.5
432000 1718.28 1724.36 1657.93 5100.57
434000 1723.42 1736.52 1674.44 5134.38
436000 1729.93 1743.93 1680.63 5154.49
438000 1745.56 1754.69 1683.59 5183.84
440000 1745.19 1766.93 1698.67 5210.79
442000 1746.31 1761.24 1694.72 5202.27
444000 1755.76 1758.53 1708.65 5222.94
446000 1756.67 1765.1 1711.3 5233.07
448000 1761.02 1763.09 1719.15 5243.26
450000 1775.74 1762.52 1723.63 5261.89
452000 1789.17 1765.95 1733.7 5288.82
454000 1792.69 1773.62 1741.01 5307.32
456000 1797.02 1784.58 1738.46 5320.07
458000 1810.49 1789.7 1743.83 5344.02
460000 1829.07 1802.42 1747.73 5379.22
462000 1834.07 1814.41 1756.52 5405
464000 1853.31 1820.95 1759.69 5433.95
466000 1863.36 1818.79 1767.13 5449.28
468000 1875.7 1832.04 1760.21 5467.96
470000 1889.33 1845.12 1765.44 5499.89
472000 1901.22 1857.84 1774.38 5533.43
474000 1912.03 1874.69 1783.64 5570.37
476000 1914.51 1888.09 1787.31 5589.92
478000 1920.73 1890.52 1791 5602.25
480000 1928.37 1901.96 1806.65 5636.98
482000 1940.73 1914.42 1808.08 5663.22
484000 1950.37 1921.01 1817.93 5689.31
486000 1951.1 1932.91 1825.8 5709.81
488000 1957.72 1939.13 1840.6 5737.44
490000 1957.9 1937.51 1839.08 5734.49
492000 1957.73 1945.94 1848.88 5752.54
494000 1964.25 1962.34 1849.2 5775.79
496000 1969.85 1967.06 1849.9 5786.81
498000 1975.62 1982.91 1866.98 5825.51
500000 1976.73 1999.65 1876.13 5852.51
502000 1984.65 2020.17 1885.4 5890.23
504000 1991.06 2026.01 1906.42 5923.49
506000 2001.6 2041.31 1911.32 5954.22
508000 2012.16 2037.81 1919.87 5969.84
510000 2001.07 2034.97 1927.9 5963.94
512000 2011.58 2043.77 1927.94 5983.29
514000 2032.11 2044.81 1943.96 6020.88
516000 2035.96 2052.75 1953.78 6042.49
518000 2034.51 2068.17 1961.19 6063.87
520000 2057.18 2078.57 1971.47 6107.22
522000 2070.84 2089.06 1981.29 6141.19
524000 2078.28 2095.39 2002.92 6176.59
526000 2087.83 2103.16 2013.73 6204.71
528000 2101.29 2119.34 2019.59 6240.22
530000 2102.1 2115.89 2018.59 6236.59
532000 2110.98 2127.2 2032.19 6270.37
534000 2124.57 2146.3 2032.98 6303.85
536000 2133.8 2158.26 2035.86 6327.91
538000 2147.19 2172.04 2036.77 6356
540000 2155.96 2183.57 2034.06 6373.58
542000 2168.29 2188.78 2041.76 6398.84
544000 2177.04 2193.1 2055.44 6425.58
546000 2184.64 2203.39 2063.49 6451.53
548000 2199.06 2211.02 2070.14 6480.23
550000 2209.22 2227.54 2091.31 6528.08
552000 2217.87 2241.44 2109.89 6569.2
554000 2227.73 2247.08 2125.33 6600.15
556000 2238 2255.62 2132.33 6625.95
558000 2241 2268.96 2143.64 6653.6
560000 2248.07 2271.85 2146.78 6666.71
562000 2248.7 2293.64 2155.01 6697.35
564000 2269.69 2286.5 2163.61 6719.8
566000 2274.97 2287.91 2174.6 6737.47
568000 2286.33 2297.9 2182.27 6766.49
570000 2291.76 2301.77 2187.33 6780.86
572000 2295.07 2310.43 2195.68 6801.18
574000 2309.59 2318.93 2202.25 6830.78
576000 2321.68 2310.29 2206.99 6838.96
578000 2328.86 2314.76 2215.61 6859.24
580000 2337.69 2321.55 2223.86 6883.1
582000 2346.64 2338.39 2231.62 6916.65
584000 2359.65 2340.67 2239.69 6940.02
586000 2373.12 2350.56 2250.59 6974.27
588000 2369.79 2356.1 2262 6987.89
590000 2367.88 2364.64 2271.22 7003.74
592000 2385.72 2383.48 2265.11 7034.32
594000 2395.72 2400.68 2270.35 7066.76
596000 2394.51 2400.91 2280.31 7075.73
598000 2402.9 2422.55 2289.13 7114.57
600000 2409.68 2441.38 2297.61 7148.67
602000 2408.95 2455.23 2315.96 7180.13
604000 2422.56 2462.04 2320.94 7205.54
606000 2425.29 2466.15 2328.73 7220.18
608000 2419.79 2473.93 2342.39 7236.11
610000 2424.49 2478.36 2346.52 7249.37
612000 2436.14 2496.19 2364.84 7297.17
614000 2439.52 2503.56 2373.23 7316.32
616000 2447.92 2512.55 2375.2 7335.66
618000 2458.26 2516.24 2389.26 7363.77
620000 2464.2 2517.43 2388.01 7369.64
622000 2472.65 2519.54 2400.1 7392.29
624000 2483.85 2527.16 2409.64 7420.65
626000 2485.9 2544.51 2412.34 7442.74
628000 2500.33 2545.2 2422.65 7468.17
630000 2507.71 2548.43 2438.52 7494.67
632000 2515.51 2555.13 2440.7 7511.35
634000 2518.79 2572.55 2456.3 7547.64
636000 2526.38 2575.01 2468.8 7570.19
638000 2529.77 2589.47 2475.16 7594.41
640000 2543.1 2609.79 2484.68 7637.57
642000 2545.92 2616.85 2479.43 7642.2
644000 2562.65 2629.15 2487.2 7679
646000 2578.92 2646.42 2490.79 7716.14
648000 2584.2 2666.82 2504.22 7755.24
650000 2600.77 2674.9 2516.61 7792.28
652000 2603.17 2678.97 2518.66 7800.81
654000 2615.99 2695.3 2523.13 7834.43
656000 2616.35 2707.06 2535.86 7859.26
658000 2624.91 2707.88 2550.95 7883.74
660000 2631.76 2713.7 2562 7907.46
662000 2627.58 2725.62 2573.1 7926.3
664000 2628.71 2742.32 2568.7 7939.73
666000 2632.33 2748.52 2574.84 7955.7
668000 2641.05 2750.36 2585.07 7976.47
670000 2648.6 2761.72 2603.86 8014.18
672000 2669.2 2785.69 2616.16 8071.06
674000 2682.61 2790.65 2627.72 8100.98
676000 2684.88 2799.48 2635.97 8120.34
678000 2696.3 2811.01 2645.34 8152.65
680000 2701.23 2802.87 2661.26 8165.36
682000 2719.44 2800.87 2671.71 8192.02
684000 2717.14 2809.39 2690.09 8216.62
686000 2720.15 2802.76 2699.48 8222.39
688000 2727.03 2812 2721.02 8260.05
690000 2731.11 2808.38 2729.65 8269.14
692000 2730.08 2815.22 2726.68 8271.98
694000 2735.99 2817.83 2738.23 8292.05
696000 2753.24 2819.4 2742.73 8315.37
698000 2751.69 2845.63 2751.92 8349.23
700000 2761.21 2854.89 2755.26 8371.35
702000 2763.15 2859.91 2753.53 8376.59
704000 2762.37 2870.35 2766.62 8399.34
706000 2773.83 2891.63 2777.79 8443.25
708000 2783.61 2896.28 2770.26 8450.14
710000 2791.97 2899.75 2778.69 8470.4
712000 2806.2 2907.89 2792.05 8506.14
714000 2803.74 2914.23 2798.92 8516.88
716000 2817.58 2920.91 2804.77 8543.26
718000 2833.33 2934.41 2801.62 8569.35
720000 2845.95 2942.29 2797.9 8586.14
722000 2850.18 2953.75 2807.32 8611.25
724000 2857.96 2955.99 2815.73 8629.67
726000 2866.38 2974.9 2845.59 8686.88
728000 2865.81 2982.55 2854.33 8702.69
730000 2871.24 3009.31 2866.04 8746.59
732000 2860.37 3023.32 2867.31 8751
734000 2883.28 3040.97 2883.11 8807.36
736000 2892.88 3054.32 2887.99 8835.18
738000 2907.75 3061.31 2905.17 8874.23
740000 2913.91 3071.12 2904.3 8889.34
742000 2919.77 3060.23 2914.72 8894.72
744000 2931.45 3072.27 2916.72 8920.44
746000 2948.55 3091.01 2934.13 8973.68
748000 2963.65 3099.2 2949.03 9011.87
750000 2972.91 3117.38 2962.37 9052.66
752000 2990.13 3113.97 2976.28 9080.38
754000 2992.43 3128.31 2986.72 9107.46
756000 2994.31 3140.77 3007.89 9142.97
758000 3002.84 3143.54 3028.07 9174.44
760000 3013.94 3140.39 3039.25 9193.58
762000 3026.33 3149.57 3054.7 9230.6
764000 3036.18 3149.25 3066.07 9251.5
766000 3041.1 3152.44 3072.49 9266.03
768000 3034.97 3168.66 3091.98 9295.61
770000 3048.68 3179.94 3095.73 9324.35
772000 3068.05 3199.28 3110.58 9377.91
774000 3082.61 3211.38 3117.54 9411.53
776000 3093.17 3215.38 3113.37 9421.91
778000 3100.47 3213.25 3125.34 9439.06
780000 3109.74 3208.02 3143.45 9461.21
782000 3122.21 3235.15 3156.29 9513.65
784000 3131.23 3251.27 3166.43 9548.93
786000 3128.73 3260.71 3164.65 9554.1
788000 3141.73 3267.63 3173.12 9582.48
790000 3154.19 3280.89 3175.69 9610.77
792000 3163.66 3282.19 3180.97 9626.83
794000 3169.7 3288.28 3189.29 9647.27
796000 3182.19 3310.46 3211.49 9704.14
798000 3196.67 3311.27 3225.55 9733.49
800000 3200.85 3309.27 3231.02 9741.14
802000 3204.55 3314.6 3236.33 9755.48
804000 3214.1 3315.91 3235.06 9765.08
806000 3234.29 3321.75 3246.11 9802.14
808000 3245.34 3326.32 3274.21 9845.88
810000 3260.15 3336.03 3282.48 9878.66
812000 3270.82 3341.75 3295.19 9907.76
814000 3269.65 3344.25 3303.71 9917.61
816000 3268.64 3355.72 3309.95 9934.31
818000 3272.79 3350.15 3328.26 9951.2
820000 3262.11 3355.82 3331.9 9949.83
822000 3258.87 3364.05 3335.19 9958.12
824000 3262.43 3362.81 3343.13 9968.37
826000 3258.82 3371.33 3342.25 9972.4
828000 3258.63 3373.06 3346.49 9978.18
830000 3257.63 3386.15 3348.34 9992.12
832000 3265.51 3389.17 3355.74 10010.4
834000 3276.95 3394.05 3359.12 10030.1
836000 3291.6 3395.07 3350.84 10037.5
838000 3307.34 3402.62 3367.55 10077.5
840000 3322 3409.62 3383.93 10115.6
842000 3332.34 3417.66 3389.48 10139.5
844000 3342.64 3431.62 3404.63 10178.9
846000 3356.46 3423.36 3410.96 10190.8
848000 3364.81 3430.3 3424.8 10219.9
850000 3349.45 3438.2 3436.12 10223.8
852000 3351.19 3449.86 3444.82 10245.9
854000 3378.52 3458.83 3442.76 10280.1
856000 3387.87 3462.63 3456.23 10306.7
858000 3398.68 3472.32 3466.87 10337.9
860000 3406.95 3487.25 3475.11 10369.3
862000 3417.29 3503.34 3485.31 10405.9
864000 3434.6 3501.73 3492.91 10429.2
866000 3433.78 3497.76 3499.85 10431.4
868000 3446.17 3496.76 3505.31 10448.2
870000 3454.06 3512.8 3511.72 10478.6
872000 3461.33 3523.02 3525.32 10509.7
874000 3482.68 3531.98 3538.41 10553.1
876000 3481.51 3545.79 3554.28 10581.6
878000 3485.57 3555.04 3554.11 10594.7
880000 3498.09 3557.33 3555.41 10610.8
882000 3508.23 3581.01 3559.77 10649
884000 3518.48 3589.99 3567.91 10676.4
886000 3519.12 3592.4 3571.41 10682.9
888000 3526.82 3617.25 3579.23 10723.3
890000 3531.78 3639.36 3577.94 10749.1
892000 3544.97 3661.1 3591.89 10798
894000 3546.36 3663.96 3604.63 10814.9
896000 3545.05 3666.36 3616.34 10827.7
898000 3554 3673.79 3628.57 10856.4
900000 3554.16 3685.06 3649.15 10888.4
902000 3563.14 3694.67 3653.54 10911.4
904000 3575.29 3708.97 3659.85 10944.1
906000 3587.57 3717.17 3675.48 10980.2
908000 3604.06 3726.7 3680.98 11011.7
910000 3620.92 3741.5 3691.89 11054.3
912000 3615.73 3732.57 3710.79 11059.1
914000 3633.02 3731.4 3706.51 11070.9
916000 3639.16 3740.03 3720.63 11099.8
918000 3649.08 3746.5 3739.08 11134.6
920000 3657.72 3744.95 3755.91 11158.6
922000 3651.12 3744.95 3768.41 11164.5
924000 3654.01 3763.29 3782.61 11199.9
926000 3676.52 3766.89 3793.77 11237.2
928000 3683.98 3771.6 3797.51 11253.1
930000 3697.79 3782.15 3809.1 11289
932000 3704.84 3792.42 3810.09 11307.4
934000 3728.92 3795.33 3828.66 11352.9
936000 3724.1 3817.33 3835.02 11376.5
938000 3718.69 3829.13 3844.26 11392.1
940000 3732.05 3831.72 3844.9 11408.7
942000 3739.52 3831.95 3849.41 11420.9
944000 3760.39 3833.98 3842.72 11437.1
946000 3769.06 3846.67 3858.47 11474.2
948000 3773.63 3854.81 3861.86 11490.3
950000 3784.74 3859.4 3860.52 11504.7
952000 3788.12 3868.69 3854.1 11510.9
954000 3793.36 3881.21 3853.66 11528.2
956000 3803.81 3883.6 3864.53 11551.9
958000 3813.16 3893.87 3866.4 11573.4
960000 3835.24 3917.7 3869.82 11622.8
962000 3850.13 3928.34 3876.32 11654.8
964000 3856.62 3944.81 3896.84 11698.3
966000 3868.77 3950.49 3905.25 11724.5
968000 3877.29 3947.29 3908.5 11733.1
970000 3882.91 3950.24 3918.61 11751.8
972000 3873.55 3950.85 3926.56 11751
974000 3884.69 3965.07 3931.87 11781.6
976000 3891.25 3982.68 3948.79 11822.7
978000 3910.74 3997.95 3959.43 11868.1
980000 3921.2 4019.14 3965.57 11905.9
982000 3919.94 4028.47 3969.43 11917.8
984000 3928.96 4038.07 3976.21 11943.2
986000 3921.82 4054.35 3981.53 11957.7
988000 3939.61 4060.06 3994.35 11994
990000 3947.72 4064.73 4000.01 12012.5
992000 3947.24 4067.49 4015.39 12030.1
994000 3947.24 4065.61 4016.71 12029.6
996000 3941.05 4076.16 4037.76 12055
998000 3936.42 4086.31 4064.94 12087.7
1000000 3949.64 4098.89 4054.71 12103.2
1002000 3955.39 4088.52 4063.49 12107.4
1004000 3954.28 4097.05 4081.09 12132.4
1006000 3949.93 4109.2 4078.03 12137.2
1008000 3945.03 4115.85 4076.14 12137
1010000 3949.26 4112.75 4094.48 12156.5
1012000 3952.42 4107.91 4084.42 12144.8
1014000 3949.96 4103.81 4083.36 12137.1
1016000 3952.05 4109.57 4075.99 12137.6
1018000 3962.43 4117.13 4087.61 12167.2
1020000 3969.51 4119.12 4084.95 12173.6
1022000 3967.68 4133.4 4082.21 12183.3
1024000 3968.24 4148.77 4087.26 12204.3
1026000 3988.32 4153.63 4097.62 12239.6
1028000 3996.15 4175.12 4100.67 12272
1030000 4013.87 4190.56 4106.54 12311
1032000 4008.6 4181.65 4108.36 12298.6
1034000 4027.38 4187.28 4111.23 12325.9
1036000 4030.01 4197.5 4125.52 12353
1038000 4032.64 4215.77 4122 12370.4
1040000 4032.88 4226.09 4136.12 12395.1
1042000 4032.75 4229 4144.74 12406.5
1044000 4043.05 4246.41 4139.52 12429
1046000 4066.78 4258.35 4135.87 12461
1048000 4083.58 4260.44 4132.82 12476.8
1050000 4090.59 4267.67 4139.63 12497.9
1052000 4099.38 4280.39 4158.21 12538
1054000 4116.15 4290.79 4168.99 12575.9
1056000 4108.92 4288.53 4180.56 12578
1058000 4115.59 4290.11 4200.16 12605.9
1060000 4124.82 4299.46 4197.91 12622.2
1062000 4137.74 4309.42 4206.2 12653.4
1064000 4165.1 4315.05 4209.52 12689.7
1066000 4175.01 4307.11 4221.75 12703.9
1068000 4177.88 4295.03 4232.91 12705.8
1070000 4168.03 4295.64 4257.01 12720.7
1072000 4162.35 4311.65 4271.48 12745.5
1074000 4162.76 4332.15 4272.82 12767.7
1076000 4163.35 4341.06 4289.52 12793.9
1078000 4173.63 4358.05 4303.12 12834.8
1080000 4188.56 4371.45 4304.66 12864.7
1082000 4198.3 4378.16 4316.37 12892.8
1084000 4202.2 4384.04 4327.53 12913.8
1086000 4212.69 4394.59 4340.22 12947.5
1088000 4217.56 4400.25 4347.8 12965.6
1090000 4212.24 4409.72 4345.25 12967.2
1092000 4226.23 4414.79 4355.99 12997
1094000 4241.07 4411.97 4362.62 13015.7
1096000 4246.58 4405.9 4376.04 13028.5
1098000 4251.87 4409.52 4400.68 13062.1
1100000 4264.83 4423.1 4412.99 13100.9
1102000 4275.76 4428.62 4435.03 13139.4
1104000 4295.19 4421.88 4447.18 13164.2
1106000 4302.18 4427.74 4440.56 13170.5
1108000 4311.2 4442.99 4450.9 13205.1
1110000 4331.51 4451.39 4467.02 13249.9
1112000 4338.28 4472.44 4483.57 13294.3
1114000 4349.16 4468.6 4481.09 13298.8
1116000 4352.04 4483.18 4490.71 13325.9
1118000 4362.3 4488.2 4504 13354.5
1120000 4372.68 4504.06 4518.25 13395
1122000 4376.52 4500.03 4517.5 13394.1
1124000 4391.29 4516.59 4531.03 13438.9
1126000 4402.04 4525.26 4565.29 13492.6
1128000 4414.45 4532.87 4552.63 13499.9
1130000 4415.36 4540.71 4558.16 13514.2
1132000 4440.4 4550.82 4570.66 13561.9
1134000 4439.44 4568.91 4581.81 13590.2
1136000 4441.51 4575.23 4584.47 13601.2
1138000 4452.58 4575.87 4593.69 13622.1
1140000 4462.1 4585.7 4600.7 13648.5
1142000 4460.64 4588.53 4586.14 13635.3
1144000 4482.59 4593.51 4598.43 13674.5
1146000 4479.48 4607.69 4603.36 13690.5
1148000 4498.81 4608.57 4616.43 13723.8
1150000 4494.34 4606.2 4630.52 13731.1
1152000 4495.7 4607.31 4646.89 13749.9
1154000 4506.07 4611.33 4654.46 13771.9
1156000 4533.62 4624.12 4659.15 13816.9
1158000 4546.3 4630.68 4660.19 13837.2
1160000 4552.43 4644.65 4675.88 13873
1162000 4547.49 4659.76 4686.12 13893.4
1164000 4558.85 4665.36 4706.37 13930.6
1166000 4568.73 4669.95 4703.97 13942.6
1168000 4585.93 4679.38 4727.94 13993.3
1170000 4586.81 4684.57 4726.42 13997.8
1172000 4597.38 4681.64 4729.69 14008.7
1174000 4611.91 4697.8 4733.3 14043
1176000 4622.41 4697.64 4742.45 14062.5
1178000 4642.69 4701.13 4750.76 14094.6
1180000 4655.43 4703.69 4750.42 14109.5
1182000 4660.3 4703.97 4761.27 14125.5
1184000 4671.8 4716.63 4784.37 14172.8
1186000 4672.55 4755.77 4770.62 14198.9
1188000 4692.96 4763.63 4783.39 14240
1190000 4696.38 4768.77 4790.46 14255.6
1192000 4713.49 4783.24 4790.08 14286.8
1194000 4722.47 4800.29 4800.3 14323.1
1196000 4737.51 4811.95 4835.07 14384.5
1198000 4759.11 4830.97 4821.55 14411.6
1200000 4766.48 4843.45 4819.86 14429.8
1202000 4775.65 4839.78 4818.19 14433.6
1204000 4779.52 4855.26 4833.48 14468.3
1206000 4792.6 4866.06 4831.59 14490.2
1208000 4813.33 4855.22 4846.27 14514.8
1210000 4830.16 4869.96 4860.27 14560.4
1212000 4848.8 4889.28 4863.52 14601.6
1214000 4870.81 4896.42 4882.23 14649.5
1216000 4878.84 4911.18 4905.01 14695
1218000 4883.04 4913.26 4913.95 14710.2
1220000 4912.91 4927.95 4926.55 14767.4
1222000 4928.67 4936.88 4940.34 14805.9
1224000 4940.03 4944.68 4951.66 14836.4
1226000 4942.6 4950.67 4962.1 14855.4
1228000 4960.14 4967.83 4964.66 14892.6
1230000 4965.35 4991.98 4972.34 14929.7
1232000 4959.06 5006.91 4981.39 14947.4
1234000 4982.53 5015.11 4980.71 14978.4
1236000 4980.11 5033.38 4994.01 15007.5
1238000 4995.2 5044.13 4983.29 15022.6
1240000 4987.72 5043.7 4980.79 15012.2
1242000 5001.3 5066.17 4968.96 15036.4
1244000 5024.43 5063.25 4981.18 15068.9
1246000 5020.16 5064.68 4998.76 15083.6
1248000 5036.2 5068.72 5009.36 15114.3
1250000 5035.3 5068.31 5019.41 15123
1252000 5031.23 5076.53 5012.95 15120.7
1254000 5025.34 5097.88 5023.92 15147.1
1256000 5025.69 5113.8 5028.51 15168
1258000 5036.54 5128.62 5027.85 15193
1260000 5049.28 5142.46 5023.86 15215.6
1262000 5050.8 5128.89 5043.39 15223.1
1264000 5049.66 5140.73 5055.34 15245.7
1266000 5048.45 5147.19 5046.95 15242.6
1268000 5056.85 5166.39 5059.41 15282.6
1270000 5054.88 5178.5 5085.05 15318.4
1272000 5062.14 5170.14 5102.52 15334.8
1274000 5085.16 5178.38 5100.83 15364.4
1276000 5115.21 5197.68 5110.82 15423.7
1278000 5117.01 5218.5 5126.93 15462.4
1280000 5143.27 5222.42 5133.41 15499.1
1282000 5139.12 5234.31 5140.73 15514.2
1284000 5160.02 5251.77 5135.65 15547.4
1286000 5153.22 5261.98 5137.44 15552.6
1288000 5171.49 5276.67 5161.27 15609.4
1290000 5171.75 5291.35 5167.68 15630.8
1292000 5181.92 5308.73 5192.08 15682.7
1294000 5189.58 5314.99 5191.01 15695.6
1296000 5215.2 5324.36 5187.02 15726.6
1298000 5225.48 5340.62 5173.91 15740
1300000 5239.11 5353.6 5165.57 15758.3
1302000 5247.82 5355.71 5183.92 15787.4
1304000 5257.74 5366.36 5190.08 15814.2
1306000 5261.63 5384.32 5197.27 15843.2
1308000 5274.25 5388.59 5195.34 15858.2
1310000 5285.12 5402.4 5209.73 15897.3
1312000 5297.75 5427.64 5207.71 15933.1
1314000 5310.95 5435.93 5215.41 15962.3
1316000 5317.3 5447.21 5217.6 15982.1
1318000 5336.44 5443.94 5216.61 15997
1320000 5349.48 5447.19 5215.58 16012.2
1322000 5369.62 5451.4 5229.47 16050.5
1324000 5365.15 5467.37 5255.2 16087.7
1326000 5373.29 5476.2 5254.05 16103.5
1328000 5384.16 5486.85 5264.93 16135.9
1330000 5398.05 5494.46 5273.36 16165.9
1332000 5407.17 5515.7 5274.74 16197.6
1334000 5415 5521.63 5291.52 16228.2
1336000 5427.65 5521.69 5305.17 16254.5
1338000 5433.82 5521.15 5310.92 16265.9
1340000 5440.45 5516.22 5311.34 16268
1342000 5458.27 5520.46 5311.42 16290.2
1344000 5474.71 5522.14 5332.58 16329.4
1346000 5484.95 5522.84 5333.27 16341.1
1348000 5503.37 5531.93 5336.99 16372.3
1350000 5505.53 5543.92 5348.53 16398
1352000 5512.52 5550.85 5351.57 16414.9
1354000 5511.59 5563.56 5360.4 16435.6
1356000 5529.94 5561.96 5363.35 16455.2
1358000 5549.27 5563.73 5374.17 16487.2
1360000 5552.86 5581.19 5394.2 16528.2
1362000 5569.54 5582.49 5399.76 16551.8
1364000 5554.74 5594.9 5411.25 16560.9
1366000 5574.92 5603.71 5419.87 16598.5
1368000 5585.79 5623.3 5422.39 16631.5
1370000 5586.59 5618.64 5429.29 16634.5
1372000 5588.84 5630.29 5431.64 16650.8
1374000 5590.35 5655.26 5439.99 16685.6
1376000 5590.25 5670.94 5436.54 16697.7
1378000 5611.6 5689.69 5449.17 16750.5
1380000 5635.35 5702.36 5459.2 16796.9
1382000 5655.75 5699.26 5472.36 16827.4
1384000 5658 5709.69 5472.81 16840.5
1386000 5654.22 5706.82 5479.59 16840.6
1388000 5635.33 5709.89 5482.61 16827.8
1390000 5655.21 5727.95 5478.46 16861.6
1392000 5646.72 5738.79 5479.12 16864.6
1394000 5657.31 5751.63 5473.29 16882.2
1396000 5661.95 5748.89 5478.22 16889.1
1398000 5672.83 5746.75 5490.04 16909.6
1400000 5686.11 5748.4 5501.01 16935.5
1402000 5708.11 5749.74 5504.72 16962.6
1404000 5717.42 5739.29 5501.38 16958.1
1406000 5713.35 5734.75 5507.96 16956.1
1408000 5750.28 5747.28 5507.44 17005
1410000 5741.68 5769.86 5529.67 17041.2
1412000 5740.04 5771.92 5543.03 17055
1414000 5758.06 5773.39 5558.74 17090.2
1416000 5775.13 5793.27 5569.9 17138.3
1418000 5797.54 5803.05 5597.45 17198
1420000 5793.62 5823.08 5604.04 17220.7
1422000 5786.19 5829.17 5597.47 17212.8
1424000 5806.82 5843.84 5609.93 17260.6
1426000 5808.33 5852.42 5620.16 17280.9
1428000 5805.65 5863.14 5613.83 17282.6
1430000 5807.84 5891.6 5601.28 17300.7
1432000 5825.67 5901.43 5619.78 17346.9
1434000 5837.38 5919.45 5643.2 17400
1436000 5826.08 5925.5 5656.67 17408.3
1438000 5848.07 5941.48 5674.76 17464.3
1440000 5857.94 5943.24 5672.88 17474.1
1442000 5847.58 5953.04 5684.29 17484.9
1444000 5841.01 5964.62 5697.49 17503.1
1446000 5855.96 5983.93 5706.32 17546.2
1448000 5848.49 5990.48 5706.79 17545.8
1450000 5858.68 5977.21 5713.46 17549.3
1452000 5854.72 5982.69 5705.91 17543.3
1454000 5852.94 5988.37 5690.2 17531.5
1456000 5850.05 6013.01 5707 17570.1
1458000 5867 6022.78 5709.75 17599.5
1460000 5876.47 6035.64 5714.21 17626.3
1462000 5878.51 6040.24 5710.93 17629.7
1464000 5879.92 6054.34 5718.71 17653
1466000 5889.17 6062.68 5728.41 17680.3
1468000 5893.49 6045.98 5737.18 17676.7
1470000 5904.9 6057.7 5735.24 17697.8
1472000 5902.39 6046.78 5738.74 17687.9
1474000 5917.58 6064.27 5744.79 17726.6
1476000 5943.57 6082.24 5757.44 17783.2
1478000 5952.04 6110.09 5750.51 17812.6
1480000 5940.68 6112.41 5755.93 17809
1482000 5931.69 6095.75 5757.01 17784.5
1484000 5952.28 6086.78 5768.97 17808
1486000 5955.28 6089.39 5782.42 17827.1
1488000 5954.24 6093.67 5785.75 17833.7
1490000 5969.58 6099.14 5797.84 17866.6
1492000 5996.22 6114.92 5819.34 17930.5
1494000 6007.54 6135.21 5831.96 17974.7
1496000 6021.48 6145.44 5851.59 18018.5
1498000 6041.45 6144.89 5867.66 18054
1500000 6059.26 6151.13 5888.18 18098.6
1502000 6071.68 6164.97 5901.91 18138.6
1504000 6062.43 6171.96 5897.36 18131.8
1506000 6047.35 6184.91 5909.87 18142.1
1508000 6036.74 6192.48 5917.44 18146.7
1510000 6037.25 6189.94 5924.6 18151.8
1512000 6060.78 6205.97 5918.27 18185
1514000 6062.01 6201.19 5930.21 18193.4
1516000 6089.62 6200.91 5938.73 18229.3
1518000 6109.91 6216.35 5929.98 18256.2
1520000 6125.27 6242.77 5936.03 18304.1
1522000 6122.35 6247.61 5944.13 18314.1
1524000 6113.33 6253.79 5947.97 18315.1
1526000 6131.38 6270.99 5960.16 18362.5
1528000 6137.57 6291.9 5963.17 18392.6
1530000 6149.93 6313.62 5942.67 18406.2
1532000 6159.31 6338.49 5960.61 18458.4
1534000 6174.19 6340.44 5971.64 18486.3
1536000 6188.31 6350.98 5989.31 18528.6
1538000 6201.9 6346.17 5985.23 18533.3
1540000 6199.08 6358.51 5974.02 18531.6
1542000 6210.16 6380.51 5999.46 18590.1
1544000 6197.79 6394.36 6009.98 18602.1
1546000 6204.3 6428.03 6011.11 18643.4
1548000 6221.9 6444.11 6004.55 18670.6
1550000 6250.08 6442.77 6004.07 18696.9
1552000 6259.51 6441.5 6013.54 18714.6
1554000 6255.83 6460.39 6023.72 18739.9
1556000 6270.14 6479.1 6018.18 18767.4
1558000 6285.43 6490.53 6013.66 18789.6
1560000 6304.96 6483.2 6025.66 18813.8
1562000 6299.04 6483.92 6041.91 18824.9
1564000 6318.37 6485.92 6049.8 18854.1
1566000 6327.83 6507.4 6059.45 18894.7
1568000 6337.27 6521.54 6057.23 18916
1570000 6344.49 6520.62 6065.92 18931
1572000 6345.7 6526.4 6068.87 18941
1574000 6359 6536.87 6066.5 18962.4
1576000 6359.01 6536.62 6099.44 18995.1
1578000 6361.74 6560.92 6112.3 19035
1580000 6358.52 6568.38 6101.33 19028.2
1582000 6376.32 6586.9 6099.43 19062.6
1584000 6397.66 6607.32 6105.15 19110.1
1586000 6388.04 6620.57 6101.8 19110.4
1588000 6395.23 6643.71 6087.65 19126.6
1590000 6407.28 6670.85 6086.28 19164.4
1592000 6417.59 6678.66 6091.34 19187.6
1594000 6422.28 6669.37 6106.45 19198.1
1596000 6437.1 6692.28 6132.21 19261.6
1598000 6464.19 6687.81 6133.51 19285.5
1600000 6463.81 6693.74 6136.52 19294.1
1602000 6465.69 6703.38 6131.95 19301
1604000 6470.37 6706.58 6140.17 19317.1
1606000 6462.97 6708.19 6146.65 19317.8
1608000 6474.47 6731.8 6155.16 19361.4
1610000 6472.1 6734.78 6167.81 19374.7
1612000 6477.41 6767.83 6186.53 19431.8
1614000 6484.97 6773.9 6197.41 19456.3
1616000 6481.76 6796.88 6206.99 19485.6
1618000 6502.96 6800.01 6228.79 19531.8
1620000 6522.46 6806.08 6243.6 19572.1
1622000 6526.53 6818.64 6230.07 19575.2
1624000 6543.12 6815.6 6231.36 19590.1
1626000 6555.69 6822.37 6238.93 19617
1628000 6560.96 6826.25 6249.71 19636.9
1630000 6580.02 6849.28 6269.53 19698.8
1632000 6588.47 6851.87 6271.99 19712.3
1634000 6589.34 6843.32 6268.98 19701.6
1636000 6593.32 6856.98 6266.09 19716.4
1638000 6584.78 6870.52 6300.18 19755.5
1640000 6600.77 6869.95 6309.43 19780.2
1642000 6587.73 6894.25 6311.08 19793.1
1644000 6583.85 6907.19 6349.57 19840.6
1646000 6585.63 6923.27 6350.11 19859
1648000 6588.3 6934.28 6341.8 19864.4
1650000 6599.9 6932.76 6364.67 19897.3
1652000 6596.74 6933.01 6359.39 19889.1
1654000 6614.76 6926.88 6365.97 19907.6
1656000 6613.47 6945.19 6371.66 19930.3
1658000 6626 6945.44 6388.5 19959.9
1660000 6636.46 6936.07 6389.65 19962.2
1662000 6633.02 6921.35 6396.12 19950.5
1664000 6640.67 6914.71 6386.09 19941.5
1666000 6666.8 6920.08 6386.82 19973.7
1668000 6673.05 6924.01 6401.48 19998.5
1670000 6685.71 6934.54 6409.09 20029.3
1672000 6688.5 6943.67 6416.18 20048.3
1674000 6708.96 6928.87 6427.74 20065.6
1676000 6738.32 6931.1 6429.12 20098.5
1678000 6760.81 6938.9 6448.6 20148.3
1680000 6769.31 6947.85 6446.08 20163.2
1682000 6779.12 6949.55 6441.04 20169.7
1684000 6777.5 6942.12 6462.21 20181.8
1686000 6780.74 6960.18 6462.84 20203.8
1688000 6790.05 6976.62 6460.16 20226.8
1690000 6807.59 6974.41 6473.53 20255.5
1692000 6821.22 6986.46 6470.52 20278.2
1694000 6834.37 6991.08 6498.07 20323.5
1696000 6847.71 7008.86 6512.51 20369.1
1698000 6852.8 6999.92 6528.95 20381.7
1700000 6856.47 6988.68 6552.25 20397.4
1702000 6864.73 6994.69 6552.94 20412.4
1704000 6880.65 7019.84 6549.27 20449.7
1706000 6899.38 7031.89 6534.28 20465.5
1708000 6901.6 7056.2 6560.2 20518
1710000 6910.45 7059.43 6568.99 20538.9
1712000 6933.99 7043.93 6582.73 20560.6
1714000 6944.09 7061.44 6582.81 20588.3
1716000 6963 7056.63 6599.76 20619.4
1718000 6968.05 7086.97 6635 20690
1720000 6971.19 7083.15 6658.02 20712.4
1722000 6986.66 7086.94 6663.06 20736.7
1724000 6990.23 7095.65 6659.42 20745.3
1726000 6995.83 7107.94 6675.97 20779.7
1728000 6992.18 7125.2 6675.22 20792.6
1730000 6980.47 7136.07 6687.58 20804.1
1732000 6986.3 7108.72 6695.5 20790.5
1734000 6987.48 7122.62 6681.09 20791.2
1736000 6974.63 7132.16 6688.79 20795.6
1738000 6993.48 7139.92 6684.37 20817.8
1740000 6990.65 7149.64 6681.67 20822
1742000 6980.46 7159.58 6709.14 20849.2
1744000 6978.77 7147.27 6717.98 20844
1746000 6981.83 7139.98 6722.88 20844.7
1748000 6984.82 7148.82 6735.16 20868.8
1750000 7011.11 7148.5 6739.44 20899
1752000 7023.79 7146.65 6738.89 20909.3
1754000 7032.48 7144.86 6739.04 20916.4
1756000 7039.19 7162.95 6739.81 20942
1758000 7036.29 7160.57 6755.83 20952.7
1760000 7045.57 7176.41 6776.61 20998.6
1762000 7056.04 7171.25 6779.92 21007.2
1764000 7068.53 7165.35 6783.85 21017.7
1766000 7060.42 7154.95 6784.43 20999.8
1768000 7057.51 7164.06 6792.76 21014.3
1770000 7048.5 7167.92 6809.98 21026.4
1772000 7069.32 7167.19 6797 21033.5
1774000 7080.01 7167.66 6780.09 21027.8
1776000 7079.98 7152.82 6804.71 21037.5
1778000 7084.95 7161.53 6824.02 21070.5
1780000 7098.07 7189.97 6821.04 21109.1
1782000 7121.23 7195.2 6831.13 21147.6
1784000 7132.74 7216.21 6843.28 21192.2
1786000 7142.81 7212.46 6867.57 21222.8
1788000 7169.44 7230.54 6875.05 21275
1790000 7176.97 7232.06 6870.69 21279.7
1792000 7202.11 7249.42 6859.39 21310.9
1794000 7228 7247.2 6880.82 21356
1796000 7239.85 7254.42 6864.28 21358.5
1798000 7250.22 7251.87 6866.73 21368.8
1800000 7260.31 7248.92 6880.51 21389.7
1802000 7284.13 7236.6 6866.23 21387
1804000 7305.45 7254.03 6864.1 21423.6
1806000 7313.47 7260.05 6894.13 21467.6
1808000 7320.98 7257.96 6896.04 21475
1810000 7334.25 7259.93 6887 21481.2
1812000 7334.96 7275.1 6908.78 21518.8
1814000 7325.97 7294.04 6903.85 21523.9
1816000 7332.8 7307.84 6910.12 21550.8
1818000 7351.5 7310.97 6920.2 21582.7
1820000 7360.29 7320.52 6932.9 21613.7
1822000 7372.01 7319.62 6943.46 21635.1
1824000 7380.42 7341.69 6939.52 21661.6
1826000 7403.43 7362.56 6953.93 21719.9
1828000 7403.07 7365.56 6949.52 21718.2
1830000 7429.11 7375.78 6961.62 21766.5
1832000 7466.3 7376.49 6967.47 21810.3
1834000 7484.23 7362.27 6990.7 21837.2
1836000 7497.84 7365.77 7001.05 21864.7
1838000 7507.56 7368.93 7037.55 21914
1840000 7528.18 7373.02 7051.71 21952.9
1842000 7550.91 7387.76 7059.13 21997.8
1844000 7548.66 7373.03 7063.12 21984.8
1846000 7543.84 7374.68 7075.41 21993.9
1848000 7561.89 7381.18 7086.23 22029.3
1850000 7581.46 7398.12 7099.66 22079.2
1852000 7589.36 7406.66 7095.87 22091.9
1854000 7601.74 7435.73 7132.19 22169.7
1856000 7621.25 7454.6 7138.85 22214.7
1858000 7626.62 7483.6 7152.91 22263.1
1860000 7643.77 7488.1 7169.67 22301.5
1862000 7648.23 7494.97 7201.39 22344.6
1864000 7638.52 7509.45 7194.1 22342.1
1866000 7656.99 7505.16 7213.13 22375.3
1868000 7680.44 7501.36 7205.51 22387.3
1870000 7670.4 7525.43 7218.94 22414.8
1872000 7685.7 7534 7231.03 22450.7
1874000 7698.61 7531.44 7246.95 22477
1876000 7714.41 7516.2 7253.83 22484.4
1878000 7726.49 7521.71 7264.46 22512.7
1880000 7705.21 7530.96 7267.73 22503.9
1882000 7723.23 7537.68 7276 22536.9
1884000 7719.44 7539.59 7294.31 22553.3
1886000 7718.5 7558.7 7305.8 22583
1888000 7756.14 7567.17 7309.69 22633
1890000 7769.82 7556.58 7313.03 22639.4
1892000 7773.04 7566.74 7312.64 22652.4
1894000 7759.62 7584.5 7318.73 22662.8
1896000 7766.13 7582.17 7315.66 22664
1898000 7780.95 7598.57 7326.77 22706.3
1900000 7790.57 7623.14 7341.28 22755
1902000 7804.43 7640.94 7359.06 22804.4
1904000 7801.2 7644.03 7354.12 22799.3
1906000 7818.14 7652.9 7364.31 22835.4
1908000 7803.29 7646.83 7356.77 22806.9
1910000 7825.98 7632.81 7350.4 22809.2
1912000 7824.21 7640.59 7352.49 22817.3
1914000 7838.7 7634.78 7356.15 22829.6
1916000 7839.91 7641.78 7370.42 22852.1
1918000 7841.85 7655.26 7366.47 22863.6
1920000 7844.13 7657.37 7354.52 22856
1922000 7860.67 7678.86 7345.54 22885.1
1924000 7877.78 7688.6 7356.25 22922.6
1926000 7903.24 7679.39 7365.29 22947.9
1928000 7922.19 7683.76 7371.52 22977.5
1930000 7923.58 7690.58 7361.23 22975.4
1932000 7952.8 7711.5 7370.79 23035.1
1934000 7965.76 7728.06 7370.32 23064.1
1936000 7956.42 7700.55 7385.17 23042.1
1938000 7984.96 7725.77 7372.52 23083.3
1940000 7996.45 7747.1 7380.38 23123.9
1942000 8006.13 7780.42 7398.67 23185.2
1944000 8014.99 7808.89 7419.86 23243.7
1946000 8023.64 7814.74 7427.56 23265.9
1948000 8013.23 7844.99 7440.69 23298.9
1950000 8003.17 7847.54 7451.32 23302
1952000 7989.89 7885.81 7453.67 23329.4
1954000 7996.94 7903.67 7470.09 23370.7
1956000 7991.53 7907.84 7479.89 23379.3
1958000 8005.46 7910.43 7512.12 23428
1960000 8000.57 7941.38 7528.56 23470.5
1962000 8010.65 7960.08 7540.75 23511.5
1964000 8025.3 7973.29 7546.43 23545
1966000 8048.33 7982.88 7551.85 23583.1
1968000 8054.83 8002.93 7547.09 23604.9
1970000 8062.2 8007.64 7543.92 23613.8
1972000 8082.92 8017.18 7553.1 23653.2
1974000 8094.4 8059.72 7570.58 23724.7
1976000 8083.09 8062.71 7571.31 23717.1
1978000 8098.78 8077.9 7586.37 23763.1
1980000 8125.68 8080.89 7599.31 23805.9
1982000 8129.9 8048.93 7599.28 23778.1
1984000 8143.88 8048.49 7621.63 23814
1986000 8146.2 8085.28 7622.92 23854.4
1988000 8148.73 8096.58 7633.09 23878.4
1990000 8164.33 8122.08 7639.53 23925.9
1992000 8160.38 8124.16 7640.45 23925
1994000 8170.72 8138.07 7631.52 23940.3
1996000 8191 8136.9 7635.12 23963
1998000 8197.29 8142.17 7654 23993.5
2000000 8220.1 8146.58 7664.79 24031.5
