# Time-averaged data for fix savemsd
# TimeStep c_msd[1] c_msd[2] c_msd[3] c_msd[4]
0 1.82607e-33 3.49874e-30 1.82607e-33 3.5024e-30
2000 0.97057 0.923012 0.985204 2.87879
4000 1.70594 1.66136 1.83627 5.20356
6000 2.45133 2.6665 2.58671 7.70454
8000 3.38824 3.54859 3.4765 10.4133
10000 4.20519 4.53812 4.38218 13.1255
12000 4.93364 5.56465 5.49452 15.9928
14000 5.71625 6.44615 6.73559 18.898
16000 6.80256 7.07797 7.77396 21.6545
18000 7.70665 7.78489 8.66137 24.1529
20000 8.22329 8.75896 9.46594 26.4482
22000 9.37917 9.56523 10.3604 29.3048
24000 10.0801 10.1951 10.9646 31.2399
26000 10.7981 11.2341 11.7098 33.7421
28000 11.4267 11.8966 12.511 35.8343
30000 12.245 12.768 13.4389 38.4519
32000 13.2812 13.9138 14.0499 41.2448
34000 13.8778 14.834 14.9745 43.6864
36000 14.4217 15.3763 15.7052 45.5032
38000 15.3933 15.8308 16.1756 47.3996
40000 16.3244 16.3796 17.2799 49.9839
42000 17.2769 17.0113 17.6911 51.9794
44000 18.3098 18.1032 18.454 54.867
46000 19.4505 18.9828 19.3053 57.7386
48000 20.2058 19.6637 20.3593 60.2288
50000 20.4027 20.9678 21.1666 62.5372
52000 21.4973 21.7281 21.7407 64.9661
54000 22.4259 22.951 22.4883 67.8652
56000 23.5499 24.1353 23.5008 71.1859
58000 24.067 25.3107 24.8637 74.2413
60000 25.0925 26.1635 25.9628 77.2189
62000 25.674 26.9965 26.8408 79.5113
64000 26.6929 27.3893 27.6235 81.7057
66000 27.1248 28.6258 28.0291 83.7797
68000 27.5059 29.4106 28.9849 85.9015
70000 28.4548 30.6854 29.8695 89.0097
72000 29.0134 31.4432 30.2013 90.6579
74000 30.528 32.2419 31.1537 93.9235
76000 30.7386 32.7818 31.5743 95.0947
78000 31.7379 33.9726 32.3625 98.073
80000 32.5611 35.1772 33.1433 100.882
82000 33.2905 35.5358 34.3769 103.203
84000 34.1105 36.9142 34.9828 106.007
86000 34.9047 37.6002 36.1204 108.625
88000 35.3809 38.4444 37.5218 111.347
90000 36.1172 38.9319 38.3092 113.358
92000 36.7206 39.5012 39.0661 115.288
94000 36.9424 40.0332 39.5467 116.522
96000 38.0977 40.5733 40.6735 119.345
98000 39.2958 40.7912 41.7967 121.884
100000 40.2288 41.3003 42.9364 124.466
102000 41.1281 41.7338 43.9492 126.811
104000 42.5449 42.6289 44.4764 129.65
106000 43.5544 43.3468 44.77 131.671
108000 45.0201 44.1901 45.7696 134.98
110000 46.4569 44.6684 46.2689 137.394
112000 47.1145 45.936 47.7604 140.811
114000 47.6959 47.4771 48.7418 143.915
116000 48.8179 48.4413 49.6278 146.887
118000 49.5252 48.419 50.4776 148.422
120000 50.104 49.0763 50.9276 150.108
122000 50.6628 50.6514 51.8139 153.128
124000 51.8514 51.5174 52.6313 156
126000 53.1252 52.1608 53.6631 158.949
128000 53.7097 53.2829 54.4756 161.468
130000 54.7909 54.8843 55.7868 165.462
132000 55.385 55.9551 56.3045 167.645
134000 56.7467 57.544 57.2334 171.524
136000 56.9673 59.184 57.76 173.911
138000 57.9727 60.7354 58.2261 176.934
140000 58.2532 61.2997 59.3614 178.914
142000 58.923 62.1219 60.8932 181.938
144000 59.0158 63.1286 61.527 183.671
146000 59.088 63.6778 62.478 185.244
148000 60.0649 64.8696 62.5431 187.478
150000 61.206 65.7713 63.9381 190.915
152000 62.0152 68.0042 65.0626 195.082
154000 62.3941 69.7328 65.9401 198.067
156000 62.9267 70.089 66.4197 199.435
158000 63.2802 70.1621 67.2901 200.732
160000 63.4197 71.2279 68.3597 203.007
162000 64.5645 72.3077 69.4185 206.291
164000 65.3305 73.2683 70.0878 208.687
166000 66.313 74.1565 70.7043 211.174
168000 67.0154 75.3626 71.3508 213.729
170000 67.5543 75.1169 71.7693 214.441
172000 68.9749 76.1518 72.2679 217.395
174000 69.0171 76.623 72.7702 218.41
176000 70.0985 77.4035 73.4653 220.967
178000 70.9676 77.8473 73.9105 222.725
180000 72.0113 79.7144 74.293 226.019
182000 72.6671 80.059 74.6297 227.356
184000 73.9941 79.9731 74.9027 228.87
186000 75.0743 80.1864 75.0074 230.268
188000 75.4643 81.7411 75.8381 233.044
190000 76.2426 82.3622 75.6642 234.269
192000 76.7856 82.7673 76.2053 235.758
194000 77.0092 83.5454 76.5628 237.117
196000 78.0588 85.0379 77.2134 240.31
198000 78.6866 86.3121 78.012 243.011
200000 79.4416 87.2816 78.6048 245.328
202000 80.5239 87.1591 79.0765 246.759
204000 81.837 87.6806 80.2999 249.818
206000 83.6517 88.7012 82.1648 254.518
208000 85.3389 90.1273 82.3696 257.836
210000 86.4054 90.8865 83.437 260.729
212000 87.2639 91.2584 83.9201 262.442
214000 88.6347 91.3854 85.1139 265.134
216000 89.8668 92.2705 85.6868 267.824
218000 91.3787 93.1445 86.8524 271.376
220000 92.4566 94.4691 87.7736 274.699
222000 93.1618 94.1779 89.163 276.503
224000 94.5248 95.2966 90.5506 280.372
226000 95.631 96.3225 91.554 283.507
228000 96.5841 96.3385 92.4369 285.359
230000 96.6186 97.2862 93.882 287.787
232000 97.294 98.7441 95.5544 291.593
234000 97.4765 99.8146 96.8412 294.132
236000 98.397 99.6648 96.9317 294.994
238000 98.6637 100.642 97.2362 296.542
240000 99.4098 100.698 98.0898 298.197
242000 100.713 101.415 99.4627 301.591
244000 101.068 101.771 100.719 303.557
246000 101.823 102.342 102.435 306.599
248000 103.008 102.512 104.307 309.827
250000 104.017 104.296 105.259 313.572
252000 105.148 104.666 106.066 315.879
254000 104.902 105.791 107.63 318.323
256000 105.808 106.548 109.042 321.397
258000 106.514 107.284 110.505 324.303
260000 108.88 108.119 111.33 328.329
262000 108.874 108.95 112.528 330.352
264000 109.75 109.744 113.06 332.554
266000 110.218 111.049 113.648 334.916
268000 110.686 111.627 114.769 337.082
270000 111.586 112.235 115.133 338.954
272000 112.461 113.319 114.92 340.7
274000 112.885 114.8 115.373 343.057
276000 113.602 115.25 116.096 344.948
278000 114.889 115.618 117.73 348.237
280000 116.131 116.702 117.392 350.225
282000 116.268 117.49 119.036 352.793
284000 117.125 118.205 119.892 355.222
286000 118.005 118.954 121.669 358.628
288000 118.564 118.959 123.201 360.725
290000 120.554 120.138 125.133 365.825
292000 121.993 121.341 125.899 369.233
294000 124.13 122.56 126.683 373.373
296000 124.985 123.153 127.617 375.755
298000 125.845 123.856 127.324 377.025
300000 125.304 124.213 128.651 378.168
302000 125.718 125.114 130.132 380.964
304000 126.838 125.967 131.547 384.352
306000 128.195 127.174 132.814 388.183
308000 128.137 127.311 134.344 389.792
310000 129.042 127.783 135.606 392.431
312000 129.537 128.533 137.385 395.455
314000 130.213 129.708 139.38 399.302
316000 130.558 129.961 140.263 400.781
318000 130.84 129.845 140.351 401.036
320000 131.01 130.021 141.091 402.121
322000 131.885 129.683 141.357 402.924
324000 132.112 130.04 142.035 404.186
326000 133.159 131.235 142.561 406.956
328000 133.53 132.686 143.199 409.415
330000 134.099 133.145 144.262 411.506
332000 134.972 133.258 146.005 414.236
334000 136.258 135.45 147.367 419.075
336000 138.102 136.377 147.997 422.477
338000 138.875 138.073 149.901 426.85
340000 139.365 138.476 149.925 427.766
342000 140.233 138.993 150.194 429.42
344000 142.021 138.964 151.204 432.189
346000 141.922 139.427 152.398 433.747
348000 142.833 140.369 152.861 436.063
350000 142.987 140.502 153.698 437.187
352000 144.401 141.77 155.073 441.244
354000 145.091 142.27 155.253 442.614
356000 146.015 142.742 156.592 445.349
358000 147.347 143.482 158.523 449.352
360000 149.322 144.97 158.276 452.567
362000 150.34 146.04 159.757 456.137
364000 150.164 147.707 161.135 459.006
366000 150.508 147.996 161.945 460.448
368000 150.406 149.054 162.007 461.467
370000 151.334 149.797 163.045 464.176
372000 151.306 151.607 163.879 466.792
374000 153.272 152.26 164.855 470.387
376000 154.973 152.903 165.202 473.079
378000 154.766 152.966 165.841 473.572
380000 155.675 153.629 166.93 476.234
382000 156.741 154.741 168.825 480.307
384000 157.738 156.21 169.912 483.861
386000 159.024 156.893 170.71 486.627
388000 160.205 157.549 170.264 488.019
390000 160.991 158.038 171.234 490.264
392000 161.757 158.944 170.821 491.522
394000 162.744 158.953 170.621 492.317
396000 163.439 159.216 173.045 495.7
398000 165.329 158.765 173.152 497.245
400000 165.693 159.948 174.418 500.059
402000 166.319 160.169 174.595 501.083
404000 165.68 161.232 175.302 502.214
406000 166.478 161.95 176.559 504.987
408000 167.743 162.268 176.746 506.757
410000 168.132 163.821 177.166 509.119
412000 169.609 164.593 176.769 510.971
414000 169.871 166.102 177.342 513.314
416000 170.974 167.286 177.843 516.102
418000 171.214 168.964 179.144 519.322
420000 171.932 170.253 179.779 521.964
422000 173.021 171.14 180.705 524.865
424000 173.806 172.464 181.84 528.11
426000 174.05 172.839 182.834 529.722
428000 175.192 173.492 184.189 532.873
430000 175.446 172.994 185.725 534.165
432000 176.179 172.466 186.757 535.403
434000 176.539 174.803 187.735 539.078
436000 177.16 176.633 187.698 541.49
438000 177.989 176.641 187.278 541.908
440000 178.806 178.338 187.814 544.958
442000 179.678 179.349 188.99 548.016
444000 180.38 180.769 189.687 550.837
446000 180.609 182.691 191.254 554.554
448000 181.5 183.905 192.057 557.462
450000 181.952 185.17 192.179 559.301
452000 183.55 185.633 192.334 561.517
454000 183.442 185.893 192.765 562.1
456000 183.844 187.447 194.039 565.331
458000 183.481 188.19 193.975 565.646
460000 183.81 189.375 195.588 568.773
462000 184.068 190.092 197.435 571.594
464000 184.771 189.78 198.04 572.591
466000 186.116 191.818 198.208 576.142
468000 186.096 193.827 198.647 578.57
470000 187.079 194.794 199.515 581.388
472000 188.177 195.115 200.866 584.158
474000 188.821 196.058 201.181 586.06
476000 189.232 198.139 201.605 588.976
478000 190.985 198.861 201.828 591.675
480000 190.754 200.211 201.552 592.517
482000 191.031 202.371 203.267 596.669
484000 190.953 203.145 203.241 597.34
486000 191.689 204.257 203.48 599.427
488000 191.362 205.275 203.922 600.559
490000 191.886 207.171 205.54 604.598
492000 193.586 206.658 206.497 606.741
494000 193.168 207.961 207.883 609.012
496000 194.283 209.999 207.902 612.184
498000 194.848 211.613 209.094 615.555
500000 196.698 212.023 210.258 618.978
502000 197.311 212.903 212.283 622.497
504000 197.405 212.514 212.057 621.976
506000 198.129 213.811 212.564 624.504
508000 199.043 213.735 213.132 625.91
510000 199.67 214.627 214.07 628.367
512000 201.016 214.907 215.73 631.653
514000 201.426 216.757 216.228 634.411
516000 202.071 217.815 217.143 637.029
518000 203.394 218.921 217.569 639.884
520000 205.255 220.087 217.756 643.097
522000 205.57 220.515 218.688 644.773
524000 206.713 221.138 219.115 646.965
526000 206.645 222.696 218.657 647.998
528000 206.65 224.385 220.589 651.624
530000 208.08 225.161 221.633 654.874
532000 208.606 226.815 223.337 658.758
534000 210.061 227.128 222.526 659.715
536000 210.148 228.099 223.753 661.999
538000 210.365 229.017 224.447 663.828
540000 211.224 229.478 225.554 666.256
542000 212.141 230.305 227.485 669.93
544000 212.974 231.947 230.005 674.925
546000 213.243 233.501 231.61 678.353
548000 215.487 234.588 231.635 681.71
550000 215.128 235.703 232.536 683.367
552000 217.714 236.665 234.463 688.841
554000 218.659 237.603 235.412 691.673
556000 219.075 238.769 236.576 694.42
558000 220.204 238.772 238.19 697.166
560000 221.491 239.858 238.891 700.24
562000 221.57 240.311 238.939 700.82
564000 222.425 241.797 239.4 703.622
566000 222.727 242.18 241.634 706.541
568000 222.662 241.913 241.986 706.561
570000 224.024 243.204 242.213 709.44
572000 225.969 243.981 242.252 712.202
574000 226.282 244.126 243.055 713.463
576000 227.474 243.783 242.956 714.213
578000 228.653 244.931 243.921 717.506
580000 230.049 246.121 244.873 721.043
582000 230.515 247.092 245.765 723.372
584000 232.233 248.568 247.759 728.56
586000 232.64 247.824 248.257 728.721
588000 233.681 247.912 248.528 730.121
590000 234.956 249.583 250.582 735.121
592000 236.292 249.877 251.938 738.107
594000 237.275 250.646 254.16 742.082
596000 238.689 250.336 254.102 743.128
598000 238.177 250.911 255.298 744.386
600000 239.195 251.724 256.241 747.161
602000 241.004 252.122 258.06 751.186
604000 242.347 252.55 258.199 753.096
606000 242.295 252.885 259.439 754.619
608000 243.4 253.459 260.131 756.99
610000 244.752 254.508 262.114 761.374
612000 245.622 255.487 262.972 764.081
614000 245.338 256.943 264.99 767.271
616000 245.745 257.131 265.831 768.707
618000 246.051 257.648 267.738 771.437
620000 247.288 258.415 268.236 773.939
622000 248.171 258.766 269.134 776.071
624000 249.976 258.659 268.158 776.793
626000 250.727 258.554 269.187 778.468
628000 251.461 259.602 269.808 780.871
630000 252.59 260.472 270.189 783.251
632000 254.335 262.913 270.907 788.154
634000 254.63 262.43 272.284 789.344
636000 255.376 261.552 274.125 791.053
638000 257.021 262.151 276 795.172
640000 256.581 262.529 276.582 795.693
642000 257.539 263.178 277.746 798.463
644000 257.867 264.027 279.735 801.628
646000 257.812 265.163 278.811 801.786
648000 257.332 264.86 278.586 800.778
650000 257.451 266.241 279.912 803.604
652000 256.839 266.424 281.064 804.328
654000 257.009 268.542 281.138 806.689
656000 258.545 268.701 280.881 808.128
658000 258.377 269.09 280.662 808.128
660000 258.53 268.992 281.203 808.725
662000 258.565 269.985 282.441 810.991
664000 259.561 270.921 281.829 812.311
666000 260.717 272.226 284.46 817.404
668000 260.816 271.824 285.29 817.93
670000 262.405 271.863 286.859 821.127
672000 263.782 271.902 288.843 824.527
674000 265.05 272.566 289.121 826.737
676000 265.492 273.796 290.172 829.46
678000 266.428 274.032 292.147 832.607
680000 265.355 273.184 293.478 832.017
682000 265.604 272.484 294.831 832.919
684000 267.209 272.686 297.323 837.218
686000 266.702 272.446 299.017 838.164
688000 267.559 271.77 298.86 838.189
690000 266.971 273.265 299.157 839.392
692000 267.5 274.879 300.478 842.858
694000 268.333 275.472 301.744 845.549
696000 270.09 277.59 302.087 849.768
698000 270.19 278.874 302.543 851.606
700000 271.605 278.096 302.756 852.457
702000 272.572 278.515 302.411 853.498
704000 272.955 278.778 302.756 854.489
706000 273.659 280.135 305.201 858.996
708000 274.158 280.715 305.956 860.829
710000 275.501 281.022 307.351 863.875
712000 275.135 281.738 309.26 866.134
714000 276.404 282.909 310.117 869.431
716000 276.157 283.212 311.611 870.979
718000 278.742 283.127 312.672 874.542
720000 278.706 285.213 314.328 878.248
722000 279.473 286.036 315.904 881.413
724000 280.077 286.601 317.612 884.291
726000 281.667 288.429 318.908 889.004
728000 282.566 289.096 320.179 891.841
730000 282.047 290.893 320.485 893.426
732000 282.842 291.324 321.18 895.346
734000 282.913 292.713 322.433 898.06
736000 283.343 293.359 324.273 900.976
738000 284.425 294.419 325.354 904.198
740000 284.775 294.905 326.965 906.644
742000 286.226 296.026 326.893 909.145
744000 286.154 295.944 328.085 910.184
746000 286.829 296.593 329.188 912.609
748000 286.285 296.377 328.835 911.497
750000 287.079 296.535 329.198 912.812
752000 286.374 296.694 329.879 912.947
754000 287.503 298.498 332.082 918.083
756000 290.313 300.023 333.29 923.625
758000 290.722 300.364 334.709 925.795
760000 291.986 301.329 334.815 928.129
762000 292.892 302.217 336.204 931.313
764000 292.84 301.94 336.817 931.597
766000 293.593 302.96 337.299 933.852
768000 294.773 303.214 337.102 935.089
770000 294.496 305.108 338.33 937.933
772000 294.697 306.068 340.356 941.121
774000 294.67 306.859 339.804 941.332
776000 294.968 307.926 340.514 943.408
778000 295.057 310.107 340.865 946.03
780000 297.475 311.234 342.875 951.584
782000 298.645 312.373 344.662 955.68
784000 299.548 312.923 346 958.471
786000 299.693 312.177 347.584 959.454
788000 300.329 311.662 350.271 962.262
790000 300.67 313.207 350.081 963.957
792000 300.173 314.798 351.874 966.846
794000 300.614 315.959 351.875 968.448
796000 301.469 316.21 352.559 970.237
798000 302.582 317.416 354.499 974.498
800000 303.073 317.688 354.992 975.752
802000 304.854 317.698 357.264 979.816
804000 305.011 317.502 357.244 979.758
806000 306.797 318.286 359.877 984.96
808000 306.888 319.521 360.773 987.183
810000 308.171 320.767 362.776 991.714
812000 310.217 322.824 363.524 996.565
814000 310.445 323.419 364.679 998.543
816000 311.214 325.082 365.535 1001.83
818000 312.895 327.389 364.67 1004.95
820000 314 328.66 365.829 1008.49
822000 315.511 329.707 367.046 1012.26
824000 319.245 331.782 368.258 1019.29
826000 320.658 331.882 368.547 1021.09
828000 322.323 332.216 370.549 1025.09
830000 323.353 333.297 371.585 1028.24
832000 324.998 333.995 372.928 1031.92
834000 327.238 334.722 373.002 1034.96
836000 328.339 335.284 373.134 1036.76
838000 328.937 334.974 374.33 1038.24
840000 330.718 337.431 374.292 1042.44
842000 331.814 338.303 375.839 1045.96
844000 334.105 340.349 377.788 1052.24
846000 335.472 341.167 378.712 1055.35
848000 334.735 342.125 378.897 1055.76
850000 333.011 341.68 380.929 1055.62
852000 333.425 341.549 380.423 1055.4
854000 333.478 341.372 382.416 1057.27
856000 333.557 341.353 381.241 1056.15
858000 334.528 341.233 384.458 1060.22
860000 334.221 342.268 386.231 1062.72
862000 334.391 341.324 385.366 1061.08
864000 335.875 344.089 386.595 1066.56
866000 337.13 344.632 388.035 1069.8
868000 338.587 346.383 388.29 1073.26
870000 338.892 347.655 390.149 1076.7
872000 339.468 347.626 391.911 1079
874000 339.735 348.443 394.599 1082.78
876000 341.245 349.08 394.35 1084.68
878000 342.174 350.045 395.02 1087.24
880000 342.86 352.221 395.95 1091.03
882000 342.432 352.203 396.238 1090.87
884000 342.887 352.71 395.704 1091.3
886000 343.723 353.421 396.957 1094.1
888000 344.153 353.959 398.803 1096.92
890000 346.238 354.962 399.255 1100.45
892000 348.621 355.277 400.192 1104.09
894000 348.521 357.057 400.301 1105.88
896000 347.973 356.971 400.237 1105.18
898000 348.384 357.266 400.808 1106.46
900000 350.443 357.374 402.551 1110.37
902000 350.597 357.642 404.065 1112.3
904000 350.881 357.983 404.843 1113.71
906000 351.105 358.579 406.019 1115.7
908000 353.971 360.326 405.536 1119.83
910000 355.15 360.238 406.993 1122.38
912000 354.949 360.364 407.5 1122.81
914000 357.883 361.813 409.048 1128.74
916000 359.019 364.462 410.704 1134.19
918000 359.47 365.886 411.62 1136.97
920000 360.254 366.732 411.855 1138.84
922000 361.832 368.146 413.261 1143.24
924000 362.955 369.999 415.818 1148.77
926000 363.333 371.171 414.673 1149.18
928000 365.262 372.872 416.483 1154.62
930000 367.68 371.442 417.816 1156.94
932000 367.793 371.608 418.637 1158.04
934000 368.532 373.639 417.6 1159.77
936000 370.056 374.236 418.857 1163.15
938000 369.871 376.084 418.314 1164.27
940000 370.705 377.723 418.423 1166.85
942000 371.537 377.659 418.822 1168.02
944000 371.885 379.486 418.963 1170.33
946000 372.246 381.921 420.608 1174.77
948000 373.166 382.829 422.005 1178
950000 374.051 383.6 424.257 1181.91
952000 375.795 385.037 422.82 1183.65
954000 376.32 385.451 424.872 1186.64
956000 376.821 385.826 425.047 1187.69
958000 377.387 385.754 427.359 1190.5
960000 378.137 386.183 427.919 1192.24
962000 379.172 387.51 429.346 1196.03
964000 379.585 387.309 429.613 1196.51
966000 378.425 387.276 429.274 1194.97
968000 380.088 389.105 430.482 1199.67
970000 381.895 390.111 430.902 1202.91
972000 382.121 391.307 431.94 1205.37
974000 383.882 391.809 431.754 1207.44
976000 383.417 390.789 433.085 1207.29
978000 383.982 392.803 432.496 1209.28
980000 383.702 392.236 434.592 1210.53
982000 383.824 392.981 434.766 1211.57
984000 386.286 393.081 435.075 1214.44
986000 386.447 394.431 434.27 1215.15
988000 388.006 396.606 436.891 1221.5
990000 388.272 397.096 436.718 1222.09
992000 388.21 397.706 438.135 1224.05
994000 389.663 398.688 439.459 1227.81
996000 390.15 398.812 440.689 1229.65
998000 392.317 399.838 441.557 1233.71
1000000 392.167 400.738 441.126 1234.03
1002000 392.413 401.865 444.64 1238.92
1004000 393.429 401.051 445.362 1239.84
1006000 395.25 399.94 448.893 1244.08
1008000 395.195 402.582 448.693 1246.47
1010000 397.416 404.232 449.797 1251.44
1012000 401.381 407.305 451.352 1260.04
1014000 401.2 408.131 450.381 1259.71
1016000 400.464 409.829 453.596 1263.89
1018000 400.612 409.159 455.204 1264.97
1020000 402.292 411.223 454.675 1268.19
1022000 403.678 413.062 454.831 1271.57
1024000 404.099 414.656 455.335 1274.09
1026000 404.451 413.134 455.602 1273.19
1028000 405.891 414.2 456.832 1276.92
1030000 405.617 412.19 457.632 1275.44
1032000 407.401 413.512 455.527 1276.44
1034000 409.243 414.323 454.876 1278.44
1036000 409.054 414.715 455.368 1279.14
1038000 408.712 416.296 456.812 1281.82
1040000 408.76 418.183 459.23 1286.17
1042000 411.534 418.728 460.649 1290.91
1044000 412.895 418.495 462.245 1293.64
1046000 413.626 417.106 462.695 1293.43
1048000 413.071 417.803 464.372 1295.25
1050000 413.795 418.116 463.625 1295.54
1052000 413.804 419.682 464.887 1298.37
1054000 414.434 421.778 466.595 1302.81
1056000 415.13 422.88 466.343 1304.35
1058000 418.265 423.812 467.797 1309.87
1060000 419.103 423.758 468.919 1311.78
1062000 419.193 424.891 468.258 1312.34
1064000 419.474 425.251 471.285 1316.01
1066000 419.139 425.955 471.837 1316.93
1068000 420.383 427.718 472.719 1320.82
1070000 421.787 429.334 473.037 1324.16
1072000 420.5 430.732 473.154 1324.39
1074000 421.48 431.572 474.508 1327.56
1076000 422.334 432.76 475.414 1330.51
1078000 423.082 434.557 477.446 1335.09
1080000 423.779 436.45 479.68 1339.91
1082000 424.655 437.493 480.756 1342.9
1084000 423.389 438.287 481.019 1342.69
1086000 423.53 438.302 481.902 1343.73
1088000 423.203 439.01 483.944 1346.16
1090000 424.151 440.353 484.675 1349.18
1092000 425.582 440.401 487.238 1353.22
1094000 426.494 440.09 488.837 1355.42
1096000 428.09 441.734 489.602 1359.43
1098000 430.858 441.266 490.397 1362.52
1100000 432.328 442.562 491.679 1366.57
1102000 432.489 443.36 491.935 1367.78
1104000 432.407 445.954 492.944 1371.3
1106000 435.715 445.591 493.872 1375.18
1108000 436.243 445.77 494.468 1376.48
1110000 436.038 444.888 495.272 1376.2
1112000 436.059 445.853 496.661 1378.57
1114000 435.672 447.35 497.913 1380.94
1116000 437.278 447.12 497.887 1382.29
1118000 438.893 447.053 499.843 1385.79
1120000 438.676 447.867 499.831 1386.37
1122000 440.226 449.805 501.329 1391.36
1124000 440.909 451.27 501.024 1393.2
1126000 441.107 453.147 501.956 1396.21
1128000 441.956 453.318 502.43 1397.71
1130000 442.14 454.312 503.193 1399.64
1132000 445.322 454.138 502.994 1402.45
1134000 445.841 455.536 503.158 1404.54
1136000 447.675 456.132 504.733 1408.54
1138000 448.784 456.961 505.383 1411.13
1140000 450.999 457.821 508.033 1416.85
1142000 453.611 458.776 509.032 1421.42
1144000 454.752 461.188 510.733 1426.67
1146000 458.428 461.981 512.041 1432.45
1148000 458.419 460.587 512.631 1431.64
1150000 459.243 462.021 514.06 1435.32
1152000 459.282 463.393 514.272 1436.95
1154000 462.382 464.753 514.47 1441.61
1156000 463.803 463.546 515.788 1443.14
1158000 463.203 464.838 517.208 1445.25
1160000 463.918 464.367 518.475 1446.76
1162000 463.845 466.264 517.93 1448.04
1164000 465.614 469.74 519.142 1454.5
1166000 465.798 470.824 520.606 1457.23
1168000 466.405 470.875 520.941 1458.22
1170000 466.683 470.749 520.908 1458.34
1172000 468.566 471.841 519.532 1459.94
1174000 470.964 472.19 520.398 1463.55
1176000 471.126 472.835 522.615 1466.58
1178000 471.332 472.401 524.195 1467.93
1180000 471.903 472.9 522.415 1467.22
1182000 472.552 471.978 523.776 1468.31
1184000 473.573 471.582 523.972 1469.13
1186000 474.445 471.495 525.988 1471.93
1188000 474.845 473.23 528.485 1476.56
1190000 475.189 475.077 529.134 1479.4
1192000 476.52 475.498 533.176 1485.19
1194000 477.525 476.437 534.519 1488.48
1196000 479.469 476.51 536.166 1492.15
1198000 480.65 476.673 536.465 1493.79
1200000 480.223 477.486 537.851 1495.56
1202000 479.528 475.811 537.126 1492.46
1204000 480.94 477.952 534.997 1493.89
1206000 481.467 479.362 536.223 1497.05
1208000 480.001 480.582 536.29 1496.87
1210000 480.138 482.111 539.007 1501.26
1212000 480.509 483.483 539.964 1503.96
1214000 482.52 484.405 542.135 1509.06
1216000 485.693 485.848 542.976 1514.52
1218000 487.361 486.192 542.158 1515.71
1220000 486.823 487.119 542.036 1515.98
1222000 486.301 487.436 542.32 1516.06
1224000 486.764 488.001 542.645 1517.41
1226000 486.892 490.007 545.863 1522.76
1228000 486.292 490.388 546.062 1522.74
1230000 486.974 490.864 546.21 1524.05
1232000 486.652 493.08 546.414 1526.15
1234000 488.279 494.594 547.57 1530.44
1236000 491.296 494.682 548.096 1534.07
1238000 490.387 495.383 548.523 1534.29
1240000 491.942 497.16 549.137 1538.24
1242000 491.233 498.326 550.388 1539.95
1244000 492.106 498.549 551.302 1541.96
1246000 494.256 499.15 551.048 1544.45
1248000 495.015 499.565 552.118 1546.7
1250000 494.677 499.337 553.422 1547.44
1252000 494.025 501.28 553.044 1548.35
1254000 493.832 504.686 555.437 1553.96
1256000 495.45 507.976 556.101 1559.53
1258000 496.764 509.698 556.082 1562.54
1260000 497.312 510.605 557.356 1565.27
1262000 497.454 511.893 558.995 1568.34
1264000 500.359 514.234 559.624 1574.22
1266000 500.866 513.074 560.853 1574.79
1268000 502.882 513.617 563.079 1579.58
1270000 502.619 512.75 563.642 1579.01
1272000 501.225 512.296 564.774 1578.3
1274000 501.097 515.913 565.718 1582.73
1276000 502.548 515.604 568.114 1586.27
1278000 502.693 514.674 566.958 1584.33
1280000 502.385 513.809 567.378 1583.57
1282000 502.849 512.751 569.413 1585.01
1284000 502.525 513.209 570.486 1586.22
1286000 503.466 516.207 571.426 1591.1
1288000 504.361 518.383 573.401 1596.14
1290000 504.268 519.154 572.407 1595.83
1292000 503.672 520.152 572.713 1596.54
1294000 504.477 523.627 573.835 1601.94
1296000 505.387 526.153 574.826 1606.37
1298000 504.332 528.826 575.391 1608.55
1300000 505.759 528.616 574.648 1609.02
1302000 505.446 529.995 576.536 1611.98
1304000 505.895 530.056 577.915 1613.87
1306000 509.692 528.931 578.212 1616.83
1308000 510.769 528.864 578.702 1618.34
1310000 511.667 530.584 580.483 1622.73
1312000 513.447 529.933 581.756 1625.14
1314000 515.194 529.925 583.364 1628.48
1316000 516.184 529.931 583.64 1629.75
1318000 518.017 531.972 584.257 1634.25
1320000 517.64 532.548 585.506 1635.69
1322000 518.948 534.092 584.006 1637.05
1324000 518.036 535.538 583.536 1637.11
1326000 518.998 536.123 587.21 1642.33
1328000 519.851 535.767 586.957 1642.57
1330000 521.408 537.339 589.748 1648.49
1332000 521.72 538.049 590.485 1650.25
1334000 522.913 540.798 592.709 1656.42
1336000 522.806 540.081 592.338 1655.23
1338000 523.242 541.721 592.802 1657.77
1340000 523.903 541.747 596.378 1662.03
1342000 525.716 541.766 598.39 1665.87
1344000 527.285 544.381 599.073 1670.74
1346000 528.744 544.168 599.719 1672.63
1348000 529.468 545.533 600.059 1675.06
1350000 529.722 545.724 601.964 1677.41
1352000 531.643 547.084 604.033 1682.76
1354000 531.251 546.805 604.62 1682.68
1356000 531.53 547.106 606.342 1684.98
1358000 532.884 547.605 607.203 1687.69
1360000 532.92 548.676 607.985 1689.58
1362000 535.173 551.12 610.01 1696.3
1364000 535.56 550.88 611.599 1698.04
1366000 536.31 550.968 611.508 1698.79
1368000 539.712 552.908 612.59 1705.21
1370000 539.2 553.543 613.817 1706.56
1372000 540.143 555.994 613.707 1709.84
1374000 543.036 556.71 614.516 1714.26
1376000 544.088 558.139 611.629 1713.86
1378000 544.06 558.358 614.178 1716.6
1380000 546.645 561.001 614.866 1722.51
1382000 547.387 563.384 614.923 1725.69
1384000 548.633 564.523 617.017 1730.17
1386000 548.886 565.156 618.112 1732.15
1388000 550.308 565.345 619.015 1734.67
1390000 551.581 566.04 618.494 1736.12
1392000 553.279 567.812 619.144 1740.24
1394000 550.927 568.563 621.317 1740.81
1396000 552.987 568.496 621.87 1743.35
1398000 554.278 569.312 621.618 1745.21
1400000 556.281 570.212 621.01 1747.5
1402000 557.31 569.391 621.289 1747.99
1404000 557.868 570.119 622.427 1750.41
1406000 560.016 572.455 623.221 1755.69
1408000 559.85 573.462 621.571 1754.88
1410000 560.432 572.81 622.88 1756.12
1412000 562.62 573.799 625.372 1761.79
1414000 562.969 575.105 626.76 1764.83
1416000 564.466 577.24 628.997 1770.7
1418000 564.322 576.975 629.736 1771.03
1420000 564.681 579.036 630.822 1774.54
1422000 565.69 580.48 630.406 1776.58
1424000 564.783 583.108 631.502 1779.39
1426000 565.626 584.152 628.966 1778.74
1428000 566.711 584.634 629.537 1780.88
1430000 568.699 585.856 630.386 1784.94
1432000 570.847 588.467 630.808 1790.12
1434000 570.106 590.192 632.001 1792.3
1436000 569.956 590.739 633.143 1793.84
1438000 570.707 593.161 631.283 1795.15
1440000 574.089 592.115 631.947 1798.15
1442000 574.96 592.578 632.469 1800.01
1444000 575.794 593.46 631.385 1800.64
1446000 575.592 594.289 630.724 1800.6
1448000 574.64 596.658 632.11 1803.41
1450000 575.609 595.078 633.485 1804.17
1452000 575.531 596.12 635.046 1806.7
1454000 577.936 595.269 636.971 1810.17
1456000 578.323 595.743 639.181 1813.25
1458000 579.592 594.679 640.824 1815.09
1460000 579.171 595.281 640.238 1814.69
1462000 579.901 595.129 640.971 1816
1464000 580.299 594.989 643.005 1818.29
1466000 581.602 594.632 644.119 1820.35
1468000 580.55 595.058 647.28 1822.89
1470000 582.399 596.356 647.366 1826.12
1472000 580.408 597.428 647.521 1825.36
1474000 581.744 599.958 649.489 1831.19
1476000 582.83 602.767 650.237 1835.83
1478000 583.001 603.072 652.373 1838.45
1480000 585.898 604.086 656.426 1846.41
1482000 588.023 603.521 657.074 1848.62
1484000 589.7 604.25 658.091 1852.04
1486000 592.024 607.591 657.875 1857.49
1488000 594.726 607.514 656.99 1859.23
1490000 595.164 606.98 657.842 1859.99
1492000 596.572 608.906 658.087 1863.57
1494000 596.568 609.359 659.727 1865.65
1496000 595.944 608.733 659.273 1863.95
1498000 597.238 609.05 661.057 1867.34
1500000 598.72 611.29 659.673 1869.68
1502000 599.094 610.459 660.731 1870.28
1504000 599.491 610.164 662.031 1871.69
1506000 597.745 612.514 660.53 1870.79
1508000 599.515 610.965 662.842 1873.32
1510000 600.329 613.336 663.991 1877.66
1512000 602.201 613.793 666.849 1882.84
1514000 602.328 613.708 668.235 1884.27
1516000 600.99 616.277 670.125 1887.39
1518000 598.905 617.128 672.689 1888.72
1520000 600.695 618.159 671.467 1890.32
1522000 601.509 619.336 672.081 1892.93
1524000 602.649 618.604 674.002 1895.26
1526000 602.619 620.329 675.498 1898.45
1528000 604.845 620.824 675.921 1901.59
1530000 603.934 622.076 678.048 1904.06
1532000 605.608 622.114 675.947 1903.67
1534000 608.568 623.384 676.96 1908.91
1536000 609.896 625.122 676.986 1912
1538000 609.926 624.39 679.248 1913.56
1540000 612.605 625.591 682.394 1920.59
1542000 613.889 626.125 684.119 1924.13
1544000 615.231 626.337 683.754 1925.32
1546000 616.826 629.699 684.614 1931.14
1548000 618.32 631.104 684.318 1933.74
1550000 617.875 631.946 685.558 1935.38
1552000 617.518 632.1 685.512 1935.13
1554000 618.139 632.629 688.075 1938.84
1556000 618.215 633.521 691.147 1942.88
1558000 618.146 634.562 692.528 1945.24
1560000 619.242 635.785 694.139 1949.17
1562000 621.006 636.623 694.342 1951.97
1564000 622.301 636.859 698.172 1957.33
1566000 621.807 637.623 700.753 1960.18
1568000 623.682 638.972 701.442 1964.1
1570000 625.121 638.543 703.443 1967.11
1572000 626.711 637.921 704.229 1968.86
1574000 626.588 637.718 703.482 1967.79
1576000 625.552 637.85 704.594 1968
1578000 625.445 637.154 702.658 1965.26
1580000 624.873 638.242 703.546 1966.66
1582000 625.292 636.119 704.29 1965.7
1584000 627.316 635.55 705.633 1968.5
1586000 627.987 638.036 707.935 1973.96
1588000 629.234 637.962 707.897 1975.09
1590000 631.312 636.423 709.833 1977.57
1592000 630.716 638.576 712.467 1981.76
1594000 631.516 639.819 712.081 1983.42
1596000 630.054 640.431 712.248 1982.73
1598000 629.597 640.622 713.003 1983.22
1600000 631.205 639.217 713.58 1984
1602000 630.597 638.101 715.835 1984.53
1604000 631.589 639.421 716.49 1987.5
1606000 635.156 640.819 717.163 1993.14
1608000 633.956 640.375 717.891 1992.22
1610000 633.382 641.981 717.389 1992.75
1612000 633.549 645.19 718.076 1996.82
1614000 635.664 645.485 717.785 1998.93
1616000 637.131 646.734 720.638 2004.5
1618000 637.48 647.993 721.884 2007.36
1620000 638.276 648.963 724.95 2012.19
1622000 639.762 651.743 722.899 2014.4
1624000 638.995 652.923 725.159 2017.08
1626000 638.923 652.523 726.256 2017.7
1628000 639.318 655.077 727.687 2022.08
1630000 642.215 656.733 729.589 2028.54
1632000 642.409 658.598 731.92 2032.93
1634000 642.909 660.457 734.442 2037.81
1636000 641.336 661.354 736.571 2039.26
1638000 642.958 662.892 737.733 2043.58
1640000 643.651 664.141 739.126 2046.92
1642000 644.442 665.139 740.227 2049.81
1644000 643.55 664.082 741.965 2049.6
1646000 643.66 665.04 740.262 2048.96
1648000 643.795 665.621 741.993 2051.41
1650000 644.993 666.597 740.637 2052.23
1652000 647.133 668.226 743.192 2058.55
1654000 648.153 668.773 743.97 2060.9
1656000 648.444 668.611 744.357 2061.41
1658000 650.141 668.615 745.358 2064.11
1660000 649.86 669.916 745.51 2065.29
1662000 649.637 669.919 746.58 2066.14
1664000 648.345 668.852 748.227 2065.42
1666000 648.292 671.586 748.717 2068.59
1668000 650.72 671.233 751.394 2073.35
1670000 652.28 673.132 753.71 2079.12
1672000 652.571 673.376 752.172 2078.12
1674000 652.336 673.126 753.129 2078.59
1676000 655.093 673.267 756.016 2084.38
1678000 653.35 674.862 757.121 2085.33
1680000 652.16 674.938 758.251 2085.35
1682000 652.984 675.493 759.701 2088.18
1684000 652.932 676.635 759.819 2089.39
1686000 654.54 679.61 761.623 2095.77
1688000 655.022 680.622 762.261 2097.91
1690000 656.511 683.069 763.871 2103.45
1692000 656.183 684.793 763.83 2104.81
1694000 659.309 685.701 761.932 2106.94
1696000 661.475 687.395 764.327 2113.2
1698000 663.836 688.87 765.109 2117.82
1700000 664.706 688.491 763.806 2117
1702000 664.908 689.246 765.507 2119.66
1704000 665.078 690.483 766.693 2122.25
1706000 667.535 691.637 767.879 2127.05
1708000 667.581 692.445 768.724 2128.75
1710000 667.499 691.819 771.865 2131.18
1712000 668.164 691.306 775.236 2134.71
1714000 668.442 692.335 776.351 2137.13
1716000 669.672 693.83 777.297 2140.8
1718000 670.709 693.697 780.181 2144.59
1720000 670.658 694.989 780.294 2145.94
1722000 671.675 693.927 780.954 2146.56
1724000 672.543 695.893 781.688 2150.12
1726000 672.63 696.171 780.892 2149.69
1728000 673.703 694.254 779.58 2147.54
1730000 677.223 693.295 782.304 2152.82
1732000 676.843 694.769 783.32 2154.93
1734000 678.261 694.825 787.122 2160.21
1736000 678.843 694.368 786.519 2159.73
1738000 678.965 694.904 787.098 2160.97
1740000 679.466 696.67 788.693 2164.83
1742000 681.245 699.077 790.598 2170.92
1744000 681.665 698.901 792.613 2173.18
1746000 682.362 700.976 793.888 2177.23
1748000 684.222 702.58 791.972 2178.77
1750000 685.426 702.24 793.64 2181.31
1752000 686.287 703.731 794.761 2184.78
1754000 685.688 706.34 796.886 2188.91
1756000 685.827 708.214 796.548 2190.59
1758000 687.24 708.439 797.86 2193.54
1760000 688.02 709.071 797.834 2194.93
1762000 689.33 710.66 798.949 2198.94
1764000 688.166 711.863 797.531 2197.56
1766000 688.612 712.039 798.746 2199.4
1768000 687.604 714.319 800.578 2202.5
1770000 687.659 715.865 800.222 2203.75
1772000 689.183 716.242 798.392 2203.82
1774000 689.867 717.598 799.463 2206.93
1776000 693.503 718.662 800.787 2212.95
1778000 695.632 721.293 801.435 2218.36
1780000 696.083 722.146 801.617 2219.85
1782000 699.909 724.37 802.713 2226.99
1784000 701.356 723.471 802.196 2227.02
1786000 700.278 725.112 804.031 2229.42
1788000 700.356 726.378 802.882 2229.62
1790000 700.458 725.944 804.618 2231.02
1792000 699.771 725.132 806.713 2231.62
1794000 700.242 726.302 807.975 2234.52
1796000 700.42 727.498 810.104 2238.02
1798000 699.05 728.318 810.429 2237.8
1800000 700.423 730.129 812.868 2243.42
1802000 700.664 732.76 813.501 2246.93
1804000 699.24 734.125 813.803 2247.17
1806000 699.395 735.465 813.063 2247.92
1808000 701.344 736.38 814.249 2251.97
1810000 701.967 735.671 814.826 2252.46
1812000 700.874 735.503 814.606 2250.98
1814000 702.408 737.787 817.129 2257.32
1816000 705.2 738.769 814.058 2258.03
1818000 708.007 741.467 814.101 2263.57
1820000 709.205 741.757 815.344 2266.31
1822000 710.415 741.778 818.413 2270.61
1824000 711.592 743.607 818.065 2273.26
1826000 711.438 745.492 817.856 2274.79
1828000 711.658 748.618 819.69 2279.97
1830000 715.232 749.456 821.659 2286.35
1832000 716.742 749.009 822.852 2288.6
1834000 716.363 751.581 820.831 2288.77
1836000 716.829 752.329 823.816 2292.97
1838000 718.094 753.454 826.372 2297.92
1840000 719.314 754.942 825.918 2300.17
1842000 722.746 757.057 827.547 2307.35
1844000 724.745 757.279 827.976 2310
1846000 724.688 757.902 830.106 2312.7
1848000 724.826 759.369 830.658 2314.85
1850000 726.096 760.302 832.882 2319.28
1852000 727.889 761.645 834.919 2324.45
1854000 728.114 762.94 836.129 2327.18
1856000 731.03 764.644 837.046 2332.72
1858000 732.993 766.015 837.26 2336.27
1860000 733.732 766.951 839.148 2339.83
1862000 736.281 767.694 839.91 2343.88
1864000 734.977 768.204 841.64 2344.82
1866000 735.704 768.849 843.474 2348.03
1868000 738.193 770.78 843.389 2352.36
1870000 741.562 773.195 841.197 2355.95
1872000 742.594 773.807 840.346 2356.75
1874000 743.783 775.131 841.631 2360.54
1876000 744.469 775.29 845.178 2364.94
1878000 744.826 776.081 844.371 2365.28
1880000 743.957 778.853 846.146 2368.96
1882000 745.008 779.8 845.779 2370.59
1884000 746.825 778.815 845.61 2371.25
1886000 747.727 779.001 846.576 2373.3
1888000 746.12 781.5 847.26 2374.88
1890000 746.294 780.809 844.816 2371.92
1892000 746.544 781.498 845.425 2373.47
1894000 747.746 782.528 846.017 2376.29
1896000 749.465 784.259 847.499 2381.22
1898000 751.525 783.879 850.023 2385.43
1900000 752.71 786.455 852.694 2391.86
1902000 755.291 785.474 853.458 2394.22
1904000 757.64 785.566 853.177 2396.38
1906000 760.409 786.737 854.607 2401.75
1908000 761.563 786.078 853.849 2401.49
1910000 762.792 787.593 854.166 2404.55
1912000 761.914 788.275 853.818 2404.01
1914000 762.461 788.752 855.215 2406.43
1916000 764.08 791.703 857.34 2413.12
1918000 765.44 791.015 857.411 2413.87
1920000 765.023 792.026 858.28 2415.33
1922000 765.015 794.348 859.538 2418.9
1924000 766.948 795.4 860.726 2423.07
1926000 765.492 795.716 861.164 2422.37
1928000 765.256 796.151 860.75 2422.16
1930000 768.775 794.575 861.184 2424.53
1932000 770.295 796.789 862.235 2429.32
1934000 771.526 795.799 861.732 2429.06
1936000 771.966 796.651 861.874 2430.49
1938000 772.52 797.204 863.685 2433.41
1940000 773.254 796.643 864.4 2434.3
1942000 773.467 797.631 863.86 2434.96
1944000 774.566 800.507 864.599 2439.67
1946000 773.908 800.903 866.944 2441.76
1948000 775.793 801.334 868.109 2445.24
1950000 775.91 804.241 869.673 2449.82
1952000 774.899 803.666 870.381 2448.95
1954000 776.952 805.592 870.87 2453.41
1956000 780.149 804.83 870.683 2455.66
1958000 779.854 806.561 872.182 2458.6
1960000 781.842 806.987 872.577 2461.41
1962000 783.968 805.923 873.16 2463.05
1964000 787.783 806.183 873.129 2467.1
1966000 787.937 805.891 875.25 2469.08
1968000 788.098 807.772 875.379 2471.25
1970000 790.726 808.265 878.256 2477.25
1972000 789.509 808.49 877.268 2475.27
1974000 789.66 807.42 880.182 2477.26
1976000 790.896 806.885 881.302 2479.08
1978000 790.784 805.321 882.812 2478.92
1980000 794.401 807.738 881.19 2483.33
1982000 796.237 808.705 881.971 2486.91
1984000 798.674 808.357 881.7 2488.73
1986000 799.95 809.344 881.377 2490.67
1988000 800.79 811.313 883.112 2495.22
1990000 802.044 811.661 886.07 2499.78
1992000 802.484 810.902 887.01 2500.4
1994000 802.699 811.298 886.461 2500.46
1996000 802.899 812.276 889.378 2504.55
1998000 803.799 814.504 890.946 2509.25
2000000 804.05 817.878 892.978 2514.91
