# Time-averaged data for fix savemsd
# TimeStep c_msd[1] c_msd[2] c_msd[3] c_msd[4]
0 8.76512e-32 0 2.56471e-29 2.57348e-29
2000 2.9895 2.95839 2.93088 8.87876
4000 5.84088 6.2671 6.42039 18.5284
6000 8.16747 8.91873 8.82159 25.9078
8000 11.0504 11.824 12.0062 34.8806
10000 14.5624 14.6854 14.704 43.9517
12000 17.3001 17.7907 17.7752 52.8661
14000 20.2857 20.7749 20.7105 61.7711
16000 22.9228 24.0678 24.5253 71.5159
18000 25.8876 27.5675 27.1191 80.5742
20000 28.6675 31.371 29.8641 89.9027
22000 31.9076 34.7308 33.4071 100.046
24000 35.3153 38.4268 36.2695 110.012
26000 38.3433 41.7185 39.3901 119.452
28000 41.5021 45.3233 42.694 129.519
30000 45.0815 47.316 45.4481 137.846
32000 48.4559 49.3214 48.39 146.167
34000 52.2024 51.7704 51.5302 155.503
36000 55.2127 54.225 53.1169 162.555
38000 58.3468 57.0271 55.969 171.343
40000 59.2542 59.8564 57.7825 176.893
42000 62.0584 63.0753 61.0714 186.205
44000 64.9229 65.9723 64.2311 195.126
46000 67.8647 68.4605 66.1407 202.466
48000 69.511 72.3771 68.1387 210.027
50000 72.0036 74.5361 70.1696 216.709
52000 76.0777 77.6302 72.9792 226.687
54000 79.1102 80.4603 74.8853 234.456
56000 81.3486 83.1895 78.1428 242.681
58000 83.8447 86.74 79.8666 250.451
60000 86.0266 89.9631 84.234 260.224
62000 88.7272 92.8615 87.9209 269.51
64000 90.6925 94.0935 91.9113 276.697
66000 94.2297 96.5195 95.256 286.005
68000 97.3678 99.7729 98.2907 295.431
70000 100.501 103.439 101.114 305.054
72000 104.371 106.648 103.494 314.513
74000 108.211 110.802 106.688 325.701
76000 110.643 115.494 110.013 336.151
78000 112.6 118.237 113.431 344.268
80000 115.015 119.634 116.136 350.785
82000 118.258 122.059 119.596 359.913
84000 120.782 124.787 123.373 368.941
86000 124.04 126.393 125.41 375.843
88000 126.446 127.52 129.592 383.557
90000 130.125 130.938 130.861 391.924
92000 133.794 134.259 131.59 399.642
94000 135.707 137.227 135.449 408.384
96000 139.108 139.197 138.153 416.458
98000 141.581 142.252 141.753 425.586
100000 142.291 144.571 144.423 431.286
102000 143.968 145.797 146.943 436.708
104000 148.632 148.578 149.216 446.427
106000 153.142 154.561 151.415 459.118
108000 155.366 157.428 154.275 467.07
110000 157.914 159.158 156.754 473.826
112000 161.596 163.944 160.161 485.701
114000 163.543 167.13 164.094 494.768
116000 163.89 166.922 168.51 499.322
118000 167.198 168.733 170.729 506.66
120000 170.914 172.651 175.354 518.919
122000 173.134 175.154 178.298 526.587
124000 176.006 177.638 180.933 534.577
126000 178.288 179.466 183.792 541.546
128000 179.583 183.145 184.436 547.164
130000 180.111 188.168 187.782 556.061
132000 182.145 192.025 191.272 565.442
134000 184.212 195.978 190.83 571.02
136000 186.602 196.124 193.388 576.113
138000 187.096 198.016 195.226 580.337
140000 189.696 199.743 198.928 588.366
142000 192.126 201.535 198.908 592.57
144000 196.02 203.648 200.918 600.586
146000 199.257 208.009 205.749 613.015
148000 201.346 209.269 209.777 620.392
150000 203.281 213.464 210.584 627.329
152000 203.489 215.435 212.462 631.386
154000 205.078 217.954 216.075 639.107
156000 208.074 223.236 217.526 648.837
158000 210.651 224.398 219.996 655.046
160000 213.255 226.29 223.304 662.849
162000 216.019 228.464 225.505 669.988
164000 218.599 232.57 226.036 677.205
166000 222.004 236.321 229.278 687.603
168000 225.565 238.26 235.53 699.355
170000 227.791 240.904 237.64 706.334
172000 230.182 243.846 242.702 716.73
174000 233.191 247.597 244.258 725.046
176000 235.568 251.035 244.808 731.411
178000 239.963 254.011 248.773 742.747
180000 241.704 255.274 248.869 745.847
182000 244.493 257.408 253.234 755.135
184000 249.412 262.007 257.013 768.432
186000 253.782 266.164 261.979 781.925
188000 258.956 268.214 264.777 791.947
190000 259.822 272.206 268.619 800.647
192000 260.217 272.993 269.88 803.09
194000 261.874 273.962 272.254 808.09
196000 265.657 277.691 275.62 818.968
198000 269.483 281.414 277.711 828.608
200000 272.366 283.357 280.854 836.577
202000 273.442 284.968 285.452 843.862
204000 274.737 287.63 287.676 850.043
206000 277.684 291.498 292.749 861.932
208000 282.084 294.985 295.393 872.463
210000 286.703 301.076 298.764 886.543
212000 290.134 302.415 299.638 892.186
214000 289.233 304.192 303.424 896.849
216000 289.477 307.05 309.274 905.8
218000 293.717 309.623 312.941 916.282
220000 296.092 310.777 316.148 923.017
222000 301.295 314.59 322.555 938.439
224000 302.239 319.118 326.19 947.548
226000 308.059 322.453 329.032 959.544
228000 311.903 324.984 331.12 968.007
230000 311.08 326.756 334.343 972.178
232000 314.899 329.711 336.58 981.19
234000 317.339 333.579 337.789 988.707
236000 320.108 338.444 340.915 999.467
238000 321.137 342.408 345.97 1009.52
240000 322.063 342.122 348.51 1012.69
242000 325.303 347.332 348.85 1021.48
244000 326.677 347.279 350.31 1024.27
246000 330.27 349.705 352.921 1032.9
248000 334.043 353.376 354.157 1041.58
250000 335.079 359.002 356.423 1050.5
252000 340.937 361.218 361.044 1063.2
254000 342.047 364.507 362.018 1068.57
256000 345.888 369.491 365.92 1081.3
258000 348.448 373.49 367.881 1089.82
260000 352.649 377.779 370.555 1100.98
262000 358.202 379.655 374.146 1112
264000 363.186 382.471 376.86 1122.52
266000 366.428 386.423 378.015 1130.87
268000 367.484 387.384 380.821 1135.69
270000 371.261 388.464 382.958 1142.68
272000 375.522 390.808 388.637 1154.97
274000 376.656 396.147 394.31 1167.11
276000 380.81 399.683 396.337 1176.83
278000 384.079 401.582 396.644 1182.31
280000 387.682 405.202 400.882 1193.77
282000 392.513 403.478 405.148 1201.14
284000 395.679 408.2 409.275 1213.15
286000 398.81 411.52 414.997 1225.33
288000 402.112 416.019 419.433 1237.56
290000 406.389 420.926 424.335 1251.65
292000 406.963 425.804 428.056 1260.82
294000 408.281 429.54 431.189 1269.01
296000 410.564 434.62 438.388 1283.57
298000 413.986 436.947 443.069 1294
300000 415.745 437.763 447.312 1300.82
302000 420.769 439.232 452.701 1312.7
304000 421.156 441.105 454.962 1317.22
306000 426.07 446.796 458.184 1331.05
308000 427.833 450.606 459.204 1337.64
310000 429.834 456.862 463.246 1349.94
312000 432.912 462.108 468.903 1363.92
314000 436.992 466.028 471.084 1374.1
316000 439.612 468.329 476.152 1384.09
318000 445.011 471.854 483.122 1399.99
320000 449.351 471.411 486.694 1407.46
322000 453.584 474.843 491.188 1419.62
324000 455.937 476.352 495.773 1428.06
326000 459.928 478.414 497.843 1436.18
328000 463.115 481.114 500.473 1444.7
330000 466.327 484.31 504.948 1455.58
332000 468.954 488.344 506.878 1464.18
334000 470.583 489.395 510.208 1470.19
336000 472.899 492.98 514.26 1480.14
338000 475.441 493.227 517.723 1486.39
340000 480.089 495.273 520.105 1495.47
342000 485.132 500.296 519.737 1505.17
344000 489.428 504.183 520.765 1514.38
346000 493.008 505.117 525.961 1524.09
348000 493.968 509.674 530.254 1533.9
350000 498.855 512.217 533.446 1544.52
352000 501.099 512.941 538.464 1552.5
354000 502.46 515.429 538.932 1556.82
356000 504.502 522.711 538.742 1565.96
358000 506.122 526.408 543.991 1576.52
360000 509.514 527.465 546.799 1583.78
362000 511.042 530.982 548.9 1590.92
364000 516.993 532.656 553.057 1602.71
366000 518.506 535.696 551.204 1605.41
368000 522.464 537.403 554.225 1614.09
370000 524.543 545.37 557.439 1627.35
372000 526.951 545.97 559.592 1632.51
374000 529.753 553.507 561.712 1644.97
376000 531.636 556.773 564.068 1652.48
378000 534.071 558.847 565.023 1657.94
380000 536.341 560.966 568.261 1665.57
382000 537.564 564.987 573.061 1675.61
384000 539.751 569.586 575.099 1684.44
386000 544.236 572.152 575.417 1691.8
388000 548.756 576.336 580.915 1706.01
390000 551.097 579.009 582.448 1712.55
392000 555.762 581.041 586.565 1723.37
394000 555.286 583.381 586.692 1725.36
396000 559.056 584.878 590.006 1733.94
398000 561.868 589.883 591.609 1743.36
400000 567.693 592.349 593.822 1753.86
402000 569.358 597.703 592.709 1759.77
404000 574.236 602.512 594.31 1771.06
406000 575.656 606.021 593.447 1775.12
408000 577.82 610.303 599.345 1787.47
410000 578.409 613.983 603.155 1795.55
412000 580.869 617.919 605.751 1804.54
414000 579.376 623.756 604.73 1807.86
416000 584.551 625.194 606.851 1816.6
418000 585.901 630.326 613.4 1829.63
420000 587.466 632.93 614.346 1834.74
422000 591.61 636.757 617.678 1846.04
424000 595.568 638.132 624.439 1858.14
426000 598.506 640.287 628.574 1867.37
428000 603.34 645.157 630.221 1878.72
430000 602.443 653.443 631.753 1887.64
432000 600.913 656.468 632.119 1889.5
434000 599.906 656.732 638.482 1895.12
436000 604.659 658.195 642.026 1904.88
438000 610.898 661.208 647.876 1919.98
440000 613.211 661.773 649.511 1924.5
442000 619.439 667.716 652.065 1939.22
444000 622.322 672.376 655.12 1949.82
446000 623.92 673.361 656.341 1953.62
448000 630.538 677.158 660.04 1967.74
450000 633.247 683.966 660.11 1977.32
452000 634.409 688.622 664.873 1987.9
454000 637.608 691.977 668.416 1998
456000 639.736 698.254 667.342 2005.33
458000 642.959 702.557 673.364 2018.88
460000 646.461 705.278 673.879 2025.62
462000 647.303 712.309 671.703 2031.31
464000 649.813 717.367 676.202 2043.38
466000 654.786 721.863 680.096 2056.74
468000 655.53 724.736 686.989 2067.26
470000 658.14 727.288 690.847 2076.28
472000 659.706 733.8 694.442 2087.95
474000 661.095 734.361 701.327 2096.78
476000 665.233 737.988 707.962 2111.18
478000 667.013 741.565 708.422 2117
480000 670.016 742.852 707.221 2120.09
482000 672.205 739.914 713.536 2125.66
484000 676.091 748.902 715.897 2140.89
486000 678.527 750.298 715.281 2144.1
488000 681.079 753.705 714.994 2149.78
490000 690.732 753.358 719.658 2163.75
492000 695.983 755.851 723.369 2175.2
494000 697.215 758.113 726.898 2182.23
496000 697.555 761.97 727.371 2186.9
498000 696.824 763.026 734.635 2194.48
500000 702.269 768.797 740.807 2211.87
502000 708.343 767.976 742.614 2218.93
504000 712.835 771.512 744.87 2229.22
506000 715.72 776.47 750.378 2242.57
508000 719.493 784.453 749.7 2253.65
510000 724.113 786.399 754.722 2265.23
512000 728.671 791.864 760.007 2280.54
514000 737.232 790.552 760.907 2288.69
516000 738.191 793.13 761.043 2292.36
518000 742.593 795.368 762.887 2300.85
520000 745.049 800.906 766.81 2312.77
522000 747.553 805.109 772.677 2325.34
524000 748.981 811.14 777.008 2337.13
526000 748.058 812.53 778.145 2338.73
528000 753.478 814.012 778.338 2345.83
530000 759.077 811.266 786.023 2356.37
532000 765.88 817.406 790.173 2373.46
534000 771.194 821.532 795.073 2387.8
536000 775.066 826.599 796.086 2397.75
538000 778.609 831.91 794.17 2404.69
540000 783.613 834.385 798.415 2416.41
542000 786.488 838.75 804.192 2429.43
544000 789.135 841.517 802.964 2433.62
546000 793.344 841.574 803.959 2438.88
548000 796.418 845.956 806.018 2448.39
550000 798.148 849.878 809.355 2457.38
552000 801.444 851.059 813.218 2465.72
554000 801.327 852.019 817.53 2470.88
556000 808.081 854.14 822.051 2484.27
558000 813.775 853.82 825.14 2492.73
560000 816.488 855.005 829.355 2500.85
562000 819.19 857.71 834.899 2511.8
564000 820.922 861.923 835.866 2518.71
566000 823.134 868.446 836.538 2528.12
568000 823.308 871.989 841.612 2536.91
570000 829.011 879.439 846.925 2555.38
572000 829.489 884.288 852.848 2566.62
574000 838.901 887.962 858.145 2585.01
576000 844.465 890.564 865.031 2600.06
578000 844.946 895.989 868.248 2609.18
580000 848.86 897.197 867.95 2614.01
582000 855.182 901.046 870.598 2626.83
584000 859.108 901.036 874.84 2634.98
586000 863.475 906.725 876.103 2646.3
588000 868.814 908.712 882.377 2659.9
590000 868.249 912.094 884.933 2665.28
592000 874.385 917.123 889 2680.51
594000 872.485 922.922 894.485 2689.89
596000 874.173 925.59 896.83 2696.59
598000 875.705 927.133 906.994 2709.83
600000 878.71 927.994 905.961 2712.67
602000 882.019 931.971 911.2 2725.19
604000 884.438 936.293 915.588 2736.32
606000 890.754 939.017 918.762 2748.53
608000 898.429 941.737 919.596 2759.76
610000 898.572 942.541 924.159 2765.27
612000 902.817 945.965 931.707 2780.49
614000 906.011 949.227 937.156 2792.39
616000 906.994 954.232 935.655 2796.88
618000 905.034 957.498 938.794 2801.33
620000 907.743 960.504 945.24 2813.49
622000 913.16 963.206 945.38 2821.75
624000 913.856 967.443 944.964 2826.26
626000 916.265 972.66 944.741 2833.67
628000 916.666 978.449 948.919 2844.03
630000 917.246 984.052 951.335 2852.63
632000 918.252 985.726 955.603 2859.58
634000 919.822 985.59 961.743 2867.16
636000 925.68 986.743 968.083 2880.51
638000 929.781 991.314 971.037 2892.13
640000 934.518 996.052 976.767 2907.34
642000 937.86 999.426 976.238 2913.52
644000 940.922 996.425 980.901 2918.25
646000 941.474 998.074 981.113 2920.66
648000 940.823 995.504 980.907 2917.23
650000 939.048 997.834 979.187 2916.07
652000 938.963 1003.63 983.203 2925.8
654000 945.766 1005.77 986.095 2937.64
656000 946.346 1006.1 990.75 2943.19
658000 949.057 1013.17 993.41 2955.63
660000 950.526 1015.45 996.845 2962.82
662000 954.284 1018.21 1001.41 2973.91
664000 955.779 1024.13 1004.5 2984.4
666000 957.019 1028.6 1007.11 2992.72
668000 960.249 1035.81 1011.43 3007.48
670000 962.477 1039.13 1015.8 3017.4
672000 966.415 1041.82 1020.92 3029.15
674000 969.492 1046.33 1023.56 3039.38
676000 977.792 1050.81 1029.68 3058.29
678000 978.534 1051.88 1035.47 3065.88
680000 978.94 1057.23 1034.7 3070.88
682000 982.08 1059.56 1036.66 3078.3
684000 982.407 1061.92 1039.52 3083.85
686000 984.222 1062.81 1041.62 3088.65
688000 987.337 1070.33 1045.96 3103.63
690000 984.758 1074.78 1050.56 3110.1
692000 985.062 1079.56 1057.9 3122.52
694000 988.753 1085.6 1064.14 3138.5
696000 989.113 1087.4 1068.66 3145.18
698000 989.185 1088.97 1072.24 3150.39
700000 989.37 1091.96 1074.67 3156.01
702000 994.345 1096.07 1074.3 3164.71
704000 999.552 1098.55 1083.93 3182.03
706000 1004.43 1103.43 1092.83 3200.69
708000 1011.83 1103.14 1097.51 3212.48
710000 1013.37 1106.39 1103.7 3223.46
712000 1018.7 1111.51 1106.96 3237.17
714000 1021.22 1113.97 1110.98 3246.17
716000 1025.72 1115.3 1117.58 3258.6
718000 1029.73 1115.78 1117.87 3263.38
720000 1033.24 1119.81 1118.33 3271.38
722000 1037.78 1119.15 1115.6 3272.53
724000 1037.39 1125.93 1117.67 3280.99
726000 1037.44 1129.01 1121.17 3287.63
728000 1040.99 1131.35 1124.02 3296.36
730000 1045.4 1134.05 1134.12 3313.57
732000 1045.26 1139.73 1130.04 3315.03
734000 1050.87 1145.46 1129.66 3325.99
736000 1054.57 1148.64 1136.06 3339.27
738000 1055.68 1145.58 1142.67 3343.93
740000 1059.31 1145.25 1148.4 3352.96
742000 1064.14 1146.13 1152.05 3362.32
744000 1071.53 1152.48 1152.18 3376.19
746000 1074.23 1150.59 1157.1 3381.91
748000 1081.3 1154.69 1160.26 3396.25
750000 1085.77 1159.34 1165.14 3410.25
752000 1086.38 1160.54 1169.19 3416.11
754000 1090.78 1164.13 1174.57 3429.49
756000 1088.75 1167.56 1175.92 3432.23
758000 1092.05 1166.01 1174.76 3432.81
760000 1092.29 1171.08 1177.24 3440.6
762000 1098 1173 1179.24 3450.23
764000 1102.33 1176.95 1176.69 3455.97
766000 1101.57 1179.44 1185.5 3466.51
768000 1108.1 1177.38 1188.64 3474.12
770000 1108.81 1183.54 1190.76 3483.11
772000 1110.9 1184.43 1196.98 3492.31
774000 1115.54 1186.53 1202.15 3504.22
776000 1118.45 1182.9 1208.08 3509.43
778000 1124.57 1185.2 1211.9 3521.66
780000 1129.51 1186.35 1216.94 3532.8
782000 1137.12 1191.77 1216.1 3544.99
784000 1139.14 1195.01 1217.04 3551.19
786000 1140.77 1199.52 1220.11 3560.4
788000 1140.57 1198.21 1225.09 3563.87
790000 1142.78 1198.56 1226.83 3568.17
792000 1144.08 1198.34 1231.16 3573.58
794000 1150.49 1202.19 1235.36 3588.04
796000 1157.36 1201.55 1238.41 3597.32
798000 1162.33 1202.04 1240.97 3605.34
800000 1165.19 1203.48 1246.01 3614.68
802000 1165.91 1202.88 1246.57 3615.36
804000 1168.08 1203.58 1245.04 3616.7
806000 1170.4 1204.76 1246.99 3622.16
808000 1174.1 1207 1247.44 3628.54
810000 1178.17 1210.95 1251.73 3640.85
812000 1181.44 1212.73 1254.41 3648.57
814000 1177.95 1212.75 1260.34 3651.04
816000 1180.32 1218.66 1262.45 3661.43
818000 1191.15 1225.41 1260.95 3677.52
820000 1198.76 1228.92 1259.61 3687.28
822000 1195.7 1233.56 1264.04 3693.3
824000 1200.28 1238.42 1262.82 3701.53
826000 1198.73 1236.04 1266.83 3701.6
828000 1204.77 1240.28 1271.14 3716.19
830000 1201.95 1247.5 1266.19 3715.64
832000 1204.31 1253.09 1269.38 3726.78
834000 1206 1254.49 1270.66 3731.15
836000 1208.95 1252.36 1270.79 3732.1
838000 1215.81 1255.27 1272.81 3743.88
840000 1218.21 1254.48 1272.51 3745.2
842000 1224.96 1261.69 1268.95 3755.6
844000 1224.43 1264.72 1272.51 3761.65
846000 1223.61 1269.09 1278.63 3771.34
848000 1229.14 1272.65 1281.83 3783.62
850000 1223.36 1273.49 1284.8 3781.65
852000 1227.31 1272.22 1287.03 3786.56
854000 1229.24 1274.63 1288.24 3792.11
856000 1227.51 1274.99 1288.46 3790.97
858000 1228.49 1282.51 1292.61 3803.61
860000 1228.64 1281.39 1296.55 3806.58
862000 1234.83 1280.33 1297.52 3812.67
864000 1238.77 1282.01 1301.79 3822.58
866000 1240.86 1280.09 1308.48 3829.43
868000 1240.77 1279.51 1311.91 3832.18
870000 1241.8 1287.66 1315.05 3844.51
872000 1247.83 1294.6 1315.95 3858.39
874000 1255.57 1294.5 1320.73 3870.8
876000 1257.63 1298.09 1326.64 3882.36
878000 1256.64 1304.44 1326.74 3887.82
880000 1256.64 1308.83 1326.82 3892.3
882000 1261.38 1309.94 1330.7 3902.02
884000 1260.33 1314.25 1329.19 3903.77
886000 1256.92 1315.55 1324.41 3896.88
888000 1251.03 1317.92 1328.22 3897.17
890000 1252.13 1321.43 1326.56 3900.12
892000 1256.29 1324.23 1331.06 3911.58
894000 1259.39 1331.48 1337.47 3928.33
896000 1258.44 1335.4 1341.65 3935.49
898000 1260.64 1340.3 1341.83 3942.76
900000 1271.08 1341.49 1343.44 3956
902000 1267.24 1345.5 1342.6 3955.34
904000 1266.73 1349.22 1343.17 3959.12
906000 1270.4 1354.7 1345.88 3970.98
908000 1271.23 1361.32 1350.43 3982.98
910000 1276.97 1363.05 1352.14 3992.16
912000 1282.16 1368.06 1352.32 4002.53
914000 1284.77 1375.14 1361.21 4021.12
916000 1284.84 1373.37 1368.43 4026.64
918000 1288 1377.34 1374.33 4039.67
920000 1290.87 1379.71 1379.4 4049.98
922000 1298.08 1384.99 1381 4064.07
924000 1304.77 1389.53 1381.7 4076
926000 1308.9 1388.9 1383.22 4081.01
928000 1315.32 1393.32 1391.76 4100.4
930000 1311.3 1391.59 1394.69 4097.58
932000 1316.91 1390.97 1395.94 4103.81
934000 1322.17 1399.21 1404.19 4125.58
936000 1317.3 1400.24 1403.3 4120.85
938000 1321.15 1397.58 1402.55 4121.28
940000 1321.76 1395.48 1408.29 4125.53
942000 1329.76 1398.41 1407.93 4136.1
944000 1332.43 1395.87 1410.54 4138.84
946000 1326.89 1397.46 1412.47 4136.82
948000 1326.43 1399.24 1415.98 4141.65
950000 1326.52 1400.72 1416.71 4143.94
952000 1326.84 1404.96 1418.57 4150.37
954000 1329.61 1410.87 1425.8 4166.29
956000 1329.99 1411.96 1429.67 4171.61
958000 1327.11 1418.28 1437.69 4183.08
960000 1332.1 1420.73 1442.21 4195.04
962000 1333.84 1423.09 1442.51 4199.44
964000 1334 1427.82 1444.01 4205.83
966000 1339.24 1430.08 1444.12 4213.44
968000 1343.43 1429.78 1448.34 4221.55
970000 1342.53 1437.9 1451.27 4231.7
972000 1347.14 1434.74 1461.37 4243.25
974000 1350.63 1437.36 1461.64 4249.62
976000 1353.46 1445.49 1462.81 4261.76
978000 1357.18 1449.48 1465.27 4271.94
980000 1360.69 1451.72 1465.17 4277.57
982000 1367.75 1455.66 1468.33 4291.74
984000 1372.33 1459.1 1474.18 4305.61
986000 1375.06 1461.11 1476.61 4312.79
988000 1375.48 1462 1472.72 4310.2
990000 1377.62 1462.58 1475.64 4315.83
992000 1377.88 1458.93 1482.09 4318.91
994000 1378.27 1466.26 1491.48 4336.02
996000 1383.01 1472.27 1498.09 4353.37
998000 1388.77 1474.03 1499.75 4362.55
1000000 1399.04 1465.59 1498.46 4363.09
1002000 1400.01 1469.21 1502.71 4371.93
1004000 1403.59 1468.89 1509.21 4381.69
1006000 1407.53 1475.25 1510.03 4392.81
1008000 1415.41 1478.01 1507.05 4400.47
1010000 1419.47 1473.43 1512.16 4405.07
1012000 1423.4 1479.56 1513.51 4416.46
1014000 1426.22 1482.14 1512.84 4421.2
1016000 1427.71 1487.63 1511.06 4426.39
1018000 1430.09 1489.62 1507.75 4427.46
1020000 1432.18 1491.34 1509.66 4433.18
1022000 1435.84 1498.55 1505.22 4439.6
1024000 1434.95 1501.75 1509.84 4446.54
1026000 1433.13 1507.14 1513.77 4454.04
1028000 1441.79 1511.88 1520.62 4474.29
1030000 1441.7 1514.75 1527.81 4484.26
1032000 1445.25 1524.27 1536.69 4506.22
1034000 1451.62 1528.29 1537.77 4517.67
1036000 1451.91 1530.11 1542.58 4524.6
1038000 1459.44 1529.77 1543.59 4532.8
1040000 1468 1527.33 1550.59 4545.92
1042000 1470.94 1531.26 1549.65 4551.84
1044000 1475.29 1531.42 1547.69 4554.39
1046000 1478.71 1532.42 1549.64 4560.77
1048000 1482.5 1532.43 1556.51 4571.44
1050000 1482.4 1536.56 1555.44 4574.41
1052000 1479.38 1543.38 1558.22 4580.97
1054000 1485.24 1546.17 1560.03 4591.44
1056000 1483.8 1555.52 1563.1 4602.42
1058000 1488.45 1555.27 1569.32 4613.05
1060000 1490.5 1557.98 1566.28 4614.76
1062000 1490.91 1561.71 1567.89 4620.51
1064000 1493.28 1568.02 1571.85 4633.15
1066000 1497.35 1568.16 1576.38 4641.88
1068000 1499.13 1566.62 1584.52 4650.27
1070000 1507.8 1565.64 1587.9 4661.34
1072000 1513.76 1572.07 1595.66 4681.48
1074000 1515.33 1575.51 1608.89 4699.73
1076000 1514.54 1579.18 1613.6 4707.32
1078000 1519.25 1584.24 1618.55 4722.04
1080000 1524.25 1587.16 1615.92 4727.33
1082000 1527.51 1591.76 1621.34 4740.6
1084000 1527.52 1593.59 1622.66 4743.77
1086000 1532.03 1601.3 1622.17 4755.5
1088000 1534.65 1606 1624.74 4765.38
1090000 1537.31 1605.48 1626.81 4769.59
1092000 1535.17 1610.49 1630.69 4776.35
1094000 1539.34 1618.23 1637.71 4795.28
1096000 1542.8 1620.99 1641.16 4804.96
1098000 1546.73 1630.84 1645.5 4823.07
1100000 1548.77 1629.13 1645.6 4823.51
1102000 1555.43 1634.1 1646.2 4835.73
1104000 1555.91 1636.36 1649.71 4841.98
1106000 1559.49 1643.3 1647.83 4850.62
1108000 1567.07 1649.26 1652.58 4868.92
1110000 1567.88 1648.67 1657.59 4874.14
1112000 1568.92 1653.69 1664.45 4887.07
1114000 1578.09 1651.01 1660.86 4889.96
1116000 1581.07 1651.46 1664.47 4897
1118000 1587.36 1656.92 1666.51 4910.79
1120000 1588.66 1661.35 1673.01 4923.02
1122000 1591.54 1664.31 1676.65 4932.49
1124000 1596.87 1670.66 1682.46 4950
1126000 1598.69 1678.59 1689.82 4967.09
1128000 1601.72 1683.34 1688.14 4973.2
1130000 1604.98 1690.86 1688.45 4984.28
1132000 1609.81 1694.31 1692.29 4996.4
1134000 1616.11 1694.79 1695.86 5006.76
1136000 1611.54 1694.51 1701.28 5007.34
1138000 1614.39 1696.53 1705.58 5016.5
1140000 1619.08 1697.36 1711.05 5027.5
1142000 1628.37 1697.55 1711.54 5037.45
1144000 1630.72 1696.78 1712.23 5039.73
1146000 1637.17 1690.79 1717.72 5045.68
1148000 1639.75 1695.28 1729.04 5064.07
1150000 1644.87 1696.39 1734.24 5075.51
1152000 1648.72 1692.33 1733.97 5075.01
1154000 1650.6 1696.56 1731.92 5079.08
1156000 1650.39 1697.31 1728.76 5076.45
1158000 1659.54 1699.49 1731.38 5090.4
1160000 1666.26 1699.25 1732.72 5098.24
1162000 1671.14 1701.6 1731.33 5104.07
1164000 1675.26 1712.45 1739.78 5127.49
1166000 1666.92 1717.73 1745.11 5129.76
1168000 1674.53 1715.82 1750.95 5141.3
1170000 1680.1 1721.83 1750.87 5152.8
1172000 1682.4 1724.32 1755.9 5162.62
1174000 1685.66 1723.64 1757.77 5167.07
1176000 1684.26 1724.99 1762.2 5171.45
1178000 1689.4 1728.88 1761.76 5180.05
1180000 1691.66 1728.36 1765.75 5185.76
1182000 1688.58 1727.84 1768.87 5185.29
1184000 1692.5 1733.13 1770.8 5196.44
1186000 1700.01 1735.63 1767.7 5203.34
1188000 1705.54 1737.78 1772.28 5215.61
1190000 1708.35 1739.33 1774.77 5222.45
1192000 1706.87 1744.78 1780.61 5232.26
1194000 1709.24 1741.82 1786.54 5237.6
1196000 1717.73 1746.28 1788.1 5252.1
1198000 1716.67 1745.75 1788.71 5251.12
1200000 1709.03 1748.33 1790.21 5247.57
1202000 1715.17 1745.41 1789.48 5250.06
1204000 1717.45 1744.56 1798.04 5260.04
1206000 1714.98 1746.78 1802.67 5264.42
1208000 1722.26 1750.72 1806.64 5279.62
1210000 1721.39 1749.89 1809.42 5280.7
1212000 1723.1 1752.18 1816.88 5292.16
1214000 1728.43 1751.35 1814.94 5294.72
1216000 1730.06 1753.39 1809 5292.45
1218000 1741.34 1759.61 1812.57 5313.51
1220000 1745.09 1759.34 1822.1 5326.54
1222000 1751.01 1760.9 1832.95 5344.86
1224000 1748.12 1761.93 1837.63 5347.68
1226000 1747.05 1767.05 1840.8 5354.9
1228000 1757.88 1772.09 1846.98 5376.96
1230000 1758.76 1783.1 1844.02 5385.89
1232000 1759.94 1780.86 1839.73 5380.52
1234000 1761.1 1783.04 1841.9 5386.03
1236000 1764.26 1790.4 1849.25 5403.91
1238000 1771.22 1790.38 1850.39 5412
1240000 1775.78 1789.14 1852.28 5417.2
1242000 1778.53 1789.69 1852.42 5420.64
1244000 1780.4 1795.48 1857.79 5433.66
1246000 1781.14 1804.53 1863.44 5449.11
1248000 1779.73 1806.56 1865.06 5451.35
1250000 1781.48 1811.72 1862.75 5455.95
1252000 1778.08 1812.69 1866.67 5457.44
1254000 1783.77 1810.72 1866.17 5460.65
1256000 1788.87 1812.45 1871.27 5472.59
1258000 1798.04 1808.63 1871.43 5478.1
1260000 1795.02 1814.32 1873.88 5483.22
1262000 1794.21 1819 1870.88 5484.09
1264000 1798.59 1827.44 1875.36 5501.38
1266000 1805.24 1829.67 1881.24 5516.16
1268000 1808.7 1831.14 1885.05 5524.89
1270000 1816.17 1837.37 1887.62 5541.16
1272000 1825.66 1846.16 1891.88 5563.7
1274000 1828.51 1854.06 1887.02 5569.59
1276000 1830.58 1851.73 1886.26 5568.57
1278000 1834.15 1853.65 1886.48 5574.28
1280000 1836.34 1846.08 1888.97 5571.39
1282000 1838.92 1855.39 1886.76 5581.07
1284000 1839.15 1851.15 1888.32 5578.62
1286000 1842.47 1854.93 1896.59 5593.99
1288000 1846.29 1859.42 1898.33 5604.04
1290000 1845.7 1860.38 1890.93 5597.02
1292000 1842.51 1862.53 1895.13 5600.17
1294000 1844.87 1863.42 1889.82 5598.11
1296000 1844.79 1857.17 1885.82 5587.78
1298000 1838.97 1855.01 1888.15 5582.13
1300000 1843.28 1858.81 1890.2 5592.29
1302000 1843.23 1866.2 1895.11 5604.54
1304000 1848.44 1872.29 1891.51 5612.24
1306000 1851.31 1885.97 1891.95 5629.23
1308000 1856.85 1888.55 1896.31 5641.71
1310000 1858.12 1895.64 1905.55 5659.31
1312000 1860.99 1895.69 1905.51 5662.2
1314000 1863.08 1897.55 1907.73 5668.36
1316000 1868.84 1903.69 1910.37 5682.89
1318000 1865.68 1910.29 1918.31 5694.29
1320000 1875.2 1911.95 1921.77 5708.92
1322000 1875.7 1905.6 1925.97 5707.26
1324000 1881.68 1909.99 1928.81 5720.48
1326000 1881.02 1915.8 1931.56 5728.38
1328000 1877.78 1921.1 1935.58 5734.46
1330000 1881.64 1923.43 1938.7 5743.77
1332000 1885.13 1931.04 1940.15 5756.32
1334000 1883.57 1934.25 1951.51 5769.33
1336000 1891.23 1937.34 1953.43 5781.99
1338000 1898.15 1937.78 1960.72 5796.65
1340000 1897.84 1944.6 1960.97 5803.41
1342000 1894.51 1948.97 1965.35 5808.84
1344000 1899.28 1955.75 1967.67 5822.7
1346000 1900.91 1959.05 1971.45 5831.41
1348000 1903.06 1958.43 1971.9 5833.4
1350000 1903.75 1963.99 1974.12 5841.86
1352000 1910.33 1965.43 1974.39 5850.14
1354000 1912.04 1966.76 1979.21 5858.02
1356000 1912.3 1963.38 1975.14 5850.82
1358000 1916.42 1965.46 1980.32 5862.2
1360000 1926.97 1972 1982.9 5881.87
1362000 1925.77 1976.81 1987.48 5890.06
1364000 1923.1 1978.83 1986.65 5888.59
1366000 1923.2 1982.37 1984.92 5890.49
1368000 1926.17 1983.88 1982.37 5892.42
1370000 1937.28 1989.26 1988.88 5915.42
1372000 1937.47 1991.98 1994.96 5924.41
1374000 1944.96 1997.96 1995.75 5938.67
1376000 1955.36 2003.98 2004.72 5964.06
1378000 1956.65 2001.33 2012.83 5970.8
1380000 1956.05 2001.95 2015.3 5973.3
1382000 1956.48 2003.31 2021.94 5981.73
1384000 1957.88 2010.56 2028.65 5997.09
1386000 1966.07 2017.73 2033.87 6017.67
1388000 1974.32 2022.3 2038.71 6035.33
1390000 1975.89 2018.22 2039.35 6033.45
1392000 1980.97 2020.28 2041.07 6042.31
1394000 1984.25 2026.44 2047.27 6057.96
1396000 1984.27 2030.87 2050.64 6065.77
1398000 1981.91 2035.45 2049.56 6066.92
1400000 1992.19 2036.64 2051.94 6080.78
1402000 1995.81 2036.45 2054.9 6087.15
1404000 1999.31 2037.42 2056.01 6092.74
1406000 2002.08 2035.14 2062.67 6099.89
1408000 2004.72 2037.19 2060.44 6102.35
1410000 2006.19 2035.86 2061.16 6103.21
1412000 2005.58 2037.88 2066.99 6110.46
1414000 2009.45 2036.38 2072.95 6118.78
1416000 2010.59 2044.63 2075.88 6131.1
1418000 2010.75 2050.19 2080.98 6141.92
1420000 2011.93 2061.65 2084.98 6158.56
1422000 2022.93 2066.75 2084.65 6174.33
1424000 2016.69 2066.97 2088.11 6171.77
1426000 2023.85 2070.3 2098.9 6193.06
1428000 2028.01 2070.22 2099.72 6197.95
1430000 2033.12 2071.64 2099.82 6204.58
1432000 2033.74 2073.58 2103.3 6210.63
1434000 2037.62 2076.8 2111.27 6225.69
1436000 2036.67 2076.65 2114.44 6227.76
1438000 2035.58 2078.9 2115.93 6230.41
1440000 2039.44 2078.51 2119.85 6237.8
1442000 2040.17 2080.48 2122.84 6243.49
1444000 2035.89 2080.79 2124.56 6241.24
1446000 2038.96 2085.14 2125.84 6249.94
1448000 2043.46 2091.47 2127.69 6262.62
1450000 2043.13 2087.2 2134.48 6264.8
1452000 2049.93 2087.44 2141.8 6279.17
1454000 2059.43 2085.9 2148.54 6293.86
1456000 2067.46 2087.93 2151.71 6307.1
1458000 2068.11 2090.62 2157.2 6315.93
1460000 2070.88 2097.82 2157.42 6326.12
1462000 2072.75 2103.37 2159.68 6335.8
1464000 2076.27 2102.57 2162.14 6340.97
1466000 2069.57 2113.86 2163.97 6347.4
1468000 2069.22 2120.12 2166.83 6356.17
1470000 2069.23 2121.59 2173.03 6363.85
1472000 2068.71 2125.11 2176.25 6370.07
1474000 2078.71 2128.41 2178.07 6385.18
1476000 2076.78 2124.11 2182.38 6383.27
1478000 2081.61 2125.11 2190.8 6397.53
1480000 2088.94 2130.04 2190.99 6409.97
1482000 2089.14 2133.8 2196.71 6419.65
1484000 2098.95 2135.03 2195.41 6429.39
1486000 2100.46 2135.46 2201.45 6437.37
1488000 2102.1 2133.13 2200.34 6435.57
1490000 2109.78 2135.64 2208.01 6453.43
1492000 2113.72 2148.84 2218.71 6481.27
1494000 2111.34 2148.75 2219.7 6479.78
1496000 2113.69 2152.01 2230.65 6496.35
1498000 2115.56 2151.39 2232.62 6499.57
1500000 2123.47 2151.22 2241.02 6515.7
1502000 2121.27 2155.1 2239.88 6516.25
1504000 2122.1 2166.49 2243.87 6532.46
1506000 2125.57 2170.05 2243.5 6539.12
1508000 2135.85 2169.31 2246.92 6552.08
1510000 2137.4 2169.58 2250.9 6557.88
1512000 2143.42 2169.72 2256.61 6569.75
1514000 2143.19 2171.65 2261.48 6576.33
1516000 2151.48 2180.81 2268.5 6600.79
1518000 2151.04 2180.89 2266.8 6598.73
1520000 2156.35 2188.91 2269.28 6614.54
1522000 2167.34 2189.71 2278.21 6635.26
1524000 2172.12 2192.63 2284.6 6649.35
1526000 2176.24 2190.56 2287.35 6654.15
1528000 2176.31 2190.77 2295.43 6662.5
1530000 2176.41 2193.43 2299.43 6669.26
1532000 2177.6 2196.19 2302.62 6676.4
1534000 2182.82 2201.91 2307.65 6692.38
1536000 2181.03 2207 2314.79 6702.81
1538000 2181.49 2203.2 2315.4 6700.09
1540000 2182.16 2207.51 2313.13 6702.81
1542000 2186.7 2209.13 2313.62 6709.45
1544000 2187.29 2207.14 2314.66 6709.1
1546000 2192.19 2212.31 2309.82 6714.32
1548000 2192.82 2217.43 2312.96 6723.22
1550000 2191.36 2216.2 2312.08 6719.64
1552000 2193.34 2215.93 2314.95 6724.21
1554000 2198.74 2220.45 2321.85 6741.04
1556000 2201.93 2229.34 2317.63 6748.9
1558000 2205.2 2232.33 2330.42 6767.95
1560000 2203.55 2231.41 2340.2 6775.15
1562000 2200.46 2239.19 2345.23 6784.88
1564000 2202.72 2250.88 2355.85 6809.45
1566000 2207.01 2249.88 2358.73 6815.63
1568000 2211.8 2250.44 2364.42 6826.65
1570000 2209.45 2255.35 2366.84 6831.64
1572000 2213.96 2254.44 2370.86 6839.27
1574000 2211.31 2257.74 2375.03 6844.08
1576000 2222.32 2256.97 2375.02 6854.31
1578000 2224.95 2263.96 2384.2 6873.11
1580000 2230.39 2263.58 2393.38 6887.36
1582000 2232.02 2271.68 2396.06 6899.77
1584000 2234.46 2269.53 2399.21 6903.2
1586000 2243.23 2268.89 2399.88 6912
1588000 2248.94 2275.42 2405.4 6929.76
1590000 2251.18 2277.78 2407.65 6936.61
1592000 2262.02 2278.73 2415.86 6956.62
1594000 2270.61 2274.84 2418.88 6964.34
1596000 2273.47 2276.69 2425.68 6975.84
1598000 2279.1 2282.16 2430.18 6991.45
1600000 2285.75 2288.01 2439.33 7013.09
1602000 2292.65 2284.92 2442.97 7020.54
1604000 2297.75 2284.73 2443.18 7025.65
1606000 2304.23 2294.15 2450.93 7049.31
1608000 2304.77 2293.48 2452.27 7050.52
1610000 2304.66 2298.96 2452.9 7056.51
1612000 2302.95 2313.61 2462.62 7079.18
1614000 2311.38 2322.57 2466.33 7100.27
1616000 2321.15 2322.43 2473.85 7117.43
1618000 2323.82 2328.61 2480.78 7133.2
1620000 2323.92 2336.19 2484.7 7144.81
1622000 2323.12 2332.29 2480.66 7136.08
1624000 2329.07 2333.54 2480.74 7143.35
1626000 2331.54 2330.6 2483.47 7145.61
1628000 2341.97 2331.88 2479.22 7153.06
1630000 2345.87 2340 2486.05 7171.92
1632000 2352.49 2344.97 2487.17 7184.63
1634000 2352.82 2350.63 2488.14 7191.59
1636000 2347.39 2345.1 2491.68 7184.17
1638000 2348.68 2345.58 2495.36 7189.61
1640000 2352.74 2340.64 2494.05 7187.44
1642000 2349.85 2343.26 2508.59 7201.7
1644000 2351.73 2351.31 2504.34 7207.38
1646000 2353.54 2355.38 2509.35 7218.27
1648000 2362.95 2359.26 2518.11 7240.32
1650000 2364.03 2361.87 2516.15 7242.04
1652000 2368.52 2362.06 2516.22 7246.81
1654000 2366.87 2362.34 2521.23 7250.43
1656000 2366.83 2363.75 2531.95 7262.53
1658000 2366.49 2369.53 2535.26 7271.29
1660000 2369.17 2379.13 2533.22 7281.52
1662000 2369.85 2382.23 2531.47 7283.56
1664000 2381.56 2380.47 2540.67 7302.7
1666000 2381.83 2390.43 2546.66 7318.91
1668000 2387.31 2391 2548.91 7327.22
1670000 2387.84 2392.44 2544.76 7325.03
1672000 2387.1 2400.23 2546.05 7333.38
1674000 2385.73 2399.78 2545.01 7330.52
1676000 2388.84 2401.35 2544.36 7334.55
1678000 2387.14 2404.48 2548.04 7339.67
1680000 2388.08 2413.72 2550.69 7352.49
1682000 2386.38 2414.91 2551.35 7352.65
1684000 2390.29 2417.05 2556.37 7363.71
1686000 2385.45 2411.5 2562.2 7359.15
1688000 2385.02 2411.26 2557.34 7353.62
1690000 2385.65 2407.29 2559.57 7352.52
1692000 2391.66 2408.74 2566.54 7366.94
1694000 2394.58 2412.83 2563.17 7370.58
1696000 2396.64 2413.4 2571.53 7381.57
1698000 2394.63 2404.81 2573.65 7373.09
1700000 2399.28 2404.42 2578.6 7382.3
1702000 2396.69 2417.33 2587.78 7401.8
1704000 2397.25 2423.21 2588.33 7408.79
1706000 2396.52 2434.53 2589.15 7420.2
1708000 2400.81 2438.02 2591.91 7430.75
1710000 2406.77 2441.4 2596.11 7444.27
1712000 2410.15 2448.66 2604.17 7462.98
1714000 2411.57 2446.09 2610.85 7468.51
1716000 2413.58 2450.19 2616.27 7480.04
1718000 2412.29 2453.89 2626.43 7492.61
1720000 2414.88 2459.12 2637.04 7511.04
1722000 2412.75 2464.15 2639.29 7516.19
1724000 2419.88 2460.74 2638.56 7519.19
1726000 2419.64 2468.19 2641.35 7529.18
1728000 2425.32 2468.91 2644 7538.23
1730000 2424.62 2472.02 2653.05 7549.69
1732000 2422.77 2471.99 2649.59 7544.36
1734000 2424.67 2478.34 2660.41 7563.41
1736000 2429.19 2483.04 2668.22 7580.45
1738000 2425.18 2475.98 2666.5 7567.66
1740000 2429.04 2478.07 2674.79 7581.9
1742000 2429.98 2479.82 2681.6 7591.39
1744000 2434.49 2486.91 2685.26 7606.66
1746000 2433.8 2489.33 2689.31 7612.44
1748000 2443.9 2486.05 2702.82 7632.76
1750000 2453.92 2489.43 2705.63 7648.98
1752000 2455 2497.58 2704.38 7656.96
1754000 2458.71 2500.72 2701.08 7660.5
1756000 2464.35 2496.02 2707.19 7667.56
1758000 2466.83 2498.99 2706.31 7672.14
1760000 2469.99 2503.94 2709.98 7683.91
1762000 2476.7 2509.53 2709.9 7696.12
1764000 2478.16 2518.25 2706.03 7702.44
1766000 2474.11 2520.31 2706.07 7700.48
1768000 2482.7 2522.03 2705.79 7710.52
1770000 2486.75 2525.71 2699.55 7712
1772000 2497.57 2539.16 2710.94 7747.67
1774000 2502.02 2545.54 2721.09 7768.66
1776000 2501.59 2545.58 2718.28 7765.45
1778000 2505.81 2550.47 2718.17 7774.44
1780000 2515.42 2551.35 2718.59 7785.36
1782000 2525.37 2551.58 2724.48 7801.43
1784000 2531.65 2547.52 2729.13 7808.3
1786000 2537.58 2546.64 2731.17 7815.38
1788000 2546.39 2549.16 2731.73 7827.28
1790000 2542.7 2555.79 2734.65 7833.13
1792000 2545.66 2555.6 2739.38 7840.63
1794000 2550.16 2559.95 2732.02 7842.14
1796000 2545.83 2558.12 2741.15 7845.1
1798000 2550.31 2552.55 2743.19 7846.04
1800000 2548.54 2556.75 2743.93 7849.22
1802000 2549.49 2558.62 2737.96 7846.08
1804000 2552.41 2558.36 2746.15 7856.92
1806000 2554.17 2562.14 2747.13 7863.44
1808000 2547.67 2562.59 2743.22 7853.48
1810000 2545.22 2566.51 2749.09 7860.81
1812000 2545.31 2566.99 2762.85 7875.16
1814000 2549.57 2572.1 2773.96 7895.62
1816000 2554.49 2571.95 2780.42 7906.85
1818000 2567.82 2570.5 2777.73 7916.04
1820000 2575.11 2569.59 2775.05 7919.75
1822000 2582.05 2574.58 2780.38 7937.01
1824000 2596.22 2582.83 2786.38 7965.42
1826000 2602.64 2585.89 2792.51 7981.04
1828000 2604.6 2593.05 2805.76 8003.41
1830000 2606.39 2600.62 2818.32 8025.34
1832000 2608.2 2598.42 2824.75 8031.36
1834000 2611.25 2590.1 2828.72 8030.07
1836000 2619.41 2598.55 2830.28 8048.24
1838000 2626.59 2603.6 2832.08 8062.27
1840000 2630.81 2606.36 2835.11 8072.28
1842000 2639.01 2608.49 2835.12 8082.62
1844000 2637.43 2608.1 2838.29 8083.82
1846000 2640.48 2606.46 2841.08 8088.02
1848000 2634.52 2614.11 2839.34 8087.97
1850000 2637.39 2615.32 2842.99 8095.7
1852000 2638.22 2620.32 2851.47 8110.01
1854000 2640.17 2622.21 2856.91 8119.28
1856000 2642.68 2620.21 2856.7 8119.6
1858000 2644.23 2625.9 2864.67 8134.8
1860000 2650.02 2625.91 2874.52 8150.45
1862000 2647.26 2623.33 2882.19 8152.78
1864000 2649.64 2628.33 2881.47 8159.45
1866000 2654.16 2636.59 2883.91 8174.67
1868000 2662.63 2627.38 2881.41 8171.42
1870000 2675.15 2636.28 2890.9 8202.33
1872000 2680.27 2642.86 2894.11 8217.24
1874000 2683.4 2649.12 2897.11 8229.62
1876000 2689.53 2658.44 2894.67 8242.64
1878000 2697.81 2670.74 2895.66 8264.21
1880000 2702.89 2671.88 2888.94 8263.71
1882000 2705.04 2674.05 2891.25 8270.34
1884000 2713.04 2680.57 2902.82 8296.44
1886000 2714.99 2688.46 2911.07 8314.51
1888000 2714.66 2695.83 2911.62 8322.11
1890000 2715.31 2697.2 2921.01 8333.52
1892000 2720.58 2694.91 2925.33 8340.82
1894000 2720.6 2698.6 2935.78 8354.99
1896000 2718.55 2695.77 2936.04 8350.35
1898000 2721.83 2703.76 2944.04 8369.63
1900000 2724.27 2700.38 2940.56 8365.21
1902000 2723.8 2713.07 2950.73 8387.61
1904000 2723.37 2709.63 2954.26 8387.26
1906000 2725.08 2707.02 2947.86 8379.96
1908000 2721.72 2715.1 2955.13 8391.95
1910000 2732.37 2719.75 2961.5 8413.63
1912000 2734.61 2720.34 2962.51 8417.46
1914000 2736.8 2726.68 2965.73 8429.22
1916000 2730.03 2721.26 2974.36 8425.65
1918000 2738.37 2721.72 2979.32 8439.42
1920000 2743.7 2721.49 2993.26 8458.45
1922000 2740.18 2722.65 3007.6 8470.44
1924000 2743.09 2720.33 3020.44 8483.86
1926000 2744.72 2727.83 3023.73 8496.28
1928000 2749.78 2723.59 3018.08 8491.45
1930000 2752.11 2731.28 3017.79 8501.18
1932000 2755.33 2738.41 3017.75 8511.49
1934000 2753.02 2739.87 3022.93 8515.83
1936000 2759.12 2743.93 3025.51 8528.57
1938000 2764.21 2750.72 3020.45 8535.38
1940000 2770.27 2755.87 3023.55 8549.69
1942000 2772.98 2757.64 3018.45 8549.06
1944000 2779.88 2767.4 3015.5 8562.78
1946000 2784.5 2767.31 3021.02 8572.83
1948000 2783.69 2775.23 3027.94 8586.86
1950000 2796.75 2775.46 3024.16 8596.37
1952000 2797.39 2772.19 3032.49 8602.07
1954000 2790.25 2772.57 3044.5 8607.33
1956000 2785.05 2773.31 3040.04 8598.4
1958000 2789.43 2773.2 3046.44 8609.08
1960000 2790.69 2777.47 3052.87 8621.03
1962000 2796.97 2783.87 3056.22 8637.06
1964000 2802.89 2779.21 3064.85 8646.95
1966000 2808.31 2781.3 3060.67 8650.27
1968000 2814.7 2781.04 3064.53 8660.28
1970000 2814.32 2779.16 3070.09 8663.57
1972000 2820 2775.93 3077.22 8673.15
1974000 2823.67 2775.05 3077.53 8676.24
1976000 2826.35 2780.36 3097.72 8704.43
1978000 2834.08 2791.68 3094.57 8720.33
1980000 2831.4 2796.57 3091.28 8719.24
1982000 2832.18 2798.7 3087.31 8718.19
1984000 2839.04 2799.97 3095.82 8734.83
1986000 2845.53 2804.24 3104.41 8754.19
1988000 2846.45 2808.5 3107.09 8762.04
1990000 2849.75 2819.58 3113.94 8783.28
1992000 2861.05 2825.14 3126.7 8812.88
1994000 2857.03 2838.19 3133.03 8828.26
1996000 2864.86 2834.8 3132.26 8831.92
1998000 2873.45 2825.39 3137.96 8836.8
2000000 2874.32 2834.02 3147.92 8856.26
