# Time-averaged data for fix savemsd
# TimeStep c_msd[1] c_msd[2] c_msd[3] c_msd[4]
0 1.82607e-33 5.4782e-33 1.09564e-32 1.82607e-32
2000 0.0547664 0.0684585 0.0587039 0.181929
4000 0.0710897 0.0689069 0.068829 0.208826
6000 0.0552612 0.0550294 0.0604511 0.170742
8000 0.0563137 0.0570459 0.0602116 0.173571
10000 0.0654611 0.0552284 0.0748078 0.195497
12000 0.0597279 0.0570006 0.0618368 0.178565
14000 0.0722962 0.0581976 0.0682188 0.198713
16000 0.0740608 0.0609259 0.0700709 0.205058
18000 0.0634813 0.0509278 0.0593327 0.173742
20000 0.059246 0.0618281 0.0623764 0.18345
22000 0.0607221 0.0557183 0.061763 0.178203
24000 0.0543528 0.0587182 0.062284 0.175355
26000 0.07024 0.065397 0.068342 0.203979
28000 0.0623904 0.0711232 0.0744215 0.207935
30000 0.0641643 0.0660684 0.0727566 0.202989
32000 0.0636579 0.0701026 0.0736833 0.207444
34000 0.0590111 0.0602006 0.0629598 0.182172
36000 0.0605338 0.0619509 0.063132 0.185617
38000 0.0802056 0.0576703 0.0763208 0.214197
40000 0.0576239 0.0589517 0.0639898 0.180565
42000 0.0625942 0.0575767 0.0654021 0.185573
44000 0.0585888 0.0685545 0.0689724 0.196116
46000 0.110425 0.0834053 0.0964606 0.290291
48000 0.116861 0.0769734 0.102025 0.295859
50000 0.0942932 0.073294 0.086943 0.25453
52000 0.0828705 0.0738794 0.0776353 0.234385
54000 0.11014 0.0728802 0.0966106 0.279631
56000 0.0905411 0.0719822 0.0803232 0.242847
58000 0.0541178 0.0614233 0.061134 0.176675
60000 0.0561135 0.0620104 0.0666437 0.184768
62000 0.0606979 0.0600878 0.0628224 0.183608
64000 0.0586753 0.0603436 0.0663924 0.185411
66000 0.064512 0.0601375 0.060631 0.18528
68000 0.0793809 0.0700429 0.0796832 0.229107
70000 0.0938655 0.0866573 0.0997192 0.280242
72000 0.0875257 0.0811295 0.0908727 0.259528
74000 0.094509 0.0886263 0.0979156 0.281051
76000 0.0940403 0.0747393 0.0843285 0.253108
78000 0.0912177 0.0703108 0.0892759 0.250804
80000 0.109346 0.0890615 0.114156 0.312564
82000 0.0872364 0.0599215 0.0837204 0.230878
84000 0.0937282 0.0699038 0.0964191 0.260051
86000 0.0927594 0.0874578 0.101319 0.281536
88000 0.113843 0.0844744 0.117911 0.316228
90000 0.113389 0.0931704 0.110241 0.3168
92000 0.0971882 0.0829764 0.103304 0.283469
94000 0.122113 0.0938239 0.126193 0.342131
96000 0.106055 0.0791938 0.0909999 0.276249
98000 0.152413 0.0795748 0.117956 0.349944
100000 0.157026 0.105785 0.13752 0.40033
102000 0.17945 0.106991 0.149443 0.435884
104000 0.133962 0.0806796 0.111774 0.326415
106000 0.115765 0.0836546 0.106054 0.305473
108000 0.127428 0.0866538 0.128006 0.342088
110000 0.0963393 0.0817457 0.10646 0.284545
112000 0.149286 0.0990293 0.143195 0.39151
114000 0.114729 0.0906523 0.111587 0.316969
116000 0.0936585 0.0816472 0.0966277 0.271933
118000 0.0714218 0.0593917 0.0760906 0.206904
120000 0.0737074 0.0638737 0.0729992 0.21058
122000 0.0667472 0.0653489 0.0730684 0.205165
124000 0.0682423 0.0613987 0.0711705 0.200811
126000 0.106731 0.0707497 0.0991453 0.276626
128000 0.104167 0.0629684 0.0805867 0.247722
130000 0.0628026 0.060906 0.0724316 0.19614
132000 0.078636 0.0668663 0.0803045 0.225807
134000 0.10042 0.0770011 0.0904816 0.267903
136000 0.118268 0.092192 0.11245 0.32291
138000 0.128244 0.0850703 0.105475 0.318789
140000 0.127574 0.0912379 0.116228 0.33504
142000 0.122034 0.0947565 0.107208 0.323998
144000 0.122935 0.0866851 0.115397 0.325018
146000 0.123372 0.0857771 0.113255 0.322404
148000 0.111245 0.0941538 0.111472 0.316871
150000 0.119867 0.0860172 0.10565 0.311534
152000 0.142441 0.0947956 0.121728 0.358965
154000 0.145976 0.0906798 0.124581 0.361238
156000 0.105974 0.0931078 0.10386 0.302942
158000 0.113882 0.0878714 0.109353 0.311106
160000 0.122114 0.0887264 0.113838 0.324679
162000 0.115376 0.0796391 0.107702 0.302717
164000 0.123336 0.0867782 0.123448 0.333563
166000 0.14716 0.0954075 0.129356 0.371924
168000 0.110139 0.0821042 0.113278 0.305522
170000 0.114246 0.0896302 0.12236 0.326236
172000 0.133411 0.0938725 0.110912 0.338196
174000 0.0985461 0.0750225 0.0975365 0.271105
176000 0.131652 0.0874935 0.118501 0.337647
178000 0.149506 0.0917751 0.131958 0.373239
180000 0.190498 0.0915522 0.163056 0.445107
182000 0.141016 0.0944449 0.130721 0.366182
184000 0.148728 0.0929892 0.137676 0.379393
186000 0.14096 0.0861606 0.133903 0.361024
188000 0.143024 0.0918495 0.119617 0.354491
190000 0.138013 0.0955234 0.12743 0.360967
192000 0.123736 0.0810537 0.117032 0.321821
194000 0.159843 0.0822213 0.147027 0.389091
196000 0.162087 0.0923314 0.146409 0.400827
198000 0.111377 0.0910649 0.107958 0.3104
200000 0.116212 0.0948775 0.104503 0.315593
202000 0.106504 0.0831125 0.104317 0.293933
204000 0.113431 0.0946607 0.101748 0.30984
206000 0.136413 0.0921078 0.110648 0.33917
208000 0.122323 0.0837119 0.104331 0.310366
210000 0.128417 0.0891789 0.107689 0.325285
212000 0.149015 0.0914113 0.123404 0.363831
214000 0.124474 0.0863973 0.11562 0.326491
216000 0.114657 0.0866689 0.12006 0.321386
218000 0.155014 0.0966902 0.136719 0.388423
220000 0.141299 0.09254 0.132781 0.366621
222000 0.119113 0.0963536 0.121348 0.336814
224000 0.13081 0.089936 0.120957 0.341703
226000 0.120982 0.0949692 0.112604 0.328555
228000 0.124108 0.0951122 0.107839 0.32706
230000 0.123454 0.0908546 0.117775 0.332084
232000 0.108777 0.0869772 0.105175 0.300929
234000 0.115774 0.0820749 0.108253 0.306101
236000 0.122045 0.0882994 0.113921 0.324266
238000 0.1208 0.0932631 0.117995 0.332058
240000 0.163006 0.0954336 0.144691 0.403131
242000 0.128308 0.0932261 0.131182 0.352716
244000 0.130569 0.0939959 0.12258 0.347144
246000 0.116755 0.0933904 0.113407 0.323552
248000 0.135595 0.102953 0.11952 0.358068
250000 0.119973 0.0849953 0.116685 0.321653
252000 0.146429 0.0900455 0.133682 0.370157
254000 0.185748 0.0919 0.154205 0.431852
256000 0.154522 0.0899959 0.140572 0.385089
258000 0.180851 0.113531 0.158131 0.452514
260000 0.136621 0.0924429 0.123931 0.352995
262000 0.174746 0.0895417 0.152999 0.417286
264000 0.140597 0.0972875 0.134601 0.372485
266000 0.188334 0.0994012 0.174623 0.462358
268000 0.220667 0.122459 0.196457 0.539584
270000 0.222343 0.123466 0.203596 0.549405
272000 0.263962 0.134914 0.250609 0.649485
274000 0.299566 0.126248 0.26341 0.689224
276000 0.337635 0.140011 0.292676 0.770322
278000 0.33549 0.153947 0.281016 0.770453
280000 0.386097 0.176317 0.326215 0.88863
282000 0.419039 0.170703 0.356583 0.946324
284000 0.434437 0.171976 0.367986 0.974398
286000 0.412499 0.163979 0.362294 0.938772
288000 0.444678 0.178312 0.388475 1.01146
290000 0.455559 0.183596 0.403266 1.04242
292000 0.557086 0.184498 0.495784 1.23737
294000 0.494892 0.200743 0.430305 1.12594
296000 0.527911 0.198158 0.472974 1.19904
298000 0.48118 0.192076 0.433562 1.10682
300000 0.478827 0.179767 0.416506 1.0751
302000 0.521162 0.186913 0.450222 1.1583
304000 0.48628 0.189804 0.421786 1.09787
306000 0.472797 0.1901 0.418648 1.08155
308000 0.431872 0.179691 0.380048 0.991612
310000 0.421246 0.167489 0.375195 0.963929
312000 0.469747 0.178002 0.406416 1.05416
314000 0.404162 0.175831 0.34723 0.927224
316000 0.426 0.162721 0.367436 0.956157
318000 0.43841 0.182137 0.385842 1.00639
320000 0.445673 0.17692 0.393387 1.01598
322000 0.44673 0.178883 0.380955 1.00657
324000 0.464204 0.190904 0.395268 1.05038
326000 0.391536 0.183022 0.343221 0.917779
328000 0.455561 0.169345 0.394393 1.0193
330000 0.467494 0.183291 0.388552 1.03934
332000 0.497626 0.172421 0.43363 1.10368
334000 0.434968 0.179788 0.373449 0.988205
336000 0.429512 0.173822 0.372325 0.975659
338000 0.330704 0.145022 0.299347 0.775072
340000 0.370795 0.159843 0.323435 0.854073
342000 0.394035 0.164324 0.333997 0.892356
344000 0.366557 0.174865 0.326013 0.867435
346000 0.357319 0.144429 0.306025 0.807773
348000 0.43488 0.187462 0.368963 0.991306
350000 0.36786 0.159911 0.30893 0.836702
352000 0.413292 0.171837 0.343638 0.928767
354000 0.370004 0.167199 0.324189 0.861393
356000 0.36018 0.160394 0.316857 0.83743
358000 0.386197 0.159057 0.329306 0.874559
360000 0.420808 0.166366 0.356378 0.943552
362000 0.437002 0.172694 0.378567 0.988263
364000 0.394218 0.183111 0.341562 0.918891
366000 0.440513 0.189209 0.388528 1.01825
368000 0.476927 0.188463 0.406493 1.07188
370000 0.429027 0.186071 0.376193 0.99129
372000 0.429146 0.170647 0.377188 0.976981
374000 0.441451 0.172004 0.387455 1.00091
376000 0.497889 0.171974 0.437975 1.10784
378000 0.508334 0.180154 0.442626 1.13111
380000 0.515981 0.19124 0.4403 1.14752
382000 0.541644 0.210648 0.469401 1.22169
384000 0.506462 0.197866 0.453673 1.158
386000 0.529399 0.206447 0.466646 1.20249
388000 0.530328 0.201111 0.483386 1.21483
390000 0.515642 0.189968 0.472482 1.17809
392000 0.554809 0.222398 0.495574 1.27278
394000 0.571995 0.209181 0.518436 1.29961
396000 0.632206 0.250269 0.583232 1.46571
398000 0.585482 0.216145 0.527176 1.3288
400000 0.569724 0.217226 0.508076 1.29503
402000 0.558312 0.202226 0.50791 1.26845
404000 0.513822 0.193917 0.450567 1.15831
406000 0.491214 0.19298 0.437599 1.12179
408000 0.506748 0.194857 0.44314 1.14474
410000 0.500657 0.194469 0.424911 1.12004
412000 0.518884 0.200687 0.441127 1.1607
414000 0.506405 0.192096 0.423175 1.12168
416000 0.488414 0.201718 0.434523 1.12465
418000 0.516855 0.200735 0.44961 1.1672
420000 0.471606 0.185067 0.39956 1.05623
422000 0.478775 0.176897 0.409694 1.06537
424000 0.468989 0.181175 0.418739 1.0689
426000 0.549405 0.203144 0.496853 1.2494
428000 0.573524 0.198965 0.511198 1.28369
430000 0.551936 0.21938 0.50242 1.27374
432000 0.569528 0.207032 0.505055 1.28162
434000 0.594008 0.228834 0.535692 1.35853
436000 0.553917 0.195861 0.468934 1.21871
438000 0.533151 0.204115 0.470157 1.20742
440000 0.545176 0.193858 0.475018 1.21405
442000 0.50376 0.191717 0.438757 1.13423
444000 0.48358 0.183521 0.417652 1.08475
446000 0.463177 0.175452 0.387817 1.02645
448000 0.482191 0.169397 0.412436 1.06402
450000 0.398786 0.162766 0.337007 0.898559
452000 0.474019 0.175534 0.412129 1.06168
454000 0.469115 0.178981 0.397516 1.04561
456000 0.42376 0.172049 0.359323 0.955132
458000 0.389679 0.173258 0.338383 0.901319
460000 0.365629 0.166221 0.315626 0.847476
462000 0.357441 0.165312 0.3045 0.827253
464000 0.317704 0.152633 0.279516 0.749853
466000 0.257045 0.137825 0.232187 0.627057
468000 0.268984 0.127797 0.246931 0.643712
470000 0.284436 0.141571 0.262602 0.688609
472000 0.325642 0.123548 0.291081 0.740271
474000 0.269757 0.115788 0.228927 0.614471
476000 0.319289 0.140029 0.277184 0.736502
478000 0.316978 0.156944 0.277948 0.75187
480000 0.307539 0.152391 0.272114 0.732045
482000 0.305006 0.163259 0.277929 0.746194
484000 0.294415 0.133981 0.262438 0.690834
486000 0.343303 0.164241 0.308041 0.815585
488000 0.428095 0.188724 0.356229 0.973049
490000 0.474543 0.193746 0.403896 1.07219
492000 0.501821 0.180832 0.441725 1.12438
494000 0.485989 0.192151 0.416854 1.09499
496000 0.474525 0.194496 0.416778 1.0858
498000 0.458077 0.199581 0.419568 1.07723
500000 0.51909 0.17985 0.454614 1.15355
502000 0.515847 0.197059 0.456649 1.16955
504000 0.462569 0.173046 0.390373 1.02599
506000 0.471102 0.189581 0.414931 1.07561
508000 0.512954 0.194521 0.466255 1.17373
510000 0.514609 0.194586 0.452008 1.1612
512000 0.478751 0.191115 0.425941 1.09581
514000 0.46368 0.17463 0.401812 1.04012
516000 0.47338 0.179834 0.40899 1.0622
518000 0.489794 0.182252 0.420293 1.09234
520000 0.49261 0.181221 0.43126 1.10509
522000 0.424573 0.18207 0.383869 0.990511
524000 0.492218 0.185354 0.426159 1.10373
526000 0.476227 0.200579 0.447277 1.12408
528000 0.5098 0.20206 0.452213 1.16407
530000 0.510853 0.208505 0.464656 1.18401
532000 0.513182 0.198091 0.459587 1.17086
534000 0.444212 0.166813 0.391907 1.00293
536000 0.467822 0.187085 0.414385 1.06929
538000 0.51714 0.202436 0.45034 1.16992
540000 0.491141 0.202022 0.452866 1.14603
542000 0.585659 0.191989 0.512409 1.29006
544000 0.613969 0.203666 0.546272 1.36391
546000 0.620102 0.224958 0.553964 1.39902
548000 0.685422 0.213157 0.608286 1.50687
550000 0.67547 0.247702 0.619771 1.54294
552000 0.670099 0.22915 0.605092 1.50434
554000 0.688653 0.230977 0.622874 1.5425
556000 0.711254 0.222748 0.633904 1.56791
558000 0.675864 0.218315 0.582167 1.47635
560000 0.632173 0.213215 0.561168 1.40656
562000 0.628235 0.195557 0.540328 1.36412
564000 0.645427 0.2231 0.572751 1.44128
566000 0.681861 0.232687 0.594894 1.50944
568000 0.741028 0.228747 0.643886 1.61366
570000 0.649975 0.233178 0.573479 1.45663
572000 0.643529 0.221723 0.583479 1.44873
574000 0.651244 0.205647 0.571869 1.42876
576000 0.631749 0.219746 0.564303 1.4158
578000 0.664168 0.216015 0.586558 1.46674
580000 0.639563 0.207661 0.578812 1.42604
582000 0.629105 0.23529 0.582712 1.44711
584000 0.659941 0.233463 0.604418 1.49782
586000 0.666488 0.23953 0.598909 1.50493
588000 0.643055 0.21158 0.578979 1.43361
590000 0.621334 0.225467 0.591115 1.43792
592000 0.625874 0.216699 0.574693 1.41727
594000 0.670539 0.227699 0.605243 1.50348
596000 0.66751 0.210772 0.604122 1.4824
598000 0.670581 0.21911 0.600241 1.48993
600000 0.657382 0.20225 0.59587 1.4555
602000 0.661476 0.216243 0.590631 1.46835
604000 0.685861 0.230091 0.599133 1.51508
606000 0.65895 0.24928 0.58981 1.49804
608000 0.647415 0.20551 0.572583 1.42551
610000 0.645533 0.23193 0.571366 1.44883
612000 0.651042 0.230287 0.595555 1.47688
614000 0.686515 0.251462 0.601419 1.5394
616000 0.643955 0.222751 0.586582 1.45329
618000 0.675059 0.244339 0.625764 1.54516
620000 0.653056 0.220072 0.565318 1.43845
622000 0.630522 0.23111 0.566005 1.42764
624000 0.625236 0.21972 0.572702 1.41766
626000 0.664965 0.234904 0.619073 1.51894
628000 0.702393 0.238616 0.627781 1.56879
630000 0.656197 0.216064 0.598508 1.47077
632000 0.700609 0.22535 0.646612 1.57257
634000 0.644165 0.210545 0.574985 1.4297
636000 0.646607 0.211888 0.570096 1.42859
638000 0.682386 0.215667 0.596187 1.49424
640000 0.638635 0.208421 0.56177 1.40883
642000 0.655087 0.229971 0.58229 1.46735
644000 0.670866 0.218445 0.604482 1.49379
646000 0.660097 0.221296 0.589928 1.47132
648000 0.650814 0.242248 0.596466 1.48953
650000 0.650464 0.226751 0.608786 1.486
652000 0.641557 0.220749 0.594412 1.45672
654000 0.623302 0.2215 0.560263 1.40506
656000 0.607741 0.232006 0.526929 1.36668
658000 0.618225 0.239612 0.558251 1.41609
660000 0.60246 0.229161 0.543009 1.37463
662000 0.624518 0.235964 0.562086 1.42257
664000 0.652644 0.229135 0.5938 1.47558
666000 0.682036 0.229357 0.615781 1.52717
668000 0.666313 0.230598 0.61224 1.50915
670000 0.684235 0.251122 0.64986 1.58522
672000 0.744068 0.265419 0.691767 1.70125
674000 0.700715 0.240573 0.660329 1.60162
676000 0.734273 0.284212 0.70608 1.72457
678000 0.766062 0.289505 0.693913 1.74948
680000 0.717946 0.265986 0.668141 1.65207
682000 0.770357 0.288204 0.710145 1.76871
684000 0.701965 0.26429 0.64004 1.60629
686000 0.750178 0.273858 0.672615 1.69665
688000 0.717569 0.264753 0.668997 1.65132
690000 0.727197 0.26678 0.678591 1.67257
692000 0.705744 0.268247 0.623293 1.59728
694000 0.713622 0.270071 0.641106 1.6248
696000 0.719447 0.278377 0.636515 1.63434
698000 0.711259 0.259776 0.629319 1.60035
700000 0.693045 0.27435 0.63395 1.60135
702000 0.743631 0.293085 0.665598 1.70231
704000 0.690416 0.274441 0.631831 1.59669
706000 0.725004 0.260545 0.651191 1.63674
708000 0.734682 0.281208 0.678078 1.69397
710000 0.748714 0.272145 0.65893 1.67979
712000 0.701605 0.276337 0.641561 1.6195
714000 0.749136 0.27964 0.682727 1.7115
716000 0.736667 0.279109 0.658987 1.67476
718000 0.714734 0.255803 0.661273 1.63181
720000 0.734799 0.27055 0.657083 1.66243
722000 0.727937 0.263041 0.672369 1.66335
724000 0.728178 0.276591 0.665954 1.67072
726000 0.71204 0.254428 0.66177 1.62824
728000 0.708898 0.253637 0.657412 1.61995
730000 0.730281 0.265893 0.66972 1.66589
732000 0.672898 0.245423 0.621082 1.5394
734000 0.746622 0.266723 0.673244 1.68659
736000 0.696969 0.266719 0.628299 1.59199
738000 0.70757 0.224366 0.641755 1.57369
740000 0.712285 0.254444 0.663829 1.63056
742000 0.701092 0.243701 0.641566 1.58636
744000 0.754794 0.267667 0.688325 1.71079
746000 0.697089 0.249482 0.664563 1.61113
748000 0.712035 0.252076 0.67127 1.63538
750000 0.713989 0.261612 0.656781 1.63238
752000 0.711086 0.258806 0.667299 1.63719
754000 0.685716 0.234164 0.61348 1.53336
756000 0.729472 0.263224 0.652015 1.64471
758000 0.70453 0.276762 0.645257 1.62655
760000 0.691821 0.244149 0.625423 1.56139
762000 0.706888 0.250558 0.665365 1.62281
764000 0.676899 0.249727 0.640034 1.56666
766000 0.643564 0.242222 0.583665 1.46945
768000 0.692868 0.237777 0.627586 1.55823
770000 0.643124 0.204574 0.584181 1.43188
772000 0.646601 0.213062 0.589411 1.44907
774000 0.67383 0.236677 0.605527 1.51603
776000 0.649819 0.223336 0.590718 1.46387
778000 0.629233 0.223816 0.575615 1.42866
780000 0.684488 0.220687 0.609762 1.51494
782000 0.683108 0.237101 0.609843 1.53005
784000 0.635534 0.23188 0.566746 1.43416
786000 0.577619 0.209446 0.507203 1.29427
788000 0.681576 0.229538 0.601386 1.5125
790000 0.652224 0.225111 0.572947 1.45028
792000 0.686816 0.244676 0.622374 1.55387
794000 0.740965 0.243873 0.655952 1.64079
796000 0.617653 0.237406 0.541928 1.39699
798000 0.64823 0.234971 0.557399 1.4406
800000 0.629717 0.203788 0.559123 1.39263
802000 0.656123 0.230754 0.589923 1.4768
804000 0.648839 0.228999 0.591307 1.46915
806000 0.660745 0.235193 0.586911 1.48285
808000 0.635973 0.232367 0.555348 1.42369
810000 0.644175 0.237717 0.574374 1.45627
812000 0.587673 0.201888 0.505521 1.29508
814000 0.61791 0.196102 0.546563 1.36058
816000 0.647787 0.232579 0.56098 1.44135
818000 0.623643 0.219704 0.558742 1.40209
820000 0.586169 0.203959 0.508236 1.29836
822000 0.60187 0.194629 0.52828 1.32478
824000 0.649673 0.221028 0.584958 1.45566
826000 0.668444 0.23829 0.592496 1.49923
828000 0.634236 0.221939 0.559814 1.41599
830000 0.633133 0.213904 0.541011 1.38805
832000 0.601663 0.203532 0.526229 1.33142
834000 0.642142 0.239114 0.609948 1.4912
836000 0.688181 0.262649 0.634487 1.58532
838000 0.740021 0.292692 0.672856 1.70557
840000 0.714406 0.279677 0.659431 1.65351
842000 0.763955 0.290841 0.700162 1.75496
844000 0.669952 0.258669 0.616307 1.54493
846000 0.672631 0.254953 0.605978 1.53356
848000 0.654304 0.264643 0.602954 1.5219
850000 0.747109 0.280426 0.682865 1.7104
852000 0.617623 0.240495 0.575964 1.43408
854000 0.693773 0.260085 0.642897 1.59675
856000 0.724514 0.268317 0.668769 1.6616
858000 0.715198 0.258933 0.656763 1.63089
860000 0.65696 0.251469 0.616285 1.52471
862000 0.720858 0.271513 0.647744 1.64012
864000 0.709786 0.29294 0.655086 1.65781
866000 0.661185 0.25278 0.589137 1.5031
868000 0.680958 0.246227 0.610457 1.53764
870000 0.684351 0.241363 0.590944 1.51666
872000 0.731387 0.252616 0.655139 1.63914
874000 0.674815 0.246574 0.594337 1.51573
876000 0.623165 0.229246 0.582113 1.43452
878000 0.64142 0.240325 0.596746 1.47849
880000 0.657349 0.235803 0.592581 1.48573
882000 0.67379 0.241052 0.592885 1.50773
884000 0.658773 0.233133 0.577251 1.46916
886000 0.655928 0.246313 0.586625 1.48887
888000 0.687454 0.250865 0.614595 1.55291
890000 0.664785 0.238137 0.605004 1.50793
892000 0.67577 0.223573 0.608505 1.50785
894000 0.656423 0.22918 0.578333 1.46394
896000 0.635808 0.222382 0.586776 1.44497
898000 0.689413 0.220971 0.610529 1.52091
900000 0.671665 0.242416 0.620967 1.53505
902000 0.630459 0.244088 0.563885 1.43843
904000 0.657341 0.250284 0.611064 1.51869
906000 0.650623 0.259943 0.59548 1.50605
908000 0.673935 0.264464 0.617089 1.55549
910000 0.702524 0.254389 0.646282 1.6032
912000 0.700603 0.27997 0.657719 1.63829
914000 0.689688 0.274071 0.650824 1.61458
916000 0.717746 0.263694 0.650418 1.63186
918000 0.685077 0.272476 0.650692 1.60825
920000 0.65812 0.269908 0.616103 1.54413
922000 0.655916 0.272702 0.611235 1.53985
924000 0.658017 0.266739 0.633711 1.55847
926000 0.665285 0.253586 0.629691 1.54856
928000 0.624077 0.244282 0.586116 1.45448
930000 0.691282 0.270772 0.632928 1.59498
932000 0.700013 0.259934 0.649589 1.60954
934000 0.678116 0.264395 0.618251 1.56076
936000 0.713472 0.261718 0.647712 1.6229
938000 0.691076 0.262981 0.632881 1.58694
940000 0.709357 0.261223 0.656077 1.62666
942000 0.729379 0.267871 0.6667 1.66395
944000 0.679217 0.264427 0.633284 1.57693
946000 0.75989 0.288611 0.690219 1.73872
948000 0.713906 0.272968 0.659363 1.64624
950000 0.690283 0.293205 0.633943 1.61743
952000 0.748325 0.266634 0.677312 1.69227
954000 0.705934 0.265031 0.655096 1.62606
956000 0.684717 0.277595 0.637191 1.5995
958000 0.671998 0.271446 0.620414 1.56386
960000 0.67868 0.28733 0.624939 1.59095
962000 0.711899 0.253634 0.665851 1.63138
964000 0.66347 0.259349 0.606007 1.52883
966000 0.663587 0.250892 0.608821 1.5233
968000 0.647159 0.280701 0.615159 1.54302
970000 0.641836 0.267386 0.600259 1.50948
972000 0.658511 0.244615 0.611443 1.51457
974000 0.690257 0.264878 0.632875 1.58801
976000 0.708295 0.272287 0.659913 1.6405
978000 0.669315 0.269217 0.609059 1.54759
980000 0.659121 0.264139 0.610443 1.5337
982000 0.707899 0.260452 0.634954 1.6033
984000 0.687486 0.264269 0.640621 1.59238
986000 0.63489 0.260476 0.608106 1.50347
988000 0.661173 0.273357 0.59818 1.53271
990000 0.666165 0.268621 0.606055 1.54084
992000 0.685321 0.270182 0.646133 1.60164
994000 0.642802 0.25367 0.570301 1.46677
996000 0.655064 0.250312 0.588035 1.49341
998000 0.67022 0.259821 0.631149 1.56119
1000000 0.702991 0.256148 0.616349 1.57549
1002000 0.705708 0.268898 0.645964 1.62057
1004000 0.688385 0.269484 0.641124 1.59899
1006000 0.674786 0.25128 0.610143 1.53621
1008000 0.729883 0.286811 0.680481 1.69717
1010000 0.691205 0.275115 0.635905 1.60222
1012000 0.694088 0.271206 0.654885 1.62018
1014000 0.694482 0.263121 0.629506 1.58711
1016000 0.705552 0.266496 0.648885 1.62093
1018000 0.732788 0.263804 0.681837 1.67843
1020000 0.767321 0.275315 0.713369 1.75601
1022000 0.662245 0.26156 0.622517 1.54632
1024000 0.670747 0.261933 0.632026 1.56471
1026000 0.637123 0.248698 0.586527 1.47235
1028000 0.722974 0.263019 0.666323 1.65232
1030000 0.676926 0.270662 0.619685 1.56727
1032000 0.715855 0.268729 0.646582 1.63117
1034000 0.664736 0.274833 0.600977 1.54055
1036000 0.681837 0.256268 0.593764 1.53187
1038000 0.684263 0.270671 0.626603 1.58154
1040000 0.72536 0.266361 0.646405 1.63813
1042000 0.687453 0.265583 0.619983 1.57302
1044000 0.714536 0.25025 0.63368 1.59847
1046000 0.719696 0.254837 0.646637 1.62117
1048000 0.671379 0.274722 0.634278 1.58038
1050000 0.64962 0.252819 0.594028 1.49647
1052000 0.715689 0.259631 0.644602 1.61992
1054000 0.707755 0.28846 0.659691 1.65591
1056000 0.72749 0.258331 0.640549 1.62637
1058000 0.657479 0.267409 0.593508 1.5184
1060000 0.722773 0.285103 0.674516 1.68239
1062000 0.735726 0.291916 0.666483 1.69413
1064000 0.755887 0.283941 0.698958 1.73879
1066000 0.743131 0.260954 0.670009 1.67409
1068000 0.745489 0.274959 0.685073 1.70552
1070000 0.757495 0.271403 0.676902 1.7058
1072000 0.699691 0.276955 0.644857 1.6215
1074000 0.711157 0.273523 0.650027 1.63471
1076000 0.751448 0.288716 0.705084 1.74525
1078000 0.741421 0.291275 0.692088 1.72478
1080000 0.777215 0.270594 0.717088 1.7649
1082000 0.709724 0.271746 0.667499 1.64897
1084000 0.707196 0.251153 0.635482 1.59383
1086000 0.72518 0.247401 0.674366 1.64695
1088000 0.712739 0.236252 0.646757 1.59575
1090000 0.68854 0.242188 0.62065 1.55138
1092000 0.691477 0.237268 0.626297 1.55504
1094000 0.706985 0.230853 0.611832 1.54967
1096000 0.67068 0.227777 0.601638 1.50009
1098000 0.690198 0.245495 0.607392 1.54309
1100000 0.676603 0.210661 0.60601 1.49327
1102000 0.668283 0.218629 0.620555 1.50747
1104000 0.679508 0.243138 0.60391 1.52656
1106000 0.655833 0.227128 0.577294 1.46025
1108000 0.675494 0.215868 0.599183 1.49054
1110000 0.650903 0.224065 0.565244 1.44021
1112000 0.659752 0.223395 0.586584 1.46973
1114000 0.641393 0.218611 0.587603 1.44761
1116000 0.669548 0.239613 0.620913 1.53007
1118000 0.642333 0.210007 0.574459 1.4268
1120000 0.647371 0.246535 0.610634 1.50454
1122000 0.672906 0.230792 0.626456 1.53015
1124000 0.668969 0.254418 0.609591 1.53298
1126000 0.688822 0.243412 0.627287 1.55952
1128000 0.65291 0.247682 0.600251 1.50084
1130000 0.614463 0.217757 0.571549 1.40377
1132000 0.65418 0.240992 0.604734 1.49991
1134000 0.65618 0.2541 0.593449 1.50373
1136000 0.646842 0.22808 0.601051 1.47597
1138000 0.650618 0.247416 0.589013 1.48705
1140000 0.665762 0.233045 0.591059 1.48987
1142000 0.65156 0.215775 0.574644 1.44198
1144000 0.628084 0.215332 0.539956 1.38337
1146000 0.569106 0.1873 0.487574 1.24398
1148000 0.619333 0.2131 0.53209 1.36452
1150000 0.622629 0.214906 0.541148 1.37868
1152000 0.628673 0.223519 0.534363 1.38655
1154000 0.630345 0.223697 0.568812 1.42285
1156000 0.636578 0.201387 0.543454 1.38142
1158000 0.622989 0.205161 0.544969 1.37312
1160000 0.594595 0.210118 0.537017 1.34173
1162000 0.590054 0.194901 0.54062 1.32557
1164000 0.634945 0.213636 0.564242 1.41282
1166000 0.631673 0.221487 0.551213 1.40437
1168000 0.562904 0.193706 0.508009 1.26462
1170000 0.546819 0.203176 0.476875 1.22687
1172000 0.583446 0.20972 0.516277 1.30944
1174000 0.611353 0.198262 0.54624 1.35585
1176000 0.595492 0.201857 0.52196 1.31931
1178000 0.609604 0.216479 0.542009 1.36809
1180000 0.59379 0.220598 0.523162 1.33755
1182000 0.628298 0.215902 0.553044 1.39724
1184000 0.64006 0.214534 0.580608 1.4352
1186000 0.626253 0.245208 0.591977 1.46344
1188000 0.629763 0.231885 0.580269 1.44192
1190000 0.656865 0.235073 0.597017 1.48895
1192000 0.626498 0.220601 0.565 1.4121
1194000 0.580814 0.207549 0.506855 1.29522
1196000 0.561793 0.200619 0.51556 1.27797
1198000 0.561848 0.210144 0.491713 1.26371
1200000 0.572731 0.21618 0.515188 1.3041
1202000 0.590865 0.20706 0.520252 1.31818
1204000 0.560575 0.202192 0.498896 1.26166
1206000 0.543209 0.194525 0.489266 1.227
1208000 0.572647 0.185273 0.510163 1.26808
1210000 0.548284 0.1993 0.476242 1.22383
1212000 0.551884 0.206693 0.511369 1.26995
1214000 0.576766 0.199981 0.513686 1.29043
1216000 0.568398 0.206444 0.49944 1.27428
1218000 0.562271 0.210907 0.51489 1.28807
1220000 0.577372 0.226489 0.515934 1.31979
1222000 0.557594 0.18017 0.490705 1.22847
1224000 0.617354 0.212426 0.566954 1.39673
1226000 0.573275 0.219443 0.511633 1.30435
1228000 0.594429 0.210449 0.525517 1.33039
1230000 0.610192 0.2031 0.522864 1.33616
1232000 0.615457 0.210666 0.540148 1.36627
1234000 0.602928 0.208257 0.530577 1.34176
1236000 0.645185 0.212044 0.587227 1.44446
1238000 0.633393 0.235774 0.56192 1.43109
1240000 0.647589 0.245512 0.579858 1.47296
1242000 0.670435 0.238826 0.58376 1.49302
1244000 0.646713 0.233021 0.58167 1.4614
1246000 0.605267 0.237385 0.543255 1.38591
1248000 0.638423 0.238623 0.57162 1.44867
1250000 0.591732 0.212113 0.544907 1.34875
1252000 0.611939 0.228262 0.545431 1.38563
1254000 0.65123 0.227318 0.594956 1.4735
1256000 0.632144 0.215284 0.560978 1.40841
1258000 0.652874 0.237193 0.57115 1.46122
1260000 0.61746 0.217425 0.563746 1.39863
1262000 0.591434 0.207369 0.521879 1.32068
1264000 0.616269 0.224262 0.546306 1.38684
1266000 0.650358 0.233827 0.55443 1.43862
1268000 0.611166 0.215407 0.536712 1.36328
1270000 0.655859 0.267782 0.606863 1.5305
1272000 0.655238 0.235667 0.592985 1.48389
1274000 0.631998 0.223394 0.538218 1.39361
1276000 0.575545 0.209127 0.519391 1.30406
1278000 0.619934 0.20023 0.509955 1.33012
1280000 0.664959 0.219197 0.579583 1.46374
1282000 0.66568 0.242518 0.592077 1.50027
1284000 0.643928 0.238188 0.569058 1.45117
1286000 0.653984 0.238871 0.580096 1.47295
1288000 0.643674 0.226475 0.587882 1.45803
1290000 0.648942 0.238737 0.591562 1.47924
1292000 0.615199 0.215969 0.552907 1.38407
1294000 0.679315 0.235083 0.596124 1.51052
1296000 0.731137 0.229085 0.647048 1.60727
1298000 0.647353 0.22251 0.573739 1.4436
1300000 0.633893 0.225641 0.564884 1.42442
1302000 0.665045 0.234008 0.606376 1.50543
1304000 0.680909 0.22256 0.620318 1.52379
1306000 0.666293 0.225779 0.613695 1.50577
1308000 0.697713 0.2527 0.631696 1.58211
1310000 0.659318 0.229004 0.600841 1.48916
1312000 0.652732 0.239061 0.588535 1.48033
1314000 0.659099 0.218727 0.588855 1.46668
1316000 0.717555 0.226338 0.61947 1.56336
1318000 0.684493 0.216859 0.605425 1.50678
1320000 0.673977 0.229765 0.600341 1.50408
1322000 0.679534 0.225889 0.602953 1.50838
1324000 0.64355 0.209148 0.582493 1.43519
1326000 0.667667 0.219165 0.601226 1.48806
1328000 0.646596 0.224916 0.575213 1.44673
1330000 0.683679 0.229462 0.639859 1.553
1332000 0.647899 0.233992 0.614945 1.49684
1334000 0.644564 0.232659 0.589253 1.46648
1336000 0.68427 0.224125 0.635501 1.5439
1338000 0.641669 0.231975 0.578111 1.45175
1340000 0.629046 0.223565 0.580314 1.43292
1342000 0.631642 0.220319 0.56273 1.41469
1344000 0.638284 0.23036 0.572154 1.4408
1346000 0.671687 0.22632 0.592947 1.49095
1348000 0.69936 0.253016 0.628869 1.58124
1350000 0.625558 0.227441 0.570876 1.42388
1352000 0.647118 0.224814 0.584329 1.45626
1354000 0.653069 0.236749 0.595814 1.48563
1356000 0.695016 0.23401 0.627833 1.55686
1358000 0.658354 0.238778 0.610071 1.5072
1360000 0.673677 0.22363 0.633162 1.53047
1362000 0.618063 0.243796 0.557235 1.41909
1364000 0.650202 0.235404 0.578394 1.464
1366000 0.658377 0.244188 0.564375 1.46694
1368000 0.670947 0.25341 0.612219 1.53658
1370000 0.66116 0.226063 0.56964 1.45686
1372000 0.662968 0.231735 0.579249 1.47395
1374000 0.655785 0.228619 0.587597 1.472
1376000 0.646065 0.205513 0.561615 1.41319
1378000 0.640723 0.226458 0.588153 1.45534
1380000 0.619181 0.210656 0.577638 1.40748
1382000 0.629743 0.229754 0.581915 1.44141
1384000 0.601506 0.207625 0.546982 1.35611
1386000 0.668525 0.261369 0.620422 1.55032
1388000 0.642524 0.244018 0.570901 1.45744
1390000 0.642406 0.225544 0.56411 1.43206
1392000 0.619333 0.226621 0.541087 1.38704
1394000 0.618711 0.208236 0.554078 1.38102
1396000 0.619819 0.208348 0.552604 1.38077
1398000 0.600015 0.214328 0.534835 1.34918
1400000 0.651458 0.204677 0.553468 1.4096
1402000 0.614777 0.213408 0.548662 1.37685
1404000 0.574521 0.212403 0.527277 1.3142
1406000 0.662525 0.216639 0.603755 1.48292
1408000 0.644792 0.207882 0.551598 1.40427
1410000 0.579667 0.216437 0.517942 1.31405
1412000 0.614281 0.231046 0.563298 1.40863
1414000 0.64264 0.246072 0.587953 1.47666
1416000 0.601712 0.217594 0.552978 1.37228
1418000 0.554995 0.210869 0.497971 1.26383
1420000 0.568219 0.195336 0.502582 1.26614
1422000 0.594011 0.20015 0.526318 1.32048
1424000 0.645651 0.218376 0.572244 1.43627
1426000 0.600172 0.223623 0.557724 1.38152
1428000 0.579033 0.200462 0.495137 1.27463
1430000 0.585625 0.204149 0.519823 1.3096
1432000 0.564209 0.212926 0.508359 1.28549
1434000 0.654416 0.213638 0.59009 1.45814
1436000 0.608043 0.208648 0.532172 1.34886
1438000 0.554467 0.208648 0.499839 1.26295
1440000 0.662591 0.225643 0.59415 1.48238
1442000 0.553992 0.196586 0.48911 1.23969
1444000 0.569568 0.195368 0.499984 1.26492
1446000 0.618105 0.215915 0.558887 1.39291
1448000 0.579411 0.213919 0.513831 1.30716
1450000 0.597269 0.219335 0.531226 1.34783
1452000 0.631862 0.232166 0.580237 1.44426
1454000 0.613414 0.219398 0.527855 1.36067
1456000 0.599714 0.199189 0.526896 1.3258
1458000 0.598078 0.20728 0.529475 1.33483
1460000 0.634672 0.214815 0.573114 1.4226
1462000 0.606537 0.217992 0.54721 1.37174
1464000 0.608442 0.205024 0.55238 1.36585
1466000 0.599678 0.213453 0.547144 1.36028
1468000 0.656727 0.211278 0.572727 1.44073
1470000 0.615355 0.206644 0.54827 1.37027
1472000 0.636638 0.200103 0.571138 1.40788
1474000 0.65522 0.225821 0.58097 1.46201
1476000 0.603389 0.207979 0.552173 1.36354
1478000 0.655782 0.22314 0.578596 1.45752
1480000 0.643232 0.218959 0.559155 1.42135
1482000 0.653953 0.245827 0.590956 1.49074
1484000 0.676231 0.216135 0.588931 1.4813
1486000 0.645129 0.22048 0.5606 1.42621
1488000 0.59984 0.222258 0.551486 1.37358
1490000 0.640613 0.212803 0.534474 1.38789
1492000 0.632545 0.222102 0.542511 1.39716
1494000 0.63583 0.204552 0.547852 1.38823
1496000 0.598026 0.206389 0.546892 1.35131
1498000 0.601707 0.2246 0.554462 1.38077
1500000 0.601528 0.216196 0.534562 1.35229
1502000 0.684342 0.253887 0.640669 1.5789
1504000 0.685959 0.264671 0.649095 1.59973
1506000 0.6839 0.266381 0.641336 1.59162
1508000 0.64455 0.263033 0.595937 1.50352
1510000 0.638102 0.244638 0.595866 1.47861
1512000 0.645727 0.280153 0.603493 1.52937
1514000 0.738627 0.268509 0.661882 1.66902
1516000 0.666492 0.254433 0.61673 1.53766
1518000 0.652696 0.234501 0.58953 1.47673
1520000 0.665631 0.22819 0.606642 1.50046
1522000 0.659765 0.243596 0.600518 1.50388
1524000 0.714119 0.257185 0.646842 1.61815
1526000 0.684412 0.246463 0.626241 1.55712
1528000 0.660041 0.231787 0.598149 1.48998
1530000 0.741094 0.243341 0.660041 1.64448
1532000 0.664575 0.223029 0.601869 1.48947
1534000 0.632617 0.227985 0.564421 1.42502
1536000 0.659057 0.228778 0.58345 1.47129
1538000 0.665768 0.216464 0.605994 1.48823
1540000 0.664579 0.213937 0.601499 1.48002
1542000 0.652619 0.235922 0.590692 1.47923
1544000 0.70681 0.229727 0.64687 1.58341
1546000 0.653319 0.238288 0.580053 1.47166
1548000 0.703183 0.23942 0.63095 1.57355
1550000 0.659523 0.237694 0.596233 1.49345
1552000 0.637518 0.212925 0.563254 1.4137
1554000 0.679221 0.23435 0.589715 1.50329
1556000 0.667149 0.240853 0.607298 1.5153
1558000 0.6701 0.22251 0.595766 1.48838
1560000 0.681964 0.231292 0.596296 1.50955
1562000 0.685302 0.233543 0.608813 1.52766
1564000 0.708511 0.240493 0.642057 1.59106
1566000 0.654447 0.243742 0.591233 1.48942
1568000 0.712911 0.242464 0.631936 1.58731
1570000 0.663507 0.221239 0.583699 1.46844
1572000 0.658844 0.230439 0.587239 1.47652
1574000 0.670739 0.221681 0.59452 1.48694
1576000 0.649826 0.231843 0.588082 1.46975
1578000 0.620296 0.227764 0.566236 1.4143
1580000 0.697933 0.226456 0.623401 1.54779
1582000 0.659795 0.230822 0.600205 1.49082
1584000 0.664853 0.242167 0.592649 1.49967
1586000 0.722522 0.226937 0.651132 1.60059
1588000 0.634821 0.23071 0.570229 1.43576
1590000 0.644824 0.234552 0.585199 1.46458
1592000 0.648822 0.237089 0.589305 1.47522
1594000 0.66564 0.240775 0.603243 1.50966
1596000 0.689219 0.247157 0.623815 1.56019
1598000 0.691125 0.243625 0.622233 1.55698
1600000 0.673699 0.238671 0.619118 1.53149
1602000 0.666949 0.227621 0.590303 1.48487
1604000 0.65056 0.241841 0.597094 1.48949
1606000 0.678132 0.229974 0.59487 1.50298
1608000 0.652299 0.223165 0.600779 1.47624
1610000 0.678235 0.236859 0.621004 1.5361
1612000 0.635329 0.215568 0.58066 1.43156
1614000 0.63528 0.222256 0.568728 1.42626
1616000 0.63348 0.222128 0.562637 1.41825
1618000 0.644016 0.218054 0.584748 1.44682
1620000 0.626812 0.222983 0.58655 1.43635
1622000 0.682845 0.242072 0.629477 1.55439
1624000 0.660263 0.235472 0.583228 1.47896
1626000 0.692555 0.238568 0.580086 1.51121
1628000 0.676907 0.246519 0.59307 1.5165
1630000 0.700116 0.252708 0.593475 1.5463
1632000 0.699341 0.239346 0.602097 1.54078
1634000 0.697615 0.233752 0.60538 1.53675
1636000 0.681039 0.231799 0.596036 1.50887
1638000 0.690341 0.257243 0.61686 1.56444
1640000 0.675301 0.240665 0.614936 1.5309
1642000 0.692238 0.251731 0.609794 1.55376
1644000 0.722976 0.25843 0.626177 1.60758
1646000 0.67187 0.26664 0.609392 1.5479
1648000 0.668921 0.254896 0.603102 1.52692
1650000 0.706276 0.26579 0.608601 1.58067
1652000 0.683941 0.258352 0.598766 1.54106
1654000 0.703412 0.260299 0.618471 1.58218
1656000 0.693717 0.258489 0.59268 1.54489
1658000 0.655235 0.240772 0.562636 1.45864
1660000 0.649078 0.229782 0.562105 1.44096
1662000 0.714582 0.248368 0.607805 1.57075
1664000 0.687923 0.248425 0.59991 1.53626
1666000 0.711004 0.256257 0.645447 1.61271
1668000 0.65826 0.227537 0.573285 1.45908
1670000 0.698126 0.240639 0.617105 1.55587
1672000 0.722132 0.246951 0.622306 1.59139
1674000 0.736913 0.242281 0.634756 1.61395
1676000 0.690802 0.239826 0.603157 1.53379
1678000 0.715545 0.243646 0.631662 1.59085
1680000 0.682671 0.253817 0.59696 1.53345
1682000 0.69113 0.253783 0.596371 1.54128
1684000 0.695866 0.236468 0.593629 1.52596
1686000 0.688383 0.234189 0.592474 1.51505
1688000 0.670821 0.241011 0.586015 1.49785
1690000 0.688483 0.245305 0.600507 1.53429
1692000 0.704391 0.241387 0.611124 1.5569
1694000 0.686082 0.259032 0.606216 1.55133
1696000 0.697649 0.253585 0.62395 1.57518
1698000 0.679403 0.237715 0.592107 1.50923
1700000 0.702425 0.263108 0.61821 1.58374
1702000 0.682986 0.233089 0.589184 1.50526
1704000 0.688779 0.23183 0.591256 1.51187
1706000 0.709933 0.251829 0.621221 1.58298
1708000 0.759764 0.263576 0.660029 1.68337
1710000 0.707937 0.269808 0.615204 1.59295
1712000 0.726288 0.274917 0.666634 1.66784
1714000 0.681703 0.244981 0.600965 1.52765
1716000 0.724172 0.274582 0.653302 1.65206
1718000 0.69748 0.260015 0.614212 1.57171
1720000 0.690245 0.261291 0.607496 1.55903
1722000 0.708179 0.288177 0.648942 1.6453
1724000 0.682516 0.251275 0.626543 1.56033
1726000 0.676608 0.259216 0.616471 1.55229
1728000 0.727598 0.276972 0.639628 1.6442
1730000 0.673171 0.26761 0.595648 1.53643
1732000 0.680569 0.270638 0.627655 1.57886
1734000 0.691785 0.270266 0.620727 1.58278
1736000 0.666894 0.258279 0.598675 1.52385
1738000 0.673639 0.266926 0.6104 1.55097
1740000 0.669179 0.266347 0.607937 1.54346
1742000 0.648601 0.242466 0.576069 1.46714
1744000 0.669499 0.225956 0.565703 1.46116
1746000 0.678874 0.208021 0.559796 1.44669
1748000 0.669648 0.229619 0.577925 1.47719
1750000 0.707813 0.23813 0.59711 1.54305
1752000 0.650548 0.240371 0.577774 1.46869
1754000 0.657986 0.227416 0.560226 1.44563
1756000 0.688709 0.232597 0.579791 1.5011
1758000 0.70033 0.228453 0.604082 1.53286
1760000 0.685312 0.232924 0.594544 1.51278
1762000 0.733731 0.243899 0.617573 1.5952
1764000 0.707413 0.236938 0.620431 1.56478
1766000 0.683384 0.2379 0.608665 1.52995
1768000 0.739566 0.248365 0.661471 1.6494
1770000 0.718797 0.242481 0.645269 1.60655
1772000 0.741583 0.269078 0.649168 1.65983
1774000 0.845284 0.250828 0.699763 1.79587
1776000 0.782297 0.234559 0.680832 1.69769
1778000 0.732793 0.241394 0.653228 1.62741
1780000 0.717513 0.234836 0.642265 1.59461
1782000 0.762084 0.220932 0.672182 1.6552
1784000 0.791329 0.243008 0.695888 1.73022
1786000 0.789546 0.232865 0.699389 1.7218
1788000 0.75831 0.23585 0.667819 1.66198
1790000 0.74821 0.220408 0.650998 1.61962
1792000 0.751624 0.247486 0.656335 1.65545
1794000 0.70653 0.227093 0.623797 1.55742
1796000 0.730266 0.233754 0.643165 1.60718
1798000 0.728897 0.226249 0.614506 1.56965
1800000 0.731745 0.243711 0.624161 1.59962
1802000 0.731733 0.258726 0.646879 1.63734
1804000 0.680338 0.234029 0.576288 1.49065
1806000 0.708237 0.222604 0.581256 1.5121
1808000 0.681528 0.227561 0.598159 1.50725
1810000 0.700284 0.236688 0.590344 1.52732
1812000 0.694583 0.25355 0.601192 1.54933
1814000 0.681371 0.203143 0.5539 1.43841
1816000 0.695982 0.244035 0.615706 1.55572
1818000 0.703665 0.234409 0.580958 1.51903
1820000 0.699911 0.241024 0.59552 1.53645
1822000 0.688579 0.230776 0.601393 1.52075
1824000 0.681332 0.233516 0.597387 1.51223
1826000 0.718758 0.241997 0.620752 1.58151
1828000 0.71147 0.231037 0.578769 1.52128
1830000 0.751967 0.260547 0.65719 1.6697
1832000 0.68683 0.233905 0.608194 1.52893
1834000 0.716795 0.233455 0.628467 1.57872
1836000 0.714229 0.229296 0.604001 1.54753
1838000 0.710153 0.244246 0.625335 1.57973
1840000 0.725495 0.253735 0.639376 1.61861
1842000 0.766342 0.24831 0.649055 1.66371
1844000 0.710077 0.251633 0.622891 1.5846
1846000 0.741099 0.247302 0.657539 1.64594
1848000 0.736414 0.22972 0.631503 1.59764
1850000 0.726721 0.242407 0.650983 1.62011
1852000 0.731594 0.241545 0.645932 1.61907
1854000 0.702406 0.226486 0.614074 1.54297
1856000 0.704594 0.25693 0.627113 1.58864
1858000 0.694746 0.240867 0.606055 1.54167
1860000 0.701052 0.241592 0.592824 1.53547
1862000 0.705175 0.244091 0.620241 1.56951
1864000 0.708126 0.250508 0.620025 1.57866
1866000 0.743683 0.238659 0.668588 1.65093
1868000 0.660666 0.235084 0.57789 1.47364
1870000 0.753388 0.254642 0.653544 1.66157
1872000 0.691038 0.238859 0.599559 1.52946
1874000 0.721096 0.245569 0.640897 1.60756
1876000 0.700231 0.223711 0.596294 1.52023
1878000 0.732204 0.242654 0.642743 1.6176
1880000 0.730315 0.235108 0.638855 1.60428
1882000 0.733789 0.252964 0.640743 1.6275
1884000 0.73472 0.230502 0.629392 1.59461
1886000 0.736505 0.227725 0.644495 1.60873
1888000 0.781766 0.243784 0.672939 1.69849
1890000 0.756809 0.250817 0.668135 1.67576
1892000 0.721205 0.233773 0.644101 1.59908
1894000 0.73072 0.24534 0.654897 1.63096
1896000 0.739884 0.254472 0.638274 1.63263
1898000 0.736226 0.251892 0.650793 1.63891
1900000 0.731844 0.262007 0.663921 1.65777
1902000 0.769277 0.274682 0.704764 1.74872
1904000 0.712392 0.270351 0.650264 1.63301
1906000 0.763805 0.282118 0.694079 1.74
1908000 0.746668 0.26901 0.655349 1.67103
1910000 0.764037 0.278783 0.671884 1.7147
1912000 0.731409 0.247868 0.641507 1.62078
1914000 0.759982 0.263615 0.663732 1.68733
1916000 0.746704 0.284001 0.677531 1.70824
1918000 0.751188 0.269359 0.67217 1.69272
1920000 0.776328 0.273275 0.695315 1.74492
1922000 0.74389 0.283913 0.658946 1.68675
1924000 0.725068 0.278469 0.657314 1.66085
1926000 0.801047 0.262331 0.706316 1.76969
1928000 0.773205 0.269594 0.683468 1.72627
1930000 0.778547 0.267219 0.672197 1.71796
1932000 0.785106 0.269848 0.688424 1.74338
1934000 0.724974 0.25157 0.649913 1.62646
1936000 0.765301 0.274968 0.682888 1.72316
1938000 0.760079 0.288686 0.665771 1.71454
1940000 0.755992 0.264146 0.683688 1.70383
1942000 0.702767 0.254425 0.611898 1.56909
1944000 0.661666 0.239552 0.587425 1.48864
1946000 0.693283 0.253346 0.607956 1.55458
1948000 0.677261 0.270756 0.610734 1.55875
1950000 0.654043 0.262243 0.596699 1.51299
1952000 0.706251 0.26909 0.623231 1.59857
1954000 0.680393 0.253776 0.606473 1.54064
1956000 0.686076 0.270586 0.6321 1.58876
1958000 0.692772 0.248991 0.621185 1.56295
1960000 0.710152 0.275772 0.643435 1.62936
1962000 0.708132 0.27833 0.65187 1.63833
1964000 0.705922 0.25178 0.611724 1.56943
1966000 0.72944 0.24938 0.636641 1.61546
1968000 0.693483 0.264799 0.638041 1.59632
1970000 0.704546 0.261508 0.617347 1.5834
1972000 0.680821 0.253618 0.612275 1.54671
1974000 0.660697 0.259546 0.603904 1.52415
1976000 0.687326 0.261965 0.619588 1.56888
1978000 0.689853 0.233105 0.598264 1.52122
1980000 0.718673 0.24656 0.635908 1.60114
1982000 0.674589 0.227524 0.574556 1.47667
1984000 0.666046 0.241096 0.584371 1.49151
1986000 0.684129 0.25185 0.606331 1.54231
1988000 0.729536 0.237233 0.62656 1.59333
1990000 0.674486 0.256657 0.600393 1.53154
1992000 0.655761 0.235816 0.593953 1.48553
1994000 0.684834 0.246031 0.60807 1.53894
1996000 0.719606 0.255687 0.617174 1.59247
1998000 0.700489 0.254617 0.608769 1.56387
2000000 0.695981 0.250274 0.607869 1.55413
