# Time-averaged data for fix savemsd
# TimeStep c_msd[1] c_msd[2] c_msd[3] c_msd[4]
0 3.10431e-32 7.57453e-30 4.7496e-30 1.23552e-29
2000 3.04726 3.10132 3.11155 9.26012
4000 5.88994 5.73166 6.20074 17.8223
6000 8.86788 8.40202 9.82035 27.0903
8000 12.4925 12.0261 13.2445 37.7631
10000 15.2447 15.256 17.4978 47.9985
12000 19.4844 18.1832 21.3595 59.0272
14000 23.0105 21.6415 25.0426 69.6946
16000 25.8186 24.4102 27.1008 77.3296
18000 28.2928 28.6593 30.3564 87.3084
20000 31.5301 33.1477 33.4185 98.0964
22000 36.1982 36.342 35.991 108.531
24000 37.3624 39.5225 38.877 115.762
26000 41.5707 43.0204 42.9601 127.551
28000 44.4057 46.5874 45.1134 136.107
30000 49.4232 49.6441 48.2055 147.273
32000 52.1679 52.623 51.3345 156.125
34000 55.6984 56.46 55.2854 167.444
36000 58.0829 59.5299 58.9918 176.605
38000 61.5484 63.2266 61.934 186.709
40000 65.0946 66.758 65.5007 197.353
42000 67.6749 70.5696 68.888 207.133
44000 70.3836 73.5801 72.0082 215.972
46000 74.2224 77.4534 75.0976 226.773
48000 77.8658 80.2886 77.6151 235.769
50000 81.9004 82.7004 80.8251 245.426
52000 86.042 85.6992 82.8206 254.562
54000 89.6766 89.7589 85.8286 265.264
56000 91.6473 91.1288 89.0038 271.78
58000 95.2592 94.2462 91.4935 280.999
60000 98.455 98.2686 95.1521 291.876
62000 102.484 102.439 97.767 302.689
64000 106.882 105.053 100.707 312.642
66000 110.475 107.77 104.218 322.464
68000 111.364 110.155 109.308 330.827
70000 114.768 112.438 113.23 340.436
72000 117.298 115.534 116.668 349.5
74000 120.165 118.701 120.635 359.501
76000 123.388 122.689 125.635 371.712
78000 127.539 125.529 129.167 382.235
80000 129.973 129.464 131.549 390.987
82000 132.977 132.344 135.348 400.668
84000 134.899 134.786 138.097 407.782
86000 137.708 138.134 141.772 417.615
88000 139.199 141.701 144.171 425.071
90000 142.858 144.396 147.698 434.951
92000 144.123 145.224 148.519 437.866
94000 147.232 147.679 150.064 444.975
96000 151.576 151.725 154.4 457.7
98000 153.704 153.676 158.712 466.092
100000 157.109 158.542 162.277 477.928
102000 159.833 161.153 166.376 487.362
104000 161.774 163.211 169.483 494.467
106000 164.377 167.286 173.808 505.471
108000 167.684 169.349 175.859 512.892
110000 171.804 170.951 180.444 523.199
112000 174.313 173.341 180.999 528.653
114000 177.649 177.78 183.254 538.682
116000 180.254 182.227 188.135 550.616
118000 182.981 184.618 191.606 559.205
120000 185.433 190.2 194.275 569.908
122000 185.747 194.24 198.535 578.522
124000 189.15 197.159 200.536 586.845
126000 193.478 198.289 202.364 594.132
128000 194.249 199.461 203.628 597.339
130000 195.255 202.267 206.406 603.927
132000 198.7 204.235 208.819 611.754
134000 201.363 207.097 213.15 621.609
136000 205.555 208.032 218.383 631.97
138000 209.64 213.27 223.951 646.862
140000 212.902 214.171 226.3 653.372
142000 216.319 216.413 227.01 659.742
144000 219.64 218.935 231.649 670.224
146000 221.765 223.831 233.108 678.704
148000 224.795 225.118 235.376 685.289
150000 228.715 229.064 235.709 693.488
152000 231.001 231.516 238.803 701.321
154000 232.538 235.902 239.011 707.452
156000 236.506 237.386 242.563 716.455
158000 238.316 240.176 244.816 723.308
160000 241.329 243.379 249.434 734.142
162000 242.342 244.727 253.12 740.189
164000 244.321 248.198 256.855 749.374
166000 247.013 252.764 261.687 761.464
168000 251.24 255.735 263.898 770.873
170000 254.744 257.75 268.391 780.884
172000 257.175 262.454 271.512 791.141
174000 259.599 263.836 276.424 799.86
176000 262.845 266.451 278.907 808.203
178000 269.362 268.429 282.403 820.194
180000 274.028 272.296 284.554 830.878
182000 275.962 277.06 286.425 839.447
184000 280.606 278.046 287.184 845.836
186000 282.435 281.845 289.915 854.195
188000 286.273 283.584 294.604 864.461
190000 291.03 288.907 298.218 878.155
192000 295.442 293.29 300.174 888.906
194000 298.515 295.894 300.974 895.383
196000 302.389 299.398 304.349 906.136
198000 302.81 304.067 307.662 914.539
200000 307.374 306.205 311.894 925.474
202000 309.662 308.855 317.327 935.845
204000 314.194 312.463 322.215 948.872
206000 318.869 314.149 325.278 958.296
208000 324.349 315.525 327.959 967.833
210000 326.795 317.635 330.522 974.952
212000 330.727 321.359 331.704 983.79
214000 335.905 323.578 333.433 992.916
216000 338.843 326.045 336.011 1000.9
218000 342.287 329.572 339.611 1011.47
220000 346.272 332.694 341.245 1020.21
222000 348.827 334.617 343.791 1027.23
224000 350.233 335.881 344.2 1030.31
226000 356.625 337.746 345.468 1039.84
228000 360.29 340.238 348.815 1049.34
230000 365.193 342.513 355.178 1062.88
232000 368.881 343.5 358.861 1071.24
234000 370.74 345.701 364.093 1080.53
236000 374.097 353.066 368.686 1095.85
238000 377.336 358.28 372.366 1107.98
240000 380.333 361.271 375.242 1116.85
242000 379.926 363.462 380.588 1123.98
244000 383.39 366.597 385.273 1135.26
246000 388.402 368.611 387.781 1144.79
248000 392.835 371.736 388.087 1152.66
250000 395.046 376.828 392.343 1164.22
252000 399.745 382.873 395.899 1178.52
254000 402.932 385.363 397.762 1186.06
256000 406.555 388.26 403.498 1198.31
258000 410.603 390.557 405.168 1206.33
260000 409.42 393.748 410.054 1213.22
262000 414.596 397.82 412.515 1224.93
264000 416.76 401.433 417.061 1235.25
266000 417.642 401.684 421.425 1240.75
268000 417.732 403.91 426.771 1248.41
270000 419.018 407.588 428.787 1255.39
272000 424.099 409.97 434.225 1268.29
274000 426.517 411.514 437.941 1275.97
276000 432.337 414.859 440.426 1287.62
278000 437.551 419.353 446.545 1303.45
280000 439.471 424.02 450.276 1313.77
282000 442.974 425.455 456.797 1325.23
284000 445.388 427.862 460.824 1334.07
286000 449.538 431.918 466.367 1347.82
288000 454.13 435.733 469.568 1359.43
290000 456.094 438.981 472.081 1367.16
292000 460.97 441.564 473.452 1375.99
294000 465.178 443.308 472.94 1381.43
296000 466.729 446.856 477.231 1390.82
298000 473.369 450.51 482.523 1406.4
300000 477.092 451.51 488.499 1417.1
302000 480.91 455.06 492.792 1428.76
304000 484.946 464.722 495.829 1445.5
306000 487.069 464.148 499.676 1450.89
308000 489.625 468.027 502.535 1460.19
310000 490.778 471.028 503.928 1465.73
312000 492.473 475.706 507.384 1475.56
314000 495.307 479.159 507.498 1481.96
316000 499.665 483.317 513.324 1496.31
318000 501.037 488.811 517.239 1507.09
320000 505.008 489.42 523.08 1517.51
322000 504.976 494.717 526.986 1526.68
324000 512.952 499.776 526.299 1539.03
326000 517.538 503.386 527.707 1548.63
328000 522.61 504.269 532.669 1559.55
330000 525.322 508.176 531.467 1564.97
332000 531.12 511.1 534.426 1576.65
334000 531.354 517.143 539.167 1587.66
336000 531.22 523.125 535.877 1590.22
338000 535.461 526.298 538.999 1600.76
340000 535.699 528.257 544.44 1608.4
342000 537.589 530.923 546.853 1615.37
344000 541.3 532.634 554.759 1628.69
346000 546.066 538.07 559.798 1643.93
348000 547.316 538.576 563.358 1649.25
350000 551.419 540.879 566.616 1658.91
352000 556.249 543.552 569.373 1669.17
354000 557.266 545.61 570.703 1673.58
356000 562.224 548.487 572.877 1683.59
358000 564.422 552.047 574.936 1691.41
360000 564.85 555.109 577.792 1697.75
362000 568.33 562.707 578.15 1709.19
364000 571.915 566.287 577.021 1715.22
366000 572.468 570.847 580.415 1723.73
368000 578.73 573.085 582.803 1734.62
370000 584.214 575.729 584.911 1744.85
372000 587.379 580.814 584.043 1752.24
374000 590.909 583.322 588.611 1762.84
376000 593.783 586.808 589.075 1769.67
378000 600.484 585.722 589.941 1776.15
380000 601.606 586.081 592.502 1780.19
382000 607.368 590.036 595.333 1792.74
384000 611.087 592.608 598.885 1802.58
386000 613.381 594.586 602.969 1810.94
388000 617.321 596.907 609.218 1823.45
390000 618.828 601.242 614.533 1834.6
392000 624.229 602.503 618.617 1845.35
394000 627.434 600.448 622.114 1850
396000 631.134 602.085 627.147 1860.37
398000 632.661 606.145 632.903 1871.71
400000 636.042 613.617 640.906 1890.57
402000 637.33 616.463 646.993 1900.79
404000 637.44 621.091 650.817 1909.35
406000 640.754 623.345 650.675 1914.77
408000 641.087 624.459 651.877 1917.42
410000 644.918 626.372 652.659 1923.95
412000 648.401 634.961 656.103 1939.46
414000 652.914 636.363 656.153 1945.43
416000 656.813 638.12 663.214 1958.15
418000 662.617 641.898 664.966 1969.48
420000 665.222 646.709 670.486 1982.42
422000 670.53 649.031 672.532 1992.09
424000 672.335 653.722 672.676 1998.73
426000 678.828 654.521 672.97 2006.32
428000 684.519 656.269 675.149 2015.94
430000 684.05 658.246 676.068 2018.36
432000 683.962 659.253 676.931 2020.15
434000 688.576 661.2 678.849 2028.63
436000 690.913 661.536 684.938 2037.39
438000 697.093 664.682 688.272 2050.05
440000 699.229 664.746 693.453 2057.43
442000 701.951 668.722 700.452 2071.12
444000 705.008 669.642 700.898 2075.55
446000 709.076 671.209 702.741 2083.03
448000 712.989 675.212 707.234 2095.44
450000 714.654 683.19 710.656 2108.5
452000 716.547 690.459 715.872 2122.88
454000 719.283 694.501 718.25 2132.03
456000 721.624 695.423 720.133 2137.18
458000 725.152 696.815 725.903 2147.87
460000 723.357 699.017 726.673 2149.05
462000 727.202 700.429 729.298 2156.93
464000 729.296 700.793 730.389 2160.48
466000 729.081 706.847 732.432 2168.36
468000 735.133 709.013 735.583 2179.73
470000 743.381 718.157 740.58 2202.12
472000 745.524 717.538 742.12 2205.18
474000 747.788 721.371 749.463 2218.62
476000 750.117 726.914 752.655 2229.69
478000 745.342 729.909 752.754 2228
480000 750.016 730.03 750.613 2230.66
482000 751.473 733.896 756.75 2242.12
484000 754.646 734.114 757.428 2246.19
486000 758.393 734.326 758.342 2251.06
488000 762.496 738.827 764.937 2266.26
490000 764.092 737.64 767.212 2268.94
492000 764.859 744.255 775.97 2285.08
494000 767.133 745.998 778.799 2291.93
496000 768.022 746.902 779.945 2294.87
498000 773.999 750.31 781.199 2305.51
500000 780.2 751.84 784.006 2316.05
502000 780.524 752.528 787.116 2320.17
504000 782.279 756.691 789.597 2328.57
506000 789.369 759.387 790.028 2338.78
508000 792.636 766.42 790.242 2349.3
510000 795.609 766.171 790.787 2352.57
512000 799.46 770.547 791.946 2361.95
514000 803.895 774.377 790.512 2368.78
516000 808.853 775.286 793.845 2377.98
518000 814.517 778.914 794.11 2387.54
520000 815.934 779.619 795.282 2390.83
522000 820.404 780.361 797.801 2398.57
524000 824.44 785.563 799.725 2409.73
526000 834.151 786.732 808.154 2429.04
528000 837.595 790.817 811.342 2439.75
530000 838.802 795.326 817.933 2452.06
532000 840.024 796.702 823.408 2460.13
534000 840.044 804.272 826.151 2470.47
536000 845.187 804.749 829.037 2478.97
538000 850.739 811.027 833.625 2495.39
540000 853.141 816.154 836.714 2506.01
542000 853.85 820.397 841.81 2516.06
544000 857.422 822.425 845.36 2525.21
546000 857.124 826.823 851.174 2535.12
548000 861.557 825.519 853.1 2540.18
550000 863.055 829.227 856.558 2548.84
552000 868.294 829.656 861.484 2559.43
554000 872.86 829.233 865.907 2568
556000 874.56 832.146 869.12 2575.83
558000 875.251 833.082 868.116 2576.45
560000 878.558 841.534 863.329 2583.42
562000 877.903 845.546 864.931 2588.38
564000 882.666 846.722 870.855 2600.24
566000 886.729 846.865 878.155 2611.75
568000 892.423 850.063 882.118 2624.6
570000 893.968 850.676 887.85 2632.49
572000 893.543 853.128 889.781 2636.45
574000 897.333 857.219 894.925 2649.48
576000 904.392 860.918 896.399 2661.71
578000 908.796 866.896 895.393 2671.09
580000 912.913 870.563 902.581 2686.06
582000 920.08 873.416 905.988 2699.48
584000 920.993 877.934 907.894 2706.82
586000 925.39 881.776 912.107 2719.27
588000 926.022 887.541 914.913 2728.48
590000 931.217 892.801 916.468 2740.49
592000 932.852 895.052 918.333 2746.24
594000 936.903 904.238 917.963 2759.1
596000 941.599 904.146 919.807 2765.55
598000 946.405 913.499 925.543 2785.45
600000 948.116 912.709 933.196 2794.02
602000 946.886 913.241 934.749 2794.88
604000 950.197 916.965 936.266 2803.43
606000 950.476 919.301 940.547 2810.32
608000 956.197 920.018 947.243 2823.46
610000 960.697 923.639 953.308 2837.64
612000 969.522 927.312 957.762 2854.6
614000 974.54 930.459 957.153 2862.15
616000 976.922 936.453 959.82 2873.2
618000 986.775 938.378 961.107 2886.26
620000 988.528 941.471 963.905 2893.9
622000 990.475 944.559 968.953 2903.99
624000 992.718 949.844 971.313 2913.88
626000 995.169 958.895 976.048 2930.11
628000 996.435 960.142 978.441 2935.02
630000 999.567 960.48 984.077 2944.12
632000 998.941 965.477 985.955 2950.37
634000 1003.45 970.089 988.587 2962.13
636000 1011.92 970.991 988.637 2971.55
638000 1014.85 972.868 996.083 2983.8
640000 1018.75 979.707 999.268 2997.73
642000 1019.12 978.745 1002.5 3000.37
644000 1025.68 981.531 1005.35 3012.56
646000 1027.64 981.825 1010.34 3019.8
648000 1027.94 987.829 1011.1 3026.87
650000 1034.65 991.355 1019.56 3045.56
652000 1036.64 993.282 1022.25 3052.17
654000 1041.18 997.002 1022.91 3061.1
656000 1044.41 999.244 1028.07 3071.73
658000 1049.72 1002.22 1029.11 3081.05
660000 1058.97 1002.82 1035.28 3097.07
662000 1059.3 1000.78 1038.79 3098.87
664000 1061.29 1001.03 1043.53 3105.85
666000 1065.01 1009.92 1047.67 3122.6
668000 1068.15 1008.4 1050.32 3126.87
670000 1072.34 1014.69 1051.82 3138.85
672000 1076.15 1019.6 1051.3 3147.05
674000 1080.05 1023.98 1057.19 3161.22
676000 1082.54 1030.43 1060.61 3173.58
678000 1088.08 1033.04 1061.99 3183.11
680000 1092.33 1036.34 1063.95 3192.63
682000 1095.83 1038.81 1067.96 3202.59
684000 1101.55 1036.83 1069.33 3207.7
686000 1105.36 1040.14 1073.18 3218.69
688000 1109.31 1039.05 1075.05 3223.41
690000 1114.31 1042.16 1075.87 3232.33
692000 1119.4 1047.99 1071.67 3239.06
694000 1121.59 1047.39 1072.55 3241.53
696000 1121.69 1052 1078.67 3252.36
698000 1122.31 1051.84 1076.9 3251.05
700000 1128.64 1056.17 1079.64 3264.46
702000 1126.97 1058.58 1084.44 3269.98
704000 1137.64 1064.7 1089.41 3291.74
706000 1137.3 1067.71 1090.11 3295.11
708000 1138.01 1066.27 1094.62 3298.89
710000 1138.49 1068.24 1102.02 3308.75
712000 1143.75 1075.37 1101.4 3320.51
714000 1146.24 1080.48 1109.31 3336.03
716000 1151.37 1085.63 1112.24 3349.24
718000 1152.11 1086.89 1115.55 3354.55
720000 1153.89 1096.64 1124.82 3375.35
722000 1153.12 1096.71 1135.67 3385.5
724000 1156.48 1097.6 1138.73 3392.81
726000 1157.42 1098.38 1143.37 3399.17
728000 1159.4 1100.96 1143.81 3404.17
730000 1156.4 1096.96 1151.85 3405.2
732000 1161.34 1100.03 1153.18 3414.55
734000 1162.91 1098.75 1157.33 3418.99
736000 1162.02 1103.83 1156.13 3421.98
738000 1168.04 1101.41 1162.4 3431.85
740000 1166.18 1105.87 1164.31 3436.36
742000 1171.61 1110.31 1170.23 3452.14
744000 1176.23 1109.08 1174.87 3460.18
746000 1183.35 1107.94 1177.5 3468.79
748000 1185.54 1108 1179.67 3473.21
750000 1185.14 1105.96 1176.2 3467.29
752000 1188.42 1111.58 1178.78 3478.78
754000 1193.69 1111.8 1181.25 3486.74
756000 1194.68 1114.5 1190.67 3499.85
758000 1199.64 1117.34 1190.67 3507.65
760000 1201.51 1120.92 1195.1 3517.52
762000 1204.63 1127.41 1203.47 3535.5
764000 1205.24 1128.94 1208.25 3542.43
766000 1210.77 1132.84 1210.47 3554.08
768000 1211.67 1136.14 1215.45 3563.26
770000 1208.89 1142.3 1216.56 3567.75
772000 1208.96 1143.48 1218.73 3571.17
774000 1208.71 1152.85 1221.75 3583.31
776000 1208.46 1154.11 1229.69 3592.26
778000 1214.27 1157.92 1229.19 3601.37
780000 1215.78 1162.41 1230.01 3608.21
782000 1218.07 1165.58 1233.04 3616.69
784000 1221.21 1170.09 1233.37 3624.68
786000 1224.67 1170.08 1233.94 3628.69
788000 1229.18 1169.89 1235.2 3634.27
790000 1231.73 1172.5 1234.87 3639.09
792000 1233.82 1172.63 1241.8 3648.25
794000 1235.27 1179.08 1242.59 3656.95
796000 1238.71 1184.81 1244.18 3667.7
798000 1239.43 1191.36 1247.06 3677.85
800000 1233.47 1194.55 1249.33 3677.35
802000 1230.11 1199.44 1246.63 3676.18
804000 1232.72 1206.24 1254 3692.96
806000 1230.81 1208.52 1260.43 3699.76
808000 1234.52 1204.75 1264.22 3703.49
810000 1240.99 1207.62 1269.47 3718.08
812000 1246.73 1214.13 1271.84 3732.7
814000 1252.91 1214.45 1273.86 3741.22
816000 1253.89 1215.4 1276.68 3745.97
818000 1254.79 1222.09 1276.86 3753.74
820000 1262.59 1226.57 1274.71 3763.87
822000 1266.04 1230.26 1278.62 3774.92
824000 1267.42 1234.7 1276.06 3778.18
826000 1272.11 1234.81 1276.49 3783.42
828000 1275.44 1238.75 1284.51 3798.7
830000 1280.43 1243.35 1286.58 3810.37
832000 1284.35 1245.92 1294.54 3824.81
834000 1290.16 1251.22 1295.67 3837.05
836000 1292.71 1256.31 1296.69 3845.7
838000 1296.4 1259.79 1304.62 3860.81
840000 1300.46 1264.86 1306.07 3871.4
842000 1303.02 1270.19 1307.87 3881.09
844000 1314.46 1270.75 1309.83 3895.04
846000 1316.43 1270.74 1309.42 3896.59
848000 1318.87 1271.67 1311.52 3902.06
850000 1325.76 1275.91 1319.41 3921.08
852000 1330.13 1277.01 1326.47 3933.61
854000 1327.6 1279.24 1329.78 3936.62
856000 1328.28 1283.74 1329.96 3941.98
858000 1335.74 1286.23 1332.36 3954.33
860000 1340.31 1289.24 1333.87 3963.43
862000 1346.91 1290.82 1336.31 3974.03
864000 1356.9 1292.99 1344.46 3994.35
866000 1359.36 1292.54 1350.06 4001.96
868000 1366.71 1296.29 1354.31 4017.31
870000 1369.84 1298.45 1350.36 4018.65
872000 1368.62 1302.25 1353.86 4024.72
874000 1368.17 1307.5 1355.05 4030.72
876000 1367.87 1309.02 1360.91 4037.8
878000 1369.44 1316.99 1359.82 4046.25
880000 1369.73 1318.46 1363.47 4051.66
882000 1370.35 1319.43 1366.57 4056.34
884000 1373.63 1325.46 1373.24 4072.32
886000 1372.48 1326.24 1374.93 4073.65
888000 1371.54 1328.99 1378.77 4079.31
890000 1376.02 1331.45 1386.49 4093.96
892000 1381.71 1331.76 1384.89 4098.35
894000 1383.08 1328.67 1383.6 4095.35
896000 1387.91 1332.94 1386.21 4107.05
898000 1388.29 1333.99 1386.27 4108.55
900000 1392.25 1336.18 1390.74 4119.17
902000 1397.39 1335.31 1393.3 4125.99
904000 1404.85 1334.09 1402.58 4141.52
906000 1410.07 1341.84 1404.56 4156.47
908000 1412.47 1343.75 1408.73 4164.96
910000 1415.89 1349.14 1415.81 4180.84
912000 1416.93 1357.39 1420.42 4194.74
914000 1422.14 1356.59 1419.78 4198.51
916000 1420.62 1352.18 1423.07 4195.87
918000 1418.62 1361.08 1425.86 4205.56
920000 1417.8 1366.84 1431.77 4216.41
922000 1418.73 1367.35 1429.24 4215.32
924000 1426.55 1371.1 1431.06 4228.72
926000 1431.18 1371.77 1428.21 4231.15
928000 1434.48 1377.28 1429.34 4241.11
930000 1440.63 1379.57 1427.93 4248.13
932000 1444.58 1383.53 1433.62 4261.73
934000 1446.69 1384.53 1437.83 4269.05
936000 1452.58 1382.63 1439.72 4274.93
938000 1461.72 1384.74 1441.28 4287.74
940000 1463.86 1387.66 1449.05 4300.57
942000 1466.46 1392.88 1453.91 4313.25
944000 1465.86 1394.13 1455.71 4315.7
946000 1467.46 1398.97 1458.35 4324.78
948000 1465.16 1403.69 1462.12 4330.97
950000 1473.15 1407.01 1463.42 4343.58
952000 1472.9 1409.87 1462.11 4344.87
954000 1475.96 1409.09 1467.8 4352.85
956000 1481.58 1418 1474.4 4373.98
958000 1484.27 1416.2 1479.55 4380.02
960000 1492.98 1423.97 1481.01 4397.96
962000 1498.34 1425.62 1489.2 4413.16
964000 1500.8 1427.94 1492.58 4421.32
966000 1502.77 1435.82 1494.83 4433.42
968000 1502.96 1438.58 1503.34 4444.88
970000 1500.45 1446.02 1495.85 4442.32
972000 1503.95 1452.34 1504 4460.29
974000 1508.76 1458.06 1509.83 4476.66
976000 1519.71 1460.65 1509.41 4489.77
978000 1518.44 1460.59 1511.33 4490.37
980000 1522.1 1460.48 1518.23 4500.81
982000 1519.34 1459.42 1517.1 4495.86
984000 1520.45 1462.93 1518.79 4502.17
986000 1521.74 1470.11 1522.76 4514.61
988000 1524.84 1478.53 1525.1 4528.47
990000 1532.21 1483 1525.71 4540.92
992000 1539.92 1485.72 1524.62 4550.26
994000 1538.4 1487.02 1527.99 4553.41
996000 1537.65 1486.77 1534.79 4559.21
998000 1543.22 1489.66 1538.32 4571.2
1000000 1549.02 1494.5 1536.58 4580.11
1002000 1552.23 1497.91 1540.02 4590.16
1004000 1555.81 1497.71 1543.06 4596.57
1006000 1560.3 1498.84 1542.88 4602.02
1008000 1562.51 1501.69 1538.87 4603.07
1010000 1564.46 1502.76 1541.4 4608.62
1012000 1566.05 1502.3 1543.06 4611.41
1014000 1569.94 1509.06 1542.49 4621.49
1016000 1572.08 1510.05 1542.58 4624.71
1018000 1573.68 1516.21 1550.34 4640.24
1020000 1576.28 1518.57 1553.11 4647.97
1022000 1579.59 1519.35 1554.45 4653.4
1024000 1577.11 1520.43 1557.27 4654.8
1026000 1582.8 1524.32 1555.64 4662.76
1028000 1581.46 1523.34 1558.18 4662.98
1030000 1583.76 1520.96 1560.54 4665.26
1032000 1584.4 1519.41 1562.95 4666.77
1034000 1586.47 1518.58 1568.06 4673.12
1036000 1589.22 1519.13 1567.23 4675.58
1038000 1586.51 1517.85 1567.35 4671.71
1040000 1593.28 1513.28 1568.61 4675.17
1042000 1589.51 1523.4 1571.06 4683.98
1044000 1595.34 1525.47 1573.81 4694.62
1046000 1596.34 1530.4 1576.71 4703.45
1048000 1595.59 1540.29 1583.01 4718.9
1050000 1599.04 1546.4 1581.6 4727.04
1052000 1599.87 1550.84 1583.47 4734.18
1054000 1607.75 1556.29 1590.59 4754.62
1056000 1618.01 1558.57 1593.69 4770.27
1058000 1620.97 1562.58 1599.14 4782.69
1060000 1619.57 1565.08 1599.03 4783.69
1062000 1625.17 1572.09 1603.17 4800.42
1064000 1623.62 1575.56 1606.82 4806
1066000 1632.87 1580.05 1607.93 4820.85
1068000 1639.91 1578.02 1613.25 4831.18
1070000 1644.87 1579.62 1616.66 4841.14
1072000 1642.8 1579.61 1618.67 4841.09
1074000 1646.65 1579.48 1626.68 4852.82
1076000 1651.57 1580.1 1627.31 4858.98
1078000 1654.85 1577.67 1630.94 4863.47
1080000 1656.65 1579.01 1633.67 4869.33
1082000 1661.41 1574.02 1638.33 4873.76
1084000 1663.38 1576.28 1639.19 4878.85
1086000 1670.65 1579.82 1642.42 4892.88
1088000 1666.9 1583.76 1641.65 4892.31
1090000 1667.14 1585.52 1640.18 4892.83
1092000 1671.17 1585.97 1634.77 4891.91
1094000 1671.34 1591.94 1643.36 4906.64
1096000 1674.82 1597.57 1642.41 4914.81
1098000 1679.9 1602.28 1646.62 4928.81
1100000 1683.55 1608.31 1657.53 4949.39
1102000 1678.74 1611.82 1661.46 4952.01
1104000 1685.23 1614.47 1661.08 4960.79
1106000 1692.86 1615.19 1659.44 4967.5
1108000 1692.59 1619.24 1666.43 4978.26
1110000 1695 1624.83 1669.43 4989.25
1112000 1697.57 1624.92 1671.25 4993.74
1114000 1699.17 1633.19 1682.25 5014.61
1116000 1697.75 1642.98 1686.26 5026.98
1118000 1699.35 1649.29 1687.59 5036.23
1120000 1709.79 1647.23 1686.06 5043.08
1122000 1713.03 1651.08 1693.9 5058
1124000 1720.72 1654.42 1700.01 5075.14
1126000 1726.95 1656.95 1695.98 5079.88
1128000 1732.01 1651.87 1695.08 5078.96
1130000 1742.78 1654.13 1701.51 5098.42
1132000 1744.77 1651.24 1710.37 5106.38
1134000 1752.27 1659.82 1717.46 5129.54
1136000 1761.28 1666.85 1716.89 5145.02
1138000 1767.99 1674.41 1718.69 5161.09
1140000 1775.37 1678.77 1718 5172.14
1142000 1772.12 1680.38 1728.73 5181.23
1144000 1780.3 1685.72 1733.82 5199.84
1146000 1778.81 1695.89 1736.23 5210.93
1148000 1779.96 1699.43 1746.23 5225.62
1150000 1783.43 1702.84 1747.66 5233.93
1152000 1785 1710.63 1750.63 5246.25
1154000 1790.46 1710.2 1752.22 5252.88
1156000 1796.82 1712.96 1748.33 5258.12
1158000 1797.99 1709.38 1747.4 5254.77
1160000 1799.96 1723.57 1752.06 5275.59
1162000 1802.03 1730.44 1752.3 5284.77
1164000 1802.57 1730.15 1760.1 5292.82
1166000 1806.96 1730.67 1766.05 5303.67
1168000 1811.12 1733.84 1770.93 5315.89
1170000 1808.77 1738.89 1774.52 5322.18
1172000 1813.03 1748.56 1779.52 5341.11
1174000 1808.89 1745.7 1778.73 5333.32
1176000 1813.31 1751.77 1784.61 5349.69
1178000 1817.07 1757.78 1782.97 5357.82
1180000 1818.59 1757.19 1785.05 5360.82
1182000 1825.06 1763.82 1786.2 5375.09
1184000 1831.76 1769.51 1783.13 5384.39
1186000 1832.96 1775.56 1781.2 5389.72
1188000 1834.31 1776.25 1781.03 5391.58
1190000 1842.1 1773.97 1786.88 5402.96
1192000 1851.44 1777.49 1791.48 5420.41
1194000 1851.79 1782.34 1789.05 5423.18
1196000 1853.52 1787.44 1792.48 5433.44
1198000 1846.53 1788.48 1792.49 5427.51
1200000 1850.88 1785.32 1793.93 5430.13
1202000 1858.13 1790.17 1788.23 5436.53
1204000 1862.09 1796.95 1793.79 5452.83
1206000 1866.12 1798.14 1794.12 5458.39
1208000 1871.29 1804.12 1792.73 5468.14
1210000 1871.54 1810.14 1789.76 5471.43
1212000 1877.59 1809.87 1793.12 5480.58
1214000 1889.25 1815.06 1796.4 5500.71
1216000 1891.64 1813.79 1791.85 5497.29
1218000 1891.11 1812.7 1792.58 5496.39
1220000 1896.51 1814.53 1802.36 5513.39
1222000 1895.21 1818.16 1804.26 5517.63
1224000 1898.38 1821.65 1803.1 5523.13
1226000 1901.52 1828.72 1800.36 5530.6
1228000 1907.53 1835.92 1799.23 5542.69
1230000 1907.27 1836.5 1803.6 5547.37
1232000 1906.6 1835.03 1799.35 5540.98
1234000 1908.4 1842.55 1799.37 5550.32
1236000 1913.41 1845.2 1798 5556.62
1238000 1910.06 1847.57 1804.88 5562.5
1240000 1904.56 1854.89 1811.55 5571
1242000 1909.63 1854.46 1819.08 5583.17
1244000 1913.18 1859.61 1830.67 5603.46
1246000 1917.78 1867.83 1835.18 5620.79
1248000 1915.98 1868.08 1830.89 5614.96
1250000 1920.36 1871.03 1837.76 5629.14
1252000 1927.65 1870.48 1840.13 5638.25
1254000 1932.43 1871.94 1837.66 5642.03
1256000 1938.06 1875.61 1842.04 5655.71
1258000 1943.35 1877.34 1840.53 5661.22
1260000 1953.74 1878.2 1838.01 5669.95
1262000 1964.51 1883.53 1843.08 5691.13
1264000 1975.84 1881.34 1843.35 5700.53
1266000 1982.59 1879 1853.65 5715.24
1268000 1985.18 1883.96 1857.08 5726.22
1270000 1979.57 1881.73 1857.7 5719.01
1272000 1981.39 1891.5 1859.64 5732.54
1274000 1985.52 1893.53 1863.68 5742.73
1276000 1988.83 1894.42 1869.37 5752.62
1278000 1994.62 1894.04 1878.33 5767
1280000 1997.15 1894.37 1880.18 5771.7
1282000 2001.36 1900.23 1886.46 5788.05
1284000 2007.71 1906.11 1887.37 5801.18
1286000 2002.73 1907.22 1886.39 5796.34
1288000 2004.62 1908.5 1890.36 5803.48
1290000 2005.5 1912.6 1892.96 5811.06
1292000 2008.03 1917.26 1894.17 5819.46
1294000 2013.85 1925.55 1894.97 5834.36
1296000 2011.88 1928.46 1900.11 5840.45
1298000 2007.56 1931.22 1902.08 5840.86
1300000 2007.65 1936.3 1903.98 5847.93
1302000 2017.14 1948.38 1905.85 5871.36
1304000 2013.13 1956.46 1907.01 5876.6
1306000 2023.15 1965.05 1905.1 5893.29
1308000 2022.13 1966.01 1907.12 5895.26
1310000 2025.53 1964.83 1907.78 5898.13
1312000 2030.73 1969.37 1909.16 5909.25
1314000 2042.05 1967.96 1910.42 5920.43
1316000 2052.45 1977.47 1907.76 5937.68
1318000 2055.51 1981.01 1906.41 5942.93
1320000 2056.26 1974.64 1912.87 5943.76
1322000 2062.37 1974.66 1916.9 5953.94
1324000 2064.41 1974.2 1915.93 5954.54
1326000 2067.86 1974.6 1920.69 5963.15
1328000 2068.11 1981.38 1922.49 5971.98
1330000 2063.94 1976.25 1928.56 5968.75
1332000 2068.35 1979.37 1919.89 5967.61
1334000 2072.09 1986.88 1922.51 5981.49
1336000 2073.4 1990.29 1921.76 5985.45
1338000 2075.47 1990.57 1927.89 5993.94
1340000 2076.18 1992.13 1936.73 6005.04
1342000 2082.24 1992.4 1933.98 6008.61
1344000 2083.76 1992.18 1934.13 6010.07
1346000 2083.91 1991.63 1935.46 6011
1348000 2084.97 1992.86 1942.9 6020.73
1350000 2093.45 1996.83 1944.99 6035.27
1352000 2097.33 1996.72 1949.85 6043.9
1354000 2096.28 1994.65 1956.12 6047.05
1356000 2098.22 1990.91 1960.61 6049.74
1358000 2099.94 1999.89 1963.61 6063.44
1360000 2103.33 2001.08 1966.6 6071.01
1362000 2102.61 2001.25 1965.96 6069.82
1364000 2110.37 2010.44 1968.63 6089.45
1366000 2114.19 2011.43 1967.09 6092.71
1368000 2110.37 2013.71 1968.85 6092.94
1370000 2117.99 2016.84 1973.21 6108.04
1372000 2122.02 2021.13 1979.37 6122.52
1374000 2126.8 2026.42 1986.01 6139.22
1376000 2134.94 2025.76 1991.48 6152.18
1378000 2137.18 2027.5 1997.93 6162.61
1380000 2140.04 2027.5 2000.14 6167.67
1382000 2141.52 2022.3 1999.86 6163.69
1384000 2148.44 2028.59 2001.69 6178.72
1386000 2153.49 2031.86 2003.84 6189.2
1388000 2150.5 2040.85 2005.45 6196.81
1390000 2159.31 2045.29 2012.41 6217
1392000 2159.74 2044.96 2011.67 6216.37
1394000 2163.38 2049.47 2012.18 6225.03
1396000 2175.26 2055.55 2021.33 6252.14
1398000 2179.88 2052.9 2019.6 6252.38
1400000 2182.76 2055.4 2026.11 6264.27
1402000 2186.34 2059.53 2030.77 6276.63
1404000 2186.77 2057.65 2035.36 6279.79
1406000 2189.06 2054.86 2036.95 6280.88
1408000 2187.62 2054.11 2036.18 6277.91
1410000 2184.6 2059.43 2039.36 6283.39
1412000 2189.79 2059.94 2043.17 6292.9
1414000 2192.46 2063.69 2046.77 6302.92
1416000 2199.08 2061.03 2050.1 6310.21
1418000 2202.56 2063.65 2056.26 6322.47
1420000 2198.71 2072.78 2061.51 6333
1422000 2200.05 2078.65 2059.52 6338.22
1424000 2198.09 2082.01 2067.7 6347.8
1426000 2216.79 2085.42 2070.03 6372.23
1428000 2211.09 2084.5 2069.77 6365.36
1430000 2211.68 2079.9 2074.49 6366.08
1432000 2217.94 2086.14 2073.02 6377.09
1434000 2220.21 2086.64 2073 6379.85
1436000 2221.69 2089.76 2078.72 6390.17
1438000 2224.42 2091.38 2078.13 6393.93
1440000 2232.3 2095.43 2085.24 6412.97
1442000 2232.89 2105.87 2088.66 6427.42
1444000 2235.25 2107.83 2089.28 6432.37
1446000 2242.32 2113.02 2093.61 6448.94
1448000 2238.64 2124.01 2095.14 6457.78
1450000 2242.3 2133.25 2097.29 6472.84
1452000 2243.65 2139.02 2096.36 6479.03
1454000 2248.59 2140.11 2105.38 6494.08
1456000 2254.04 2142.16 2113.17 6509.37
1458000 2254.71 2145.3 2122.7 6522.71
1460000 2256.34 2144.46 2127.12 6527.93
1462000 2255.54 2150.56 2128.81 6534.91
1464000 2264.57 2157.21 2126.35 6548.13
1466000 2264.38 2163.39 2123.17 6550.94
1468000 2263.21 2161.13 2125.57 6549.91
1470000 2268.19 2164.8 2122.55 6555.54
1472000 2265.13 2170.52 2134.66 6570.31
1474000 2262.53 2186.58 2138.65 6587.77
1476000 2267.06 2190.24 2147.24 6604.54
1478000 2270.21 2191.28 2151.64 6613.13
1480000 2271.42 2188.53 2160.09 6620.03
1482000 2276.86 2190.92 2162.63 6630.41
1484000 2278.74 2195.38 2166.58 6640.7
1486000 2280.45 2197.99 2167.57 6646
1488000 2285.13 2199.38 2177.01 6661.52
1490000 2296.16 2204.25 2180.08 6680.49
1492000 2305.07 2204.95 2189.5 6699.51
1494000 2310.4 2209.29 2189.38 6709.08
1496000 2311.63 2223.25 2188.72 6723.61
1498000 2311 2217.21 2196.6 6724.81
1500000 2313.85 2216.81 2204.32 6734.98
1502000 2325.21 2216.78 2205.29 6747.27
1504000 2328.69 2222.39 2209.33 6760.4
1506000 2330.82 2224.3 2215.65 6770.76
1508000 2333.17 2221.22 2225.85 6780.24
1510000 2335.95 2220.45 2227.57 6783.97
1512000 2334.75 2228.9 2230.31 6793.95
1514000 2334.71 2234.15 2230.87 6799.73
1516000 2337.55 2230.97 2233.09 6801.61
1518000 2345.47 2233.7 2230.56 6809.74
1520000 2345.92 2236.22 2228.34 6810.48
1522000 2349.05 2244.61 2227.85 6821.51
1524000 2353.86 2249.34 2227.16 6830.37
1526000 2356.97 2255.32 2230.08 6842.37
1528000 2359.7 2262.84 2221.13 6843.67
1530000 2364.47 2258.28 2226.72 6849.46
1532000 2360.07 2260.38 2229.62 6850.07
1534000 2364.54 2263.96 2235.65 6864.15
1536000 2365.65 2268.85 2237.01 6871.51
1538000 2366.55 2263.92 2245.11 6875.59
1540000 2370.12 2263.04 2246.82 6879.98
1542000 2371.59 2272.32 2249.02 6892.92
1544000 2371.39 2278.42 2257.4 6907.21
1546000 2370.91 2281.67 2254.6 6907.18
1548000 2376.14 2283.11 2254.22 6913.46
1550000 2373.46 2290.38 2261.34 6925.18
1552000 2376.65 2295.74 2262.58 6934.97
1554000 2382.39 2289.88 2267.22 6939.49
1556000 2381.72 2295.26 2273.9 6950.88
1558000 2388.57 2296.56 2277.87 6962.99
1560000 2393.85 2298.24 2283.5 6975.59
1562000 2396.38 2296.9 2282.29 6975.57
1564000 2389.41 2307.97 2287.58 6984.96
1566000 2388.23 2309.45 2284.31 6982
1568000 2389.55 2310.68 2277.89 6978.12
1570000 2394.31 2310.55 2274.5 6979.36
1572000 2399.35 2308.69 2276.56 6984.59
1574000 2398.99 2316.29 2285.54 7000.82
1576000 2403.58 2318.9 2284.14 7006.61
1578000 2399.49 2328.76 2289.19 7017.44
1580000 2396.1 2332.61 2289.89 7018.61
1582000 2402.25 2337.52 2295.31 7035.09
1584000 2403.29 2337.14 2298.36 7038.79
1586000 2402.8 2339.29 2309 7051.09
1588000 2406.2 2335.74 2308.66 7050.6
1590000 2415.64 2339.21 2314.55 7069.41
1592000 2409.04 2344.95 2315 7069
1594000 2412.83 2344.54 2316.38 7073.74
1596000 2418.34 2344.46 2319.38 7082.18
1598000 2419.39 2347.82 2324.93 7092.14
1600000 2420.34 2346.83 2327.78 7094.95
1602000 2421.63 2358.11 2335.01 7114.75
1604000 2427.95 2366.32 2340.13 7134.4
1606000 2436.11 2358.38 2351.18 7145.67
1608000 2434.6 2363.54 2355.47 7153.61
1610000 2440.19 2372.57 2363.41 7176.18
1612000 2443.09 2382.78 2364.45 7190.33
1614000 2437.01 2386.69 2368.1 7191.8
1616000 2430.35 2377.68 2374.52 7182.55
1618000 2430.59 2382.48 2379.91 7192.98
1620000 2429.76 2391.19 2378.91 7199.87
1622000 2423.9 2400.33 2389.62 7213.84
1624000 2428.27 2408.74 2392.07 7229.08
1626000 2429.41 2410.08 2395.72 7235.21
1628000 2441.06 2412.58 2399.97 7253.61
1630000 2452.57 2408.64 2402.35 7263.55
1632000 2460.15 2413.03 2406.01 7279.2
1634000 2462.92 2417.69 2412.6 7293.21
1636000 2466.01 2418.46 2414.21 7298.69
1638000 2469.48 2413.69 2418.68 7301.84
1640000 2465.86 2415.17 2423.73 7304.76
1642000 2465.17 2418.43 2429.53 7313.13
1644000 2459.17 2419.51 2431.33 7310.01
1646000 2461.2 2421.65 2429.58 7312.43
1648000 2465.16 2425.27 2433.46 7323.88
1650000 2458.77 2421.17 2431.46 7311.4
1652000 2457.78 2427.23 2432.04 7317.05
1654000 2456.75 2429.67 2434.64 7321.06
1656000 2462.99 2433 2436.83 7332.82
1658000 2464.06 2440.9 2443.79 7348.75
1660000 2461.21 2451.56 2445.51 7358.29
1662000 2463.51 2458.26 2448 7369.77
1664000 2462.68 2450.35 2448.12 7361.15
1666000 2470 2449.32 2446.09 7365.4
1668000 2473.53 2451.09 2453.25 7377.87
1670000 2473.84 2447.96 2455.44 7377.24
1672000 2484.69 2452.37 2462.23 7399.29
1674000 2488.77 2458.31 2464.83 7411.91
1676000 2494.18 2468.68 2465.67 7428.53
1678000 2500.24 2469.95 2473.86 7444.05
1680000 2500.98 2470.62 2479.3 7450.9
1682000 2504.01 2471.46 2485.95 7461.41
1684000 2511.79 2471.86 2491.85 7475.5
1686000 2521.17 2481.01 2500.37 7502.54
1688000 2520.03 2492.65 2500.69 7513.37
1690000 2526.12 2496.67 2499.62 7522.4
1692000 2526.78 2505.25 2503.94 7535.98
1694000 2533.58 2510.96 2507.95 7552.49
1696000 2531.46 2510.78 2510.17 7552.42
1698000 2540.26 2517.34 2518.2 7575.79
1700000 2548.16 2511.78 2522.13 7582.08
1702000 2547.22 2517.02 2528.93 7593.17
1704000 2559.93 2518.17 2535.91 7614.02
1706000 2569.4 2523.63 2541.73 7634.75
1708000 2568.61 2519.75 2538.62 7626.97
1710000 2565.29 2519.8 2544.43 7629.51
1712000 2563.35 2528.1 2553.32 7644.77
1714000 2564.34 2528.8 2559.65 7652.8
1716000 2572.86 2537.55 2556.39 7666.79
1718000 2580.41 2541.31 2562.6 7684.32
1720000 2585.91 2546.55 2567.5 7699.96
1722000 2582.46 2549.24 2575.91 7707.6
1724000 2582.85 2554.97 2576.47 7714.29
1726000 2574.57 2559.84 2583.66 7718.07
1728000 2575.76 2570.19 2589.72 7735.67
1730000 2579.3 2577.67 2592.33 7749.31
1732000 2586.81 2574.45 2601.42 7762.67
1734000 2589.46 2579.76 2605.73 7774.95
1736000 2598.91 2581.75 2605.32 7785.98
1738000 2607.84 2588.4 2603.43 7799.67
1740000 2609.26 2591.98 2606.58 7807.83
1742000 2604.02 2588.2 2612.69 7804.91
1744000 2611.26 2594.65 2621.07 7826.98
1746000 2617.67 2597.85 2622.54 7838.06
1748000 2624.03 2598.64 2625.98 7848.65
1750000 2630.05 2596.8 2631.93 7858.78
1752000 2639.43 2595.15 2635.9 7870.49
1754000 2639.08 2599.89 2644.74 7883.71
1756000 2643.53 2609.49 2650.01 7903.02
1758000 2646.94 2608.36 2649.36 7904.66
1760000 2651.97 2613.76 2657.59 7923.33
1762000 2651.59 2620.36 2662.57 7934.51
1764000 2662.93 2627.52 2667.91 7958.37
1766000 2667.78 2632.72 2676.6 7977.1
1768000 2670.93 2636.33 2679.28 7986.54
1770000 2671.4 2642.27 2680.04 7993.71
1772000 2680.92 2640.9 2680.29 8002.11
1774000 2688.1 2645.16 2685.54 8018.8
1776000 2695.71 2648.72 2686.06 8030.49
1778000 2692.42 2648.65 2692.37 8033.44
1780000 2697.38 2654.94 2696.27 8048.59
1782000 2693.19 2654.1 2702.17 8049.46
1784000 2693.63 2665.67 2702.34 8061.64
1786000 2696.39 2667.29 2700.23 8063.92
1788000 2695.19 2670.08 2694.27 8059.54
1790000 2697.59 2667.93 2697.22 8062.75
1792000 2697.23 2667.51 2699.82 8064.56
1794000 2696.33 2674.28 2707.71 8078.31
1796000 2699.64 2682.58 2711.67 8093.89
1798000 2702.08 2686.21 2714.55 8102.84
1800000 2702.5 2685.77 2719.18 8107.44
1802000 2706.94 2682.1 2722.36 8111.4
1804000 2707.15 2696.02 2734.42 8137.6
1806000 2710.6 2702.71 2742.67 8155.98
1808000 2714.93 2706.13 2742.64 8163.71
1810000 2717.2 2704.39 2747.47 8169.06
1812000 2721.28 2712.96 2740.72 8174.97
1814000 2721.44 2714.02 2740.05 8175.51
1816000 2724.43 2718.19 2737.1 8179.73
1818000 2728.23 2718.05 2730.43 8176.71
1820000 2734.64 2721.62 2736.88 8193.14
1822000 2739.41 2720.32 2735.57 8195.3
1824000 2745.16 2723.98 2738.32 8207.46
1826000 2757.65 2724.12 2741.71 8223.48
1828000 2752.77 2725.48 2750.83 8229.07
1830000 2756.79 2731.1 2749.29 8237.18
1832000 2757.48 2748.63 2758.22 8264.33
1834000 2756.74 2753.13 2760.92 8270.79
1836000 2751.42 2766.48 2767.75 8285.65
1838000 2752.84 2771.07 2763.71 8287.62
1840000 2756.73 2772.09 2760.47 8289.29
1842000 2758.39 2778.45 2766.91 8303.75
1844000 2757.45 2783.29 2768.45 8309.19
1846000 2757.48 2790.8 2769.91 8318.2
1848000 2766.01 2795.58 2770.51 8332.11
1850000 2769.71 2798.46 2774.88 8343.05
1852000 2774.24 2801.66 2774.27 8350.17
1854000 2779.64 2811.4 2771.24 8362.27
1856000 2772.97 2812.41 2772.81 8358.19
1858000 2772.31 2810.71 2769.65 8352.67
1860000 2773.43 2815.76 2764.68 8353.86
1862000 2776.58 2825.5 2776.06 8378.14
1864000 2781.62 2825.21 2772.5 8379.33
1866000 2782.54 2829.03 2770.31 8381.88
1868000 2785.64 2826.82 2779.21 8391.66
1870000 2784.67 2827.49 2783.04 8395.21
1872000 2785.86 2830.55 2780.12 8396.53
1874000 2786.33 2834.37 2777.82 8398.51
1876000 2790.53 2835.88 2789.22 8415.63
1878000 2792.48 2847.68 2790.93 8431.09
1880000 2801.72 2844.25 2795.04 8441.01
1882000 2812.52 2848.21 2796.73 8457.46
1884000 2806.11 2855.3 2808.64 8470.05
1886000 2808.78 2851.05 2812.11 8471.95
1888000 2812.43 2853.33 2817.87 8483.63
1890000 2816.19 2850.17 2819.06 8485.42
1892000 2820.02 2851.63 2822.44 8494.09
1894000 2832.94 2849.06 2828.68 8510.69
1896000 2833.41 2853.92 2834.02 8521.35
1898000 2833.64 2849.13 2838.38 8521.15
1900000 2833.87 2854.04 2844 8531.91
1902000 2832.3 2855.29 2847.93 8535.52
1904000 2836.36 2857.88 2848.18 8542.42
1906000 2842.97 2867.86 2850.42 8561.25
1908000 2836.47 2873.73 2856.15 8566.36
1910000 2839.12 2879.29 2859.44 8577.85
1912000 2841.45 2898.51 2863.48 8603.44
1914000 2849.17 2891.94 2867.97 8609.07
1916000 2847.27 2899.49 2873 8619.75
1918000 2852.75 2900.47 2869.33 8622.55
1920000 2855.5 2904.94 2870.77 8631.21
1922000 2858.11 2909.56 2870.44 8638.12
1924000 2858.2 2911.89 2870.73 8640.82
1926000 2865.01 2916.65 2874.84 8656.5
1928000 2867.19 2918.37 2871.7 8657.26
1930000 2872.09 2914.13 2869.62 8655.84
1932000 2872.05 2920.62 2869.4 8662.07
1934000 2871.83 2925.97 2873.93 8671.73
1936000 2882.85 2935.96 2870.52 8689.33
1938000 2878.01 2936.21 2862.73 8676.95
1940000 2885.9 2945.48 2865.15 8696.52
1942000 2884.65 2941.86 2858.35 8684.87
1944000 2889.86 2948.19 2862.44 8700.49
1946000 2895.03 2964.89 2871.5 8731.42
1948000 2895.34 2961.67 2884.74 8741.76
1950000 2891.23 2965.41 2893.01 8749.65
1952000 2893.01 2961.11 2894.99 8749.11
1954000 2892.33 2963.4 2907.1 8762.84
1956000 2900.66 2968.65 2905.62 8774.92
1958000 2917.04 2977.15 2909.14 8803.32
1960000 2918.35 2979.02 2907.79 8805.16
1962000 2914.45 2982.11 2913.79 8810.35
1964000 2919.87 2979.37 2914.19 8813.43
1966000 2917.95 2981.16 2911.01 8810.12
1968000 2913.55 2980.59 2916.74 8810.88
1970000 2920.4 2985.63 2917.38 8823.4
1972000 2927.92 2985.93 2920.85 8834.71
1974000 2923 2991.41 2916.44 8830.85
1976000 2919.81 2996.52 2922.53 8838.86
1978000 2918.76 2998.14 2917.68 8834.59
1980000 2919.67 3001.98 2916.15 8837.8
1982000 2919.32 3006.4 2921.94 8847.65
1984000 2929.84 3014.96 2924.73 8869.53
1986000 2940.25 3018.79 2927.35 8886.4
1988000 2941.89 3014.47 2938.04 8894.4
1990000 2940.38 3015.86 2937.4 8893.64
1992000 2945.93 3029.05 2942.71 8917.69
1994000 2947 3030.61 2955.48 8933.09
1996000 2954.38 3030.91 2961.46 8946.74
1998000 2953.78 3025.07 2966.11 8944.96
2000000 2962.82 3023.84 2976.26 8962.92
