# Time-averaged data for fix savemsd
# TimeStep c_msd[1] c_msd[2] c_msd[3] c_msd[4]
0 0 0 7.23853e-30 7.23853e-30
2000 3.1787 2.80328 2.8568 8.83878
4000 6.31168 5.38702 5.81674 17.5154
6000 8.87075 7.7414 9.05333 25.6655
8000 10.9626 10.3068 11.199 32.4684
10000 14.0554 12.5661 14.3708 40.9922
12000 16.4687 14.7152 17.394 48.5779
14000 19.8331 17.3735 19.4635 56.6701
16000 23.9947 20.0503 22.4735 66.5185
18000 25.8016 22.9277 25.6392 74.3685
20000 29.4471 26.2781 27.4167 83.1419
22000 32.7438 28.6474 30.658 92.0492
24000 35.0955 30.7341 33.5623 99.3919
26000 38.2554 33.393 35.0294 106.678
28000 40.3944 34.3747 37.9549 112.724
30000 43.7572 37.9045 40.1907 121.852
32000 45.0476 40.307 42.2091 127.564
34000 47.7088 42.6369 45.5915 135.937
36000 50.306 44.4923 48.8537 143.652
38000 52.786 46.8583 51.8396 151.484
40000 56.1068 49.3648 54.496 159.968
42000 59.2382 52.8122 57.5642 169.615
44000 63.0082 55.8428 60.7427 179.594
46000 67.265 59.2427 63.8893 190.397
48000 70.1923 61.6014 65.8711 197.665
50000 73.2262 64.1958 69.3715 206.793
52000 75.643 67.7617 72.6221 216.027
54000 79.9327 69.9823 76.4398 226.355
56000 80.9521 73.0329 78.9523 232.937
58000 83.8982 74.7444 80.9894 239.632
60000 87.1799 78.6171 84.7398 250.537
62000 91.1378 80.6897 88.9065 260.734
64000 92.9567 82.5203 91.8194 267.296
66000 97.3272 85.972 94.965 278.264
68000 99.2775 90.2102 98.9816 288.469
70000 102.715 92.5601 102.314 297.589
72000 106.738 95.4778 104.71 306.926
74000 108.34 98.4059 106.917 313.663
76000 110.587 101.133 110.551 322.271
78000 113.486 103.75 114.077 331.313
80000 115.151 106.999 117.842 339.992
82000 117.102 109.786 120.505 347.393
84000 118.353 114.003 121.897 354.252
86000 120.926 118.231 126.964 366.121
88000 123.964 122.434 128.397 374.796
90000 125.788 125.72 131.975 383.482
92000 127.416 129.854 134.196 391.466
94000 132.921 132.478 135.974 401.374
96000 136.765 136.007 138.807 411.58
98000 139.967 137.545 143.281 420.793
100000 143.025 141.242 145.627 429.894
102000 146.937 143.991 148.484 439.412
104000 148.95 145.796 151.189 445.934
106000 150.881 149.367 155.113 455.361
108000 153.107 152.373 158.666 464.146
110000 155.46 154.812 161.486 471.758
112000 160.173 157.748 165.668 483.589
114000 161.73 160.943 167.856 490.529
116000 162.277 162.828 169.623 494.728
118000 164.458 165.771 173.069 503.298
120000 167.791 167.736 174.432 509.959
122000 170.711 169.869 177.567 518.147
124000 173.796 171.421 179.08 524.297
126000 174.771 173.239 182.452 530.462
128000 176.76 172.756 187.66 537.175
130000 180.154 175.546 191.201 546.901
132000 183.151 178.646 195.227 557.024
134000 186.854 179.668 197.294 563.816
136000 188.556 180.653 200.384 569.593
138000 192.284 184.321 203.645 580.251
140000 196.556 186.766 207.677 591
142000 199.246 188.953 210.733 598.932
144000 202.982 193.339 215.623 611.944
146000 206.422 195.115 218.11 619.647
148000 207.65 198.358 221.038 627.045
150000 209.922 203.785 224.563 638.269
152000 213.583 204.574 226.252 644.408
154000 217.364 206.803 227.962 652.129
156000 219.941 207.854 229.674 657.47
158000 221.883 210.726 230.973 663.582
160000 223.18 215.957 233.901 673.038
162000 224.351 220.94 235.566 680.857
164000 224.634 220.005 238.83 683.469
166000 226.128 220.598 242.009 688.735
168000 227.656 223.945 245.408 697.01
170000 230.316 226.71 247.479 704.506
172000 231.18 226.869 251.349 709.398
174000 233.593 231.6 252.597 717.79
176000 236.412 233.839 254.812 725.062
178000 237.865 237.585 257.453 732.904
180000 240.075 238.491 260.207 738.773
182000 240.726 240.858 263.671 745.255
184000 241.649 246.874 266.373 754.896
186000 243.205 248.48 268.139 759.824
188000 245.417 250.751 271.663 767.831
190000 248.093 253.062 274.882 776.037
192000 249.756 254.112 276.093 779.961
194000 251.067 256.201 280.038 787.305
196000 255 258.727 281.947 795.674
198000 256.878 262.528 284.516 803.923
200000 258.754 265.92 287.06 811.734
202000 261.884 270.126 287.963 819.973
204000 263.965 272.858 290.812 827.635
206000 266.664 273.56 294.97 835.193
208000 266.509 276.06 296.701 839.27
210000 270.766 278.342 299.226 848.333
212000 273.514 281.103 300.754 855.37
214000 275.989 285.145 304.958 866.091
216000 277.376 287.796 307.716 872.888
218000 278.769 291.737 310.457 880.962
220000 282.101 293.059 312.451 887.612
222000 286.153 297.459 315.429 899.041
224000 290.749 303.363 318.481 912.593
226000 295.08 305.871 319.608 920.559
228000 298.464 310.211 322.803 931.478
230000 298.913 312.367 324.902 936.182
232000 299.04 313.602 327.301 939.943
234000 301.45 316.351 328.375 946.176
236000 303.636 318.698 330.746 953.08
238000 305.543 321.321 335.18 962.043
240000 308.325 324.044 341.226 973.595
242000 311.201 326.89 343.671 981.762
244000 313.268 329.53 345.225 988.022
246000 316.997 330.891 345.811 993.699
248000 320.677 333.73 347.347 1001.75
250000 323.346 333.663 350.22 1007.23
252000 324.267 337.087 352.992 1014.35
254000 329.657 340.23 357.199 1027.09
256000 332.233 345.425 358.307 1035.96
258000 335.911 351.326 361.323 1048.56
260000 338.478 353.084 363.47 1055.03
262000 340.738 358.011 361.447 1060.2
264000 340.375 360.584 362.561 1063.52
266000 339.7 363.462 365.885 1069.05
268000 343.011 363.298 370.143 1076.45
270000 346.107 368.239 372.304 1086.65
272000 350.292 370.507 374.53 1095.33
274000 353.07 371.997 376.718 1101.78
276000 357.035 371.397 377.488 1105.92
278000 356.931 375.027 382.448 1114.41
280000 358.141 378.095 384.245 1120.48
282000 361.115 379.638 384.693 1125.45
284000 361.634 383.53 385.458 1130.62
286000 363.891 386.896 388.745 1139.53
288000 363.491 389.306 392.154 1144.95
290000 368.789 393.749 394.349 1156.89
292000 369.977 396.552 397.274 1163.8
294000 371.517 400.452 402.393 1174.36
296000 374.083 400.765 403.689 1178.54
298000 375.744 403.699 405.423 1184.87
300000 379.185 408.182 409.485 1196.85
302000 382.45 409.266 410.599 1202.32
304000 383.413 410.969 409.976 1204.36
306000 385.725 413.649 413.492 1212.86
308000 388.207 415.331 417.375 1220.91
310000 392.156 416.291 418.309 1226.76
312000 395.94 422.711 424.434 1243.09
314000 399.358 425.03 428.53 1252.92
316000 402.969 428.248 432.874 1264.09
318000 407.297 430.05 435.479 1272.83
320000 409.044 431.6 440.442 1281.09
322000 410.162 435.749 445.163 1291.07
324000 412.628 439.724 448.108 1300.46
326000 414.132 444.368 451.073 1309.57
328000 419.159 444.674 454.943 1318.78
330000 417.857 448.94 455.796 1322.59
332000 420.894 451.906 462.507 1335.31
334000 421.615 450.645 466.187 1338.45
336000 428.807 453.768 464.875 1347.45
338000 431.673 458.042 470.211 1359.93
340000 432.753 461.163 471.684 1365.6
342000 436.855 461.62 474.063 1372.54
344000 442.161 467.867 477.273 1387.3
346000 444.268 467.651 476.885 1388.8
348000 447.504 470.611 480.261 1398.38
350000 449.704 472.213 482.824 1404.74
352000 452.43 477.357 486.245 1416.03
354000 455.993 480.191 490.667 1426.85
356000 458.121 484.754 494.774 1437.65
358000 460.579 484.872 495.755 1441.21
360000 461.618 489.358 498.927 1449.9
362000 466.486 492.759 500.855 1460.1
364000 468.283 496.81 506.208 1471.3
366000 473.083 503.339 506.426 1482.85
368000 475.971 505.093 512.14 1493.2
370000 480.326 506.114 512.356 1498.8
372000 485.371 505.607 515.099 1506.08
374000 489.151 509.274 518.605 1517.03
376000 489.169 512.781 521.04 1522.99
378000 492.473 513.322 524.708 1530.5
380000 495.872 516.914 528.697 1541.48
382000 496.844 521.37 531.996 1550.21
384000 501.099 523.907 533.153 1558.16
386000 506.605 529.277 536.837 1572.72
388000 508.828 536.747 539.468 1585.04
390000 513.271 538.214 541.708 1593.19
392000 512.449 541.908 545.599 1599.96
394000 516.003 546.303 546.862 1609.17
396000 519.007 549.916 549.75 1618.67
398000 519.472 547.272 550.392 1617.14
400000 522.792 547.757 553.253 1623.8
402000 525.064 547.463 556.637 1629.16
404000 528.31 553.191 561.423 1642.92
406000 531.845 554.134 561.664 1647.64
408000 531.789 556.701 566.569 1655.06
410000 534.648 561.837 566.901 1663.39
412000 538.01 565.903 568.127 1672.04
414000 542.961 568.013 570.03 1681
416000 548.89 574.034 570.708 1693.63
418000 551.544 578.479 574.16 1704.18
420000 555.135 580.31 580.559 1716
422000 559.175 583.186 580.448 1722.81
424000 562.626 591.657 584.151 1738.43
426000 563.295 594.412 584.227 1741.93
428000 562.105 597.187 583.812 1743.1
430000 566.056 599.731 585.507 1751.29
432000 572.3 600.062 588.032 1760.39
434000 572.413 604.654 590.873 1767.94
436000 576.516 606.42 593.662 1776.6
438000 579.857 611.924 596.745 1788.53
440000 586.165 612.827 601.102 1800.09
442000 585.838 613.068 603.36 1802.27
444000 587.242 613.006 607.228 1807.48
446000 591.98 614.766 608.415 1815.16
448000 594.944 618.608 611.893 1825.44
450000 596.012 620.874 616.008 1832.89
452000 601.164 623.889 617.972 1843.03
454000 606.3 627.683 619.427 1853.41
456000 606.232 629.931 623.094 1859.26
458000 606.797 632.701 627.268 1866.77
460000 607.592 633.918 630.091 1871.6
462000 609.421 633.206 632.989 1875.62
464000 611.082 633.961 635.003 1880.05
466000 617.093 641.144 639.368 1897.61
468000 619.952 647.781 643.344 1911.08
470000 619.808 649.698 646.821 1916.33
472000 623.371 651.189 651.935 1926.5
474000 627.604 651.207 655.377 1934.19
476000 628.407 654.145 659.381 1941.93
478000 630.012 658.865 665.812 1954.69
480000 632.857 659.539 666.179 1958.57
482000 636.158 659.667 669.73 1965.56
484000 636.878 661.691 669.131 1967.7
486000 640.864 664.683 671.487 1977.03
488000 647.142 667.001 677.618 1991.76
490000 649.022 670.527 679.629 1999.18
492000 648.763 674.519 677.746 2001.03
494000 655.089 679.331 680.79 2015.21
496000 656.031 684.545 686.099 2026.67
498000 658.295 688.428 689.667 2036.39
500000 661.533 691.385 690.643 2043.56
502000 664.107 691.634 692.916 2048.66
504000 669.834 696.828 699.031 2065.69
506000 670.442 701.752 702.81 2075
508000 677.863 705.855 704.263 2087.98
510000 680.723 710.189 710.496 2101.41
512000 682.315 712.002 715.492 2109.81
514000 681.95 712.526 718.728 2113.2
516000 686.692 715.917 720.823 2123.43
518000 686.704 721.894 725.881 2134.48
520000 690.347 722.025 726.853 2139.22
522000 690.763 728.182 733.294 2152.24
524000 694.648 731.514 735.19 2161.35
526000 696.019 735.34 732.727 2164.09
528000 700.517 738.467 737.95 2176.93
530000 702.914 739.105 738.217 2180.24
532000 707.862 740.741 741.152 2189.75
534000 708.167 742.625 743.473 2194.27
536000 711.904 746.336 745.606 2203.85
538000 712.656 746.633 748.185 2207.47
540000 718.461 747.35 750.805 2216.62
542000 722.82 747.615 751.03 2221.47
544000 728.42 752.687 753.18 2234.29
546000 731.226 753.771 754.932 2239.93
548000 731.145 755.04 755.447 2241.63
550000 734.79 761.747 757.727 2254.26
552000 735.88 765.624 763.276 2264.78
554000 740.186 772.117 766.604 2278.91
556000 740.539 774.323 769.16 2284.02
558000 743.194 778.029 767.906 2289.13
560000 748.568 780.256 773.955 2302.78
562000 752.658 785.397 775.929 2313.98
564000 757.388 785.374 778.754 2321.52
566000 757.703 790.727 780.672 2329.1
568000 761.628 791.278 784.183 2337.09
570000 762.287 792.622 792.701 2347.61
572000 766.975 793.298 795.351 2355.62
574000 768.761 795.774 796.482 2361.02
576000 771.542 800.438 794.487 2366.47
578000 773.877 804.35 794.673 2372.9
580000 778.612 807.635 801.648 2387.9
582000 779.195 809.034 804.73 2392.96
584000 782.339 811.384 807.757 2401.48
586000 783.642 816.183 809.934 2409.76
588000 785.052 817.473 815.212 2417.74
590000 787.199 825.256 817.886 2430.34
592000 789.372 829.272 813.637 2432.28
594000 793.805 828.523 814.209 2436.54
596000 797.242 828.982 816.181 2442.4
598000 800.37 832.504 815.693 2448.57
600000 796.626 837.399 816.956 2450.98
602000 801.402 839.857 816.877 2458.14
604000 804.723 843.307 819.857 2467.89
606000 809.098 844.833 825.656 2479.59
608000 812.209 840.756 828.641 2481.61
610000 816.106 843.382 835.682 2495.17
612000 819.353 844.548 837.057 2500.96
614000 821.826 848.711 839.303 2509.84
616000 826.755 847.38 839.752 2513.89
618000 827.634 849.409 847.547 2524.59
620000 828.801 852.019 848.261 2529.08
622000 829.672 854.821 852.473 2536.97
624000 829.951 855.367 858.031 2543.35
626000 831.089 854.198 858.854 2544.14
628000 830.338 854.985 857.507 2542.83
630000 832.415 857.803 862.569 2552.79
632000 840.099 854.668 863.167 2557.93
634000 843.61 855.755 865.134 2564.5
636000 848.911 859.025 870.634 2578.57
638000 855.253 865.459 871.888 2592.6
640000 853.923 866.921 871.606 2592.45
642000 854.537 869.544 873.564 2597.64
644000 857.247 872.262 878.968 2608.48
646000 857.854 872.834 882.879 2613.57
648000 859.989 875.889 887.146 2623.02
650000 862.604 876.197 889.15 2627.95
652000 867.429 880.202 891.397 2639.03
654000 867.268 882.03 891.72 2641.02
656000 869.803 882.934 896.643 2649.38
658000 872.743 886.382 905.762 2664.89
660000 875.24 889.162 907.096 2671.5
662000 875.646 894.41 906.056 2676.11
664000 879.104 895.343 909.342 2683.79
666000 882.914 895.746 913.081 2691.74
668000 887.238 899.01 915.444 2701.69
670000 887.186 901.827 917.273 2706.29
672000 891.786 902.243 919.335 2713.36
674000 894.186 904.527 923.027 2721.74
676000 900.557 902.693 929.196 2732.45
678000 902.786 905.233 932.943 2740.96
680000 907.084 908.048 936.46 2751.59
682000 908.55 908.786 939.461 2756.8
684000 910.498 911.557 935.056 2757.11
686000 911.834 915.215 936.8 2763.85
688000 916.421 921.166 936.872 2774.46
690000 920.788 923.265 936.392 2780.45
692000 923.03 926.705 942.419 2792.15
694000 927.685 931.697 944.982 2804.36
696000 928.337 931.471 950.282 2810.09
698000 932.028 938.536 953.415 2823.98
700000 933.023 945.578 959.431 2838.03
702000 938.295 948.582 960.746 2847.62
704000 941.964 953.118 967.937 2863.02
706000 944.172 957.294 973.721 2875.19
708000 943.902 962.656 978.862 2885.42
710000 942.871 959.242 979.949 2882.06
712000 940.767 959.476 981.067 2881.31
714000 944.5 963.802 979.738 2888.04
716000 947.239 962.615 983.299 2893.15
718000 949.453 963.272 980.897 2893.62
720000 948.626 965.6 983.934 2898.16
722000 943.796 967.137 982.425 2893.36
724000 948.51 967.453 988.861 2904.82
726000 947.57 975.216 988.739 2911.53
728000 947.752 975.563 991.807 2915.12
730000 953.415 978.93 993.586 2925.93
732000 953.07 982.901 996.573 2932.54
734000 952.533 984.478 999.725 2936.74
736000 957.609 987.439 996.626 2941.67
738000 961.03 990.65 1002.08 2953.76
740000 964.418 993.944 1003.21 2961.57
742000 963.412 993.935 1005.63 2962.98
744000 962.213 999.769 1011.88 2973.87
746000 962.581 1002.85 1017.96 2983.39
748000 966.594 1000.55 1020.18 2987.33
750000 969.445 1001.43 1021.01 2991.88
752000 972.448 1005.85 1021.44 2999.73
754000 974.984 1005.36 1030.03 3010.37
756000 982.314 1010.17 1029.13 3021.61
758000 987.074 1015.52 1036.64 3039.23
760000 993.6 1019.67 1041.73 3055
762000 990.09 1023.93 1047.25 3061.27
764000 990.824 1028.01 1046.25 3065.08
766000 995.467 1034.48 1048.46 3078.41
768000 995.176 1042.77 1052.32 3090.27
770000 996.845 1045.93 1055.25 3098.03
772000 999.562 1046.93 1057.25 3103.74
774000 1004.25 1049.11 1064.63 3117.99
776000 1009.01 1058.17 1069.44 3136.63
778000 1008.87 1061.93 1067.68 3138.48
780000 1011.95 1064.6 1070.75 3147.31
782000 1015.91 1071.75 1077.46 3165.13
784000 1016.2 1072.33 1082.59 3171.13
786000 1019.22 1073.34 1079.78 3172.34
788000 1019.15 1070.27 1079.94 3169.36
790000 1022.31 1074.94 1079.71 3176.96
792000 1023.71 1076.08 1079.47 3179.27
794000 1029.81 1077.32 1082.07 3189.2
796000 1030.7 1080.52 1086.31 3197.53
798000 1034.78 1081.31 1083.78 3199.86
800000 1038.95 1085.7 1086.39 3211.05
802000 1034.77 1091.15 1093.31 3219.23
804000 1035.1 1090.54 1097.8 3223.43
806000 1039.37 1100.62 1100.23 3240.22
808000 1039.17 1101.27 1102.92 3243.36
810000 1041.39 1101.87 1104.9 3248.16
812000 1043.62 1105.68 1107.75 3257.06
814000 1048.15 1106.53 1106.11 3260.8
816000 1050.58 1115.78 1107.18 3273.54
818000 1051.47 1117.86 1107.83 3277.16
820000 1055.05 1122.13 1112.61 3289.78
822000 1055.54 1126.54 1111.59 3293.67
824000 1054.62 1131.27 1118.57 3304.47
826000 1057.98 1135.36 1122.38 3315.73
828000 1063.24 1141.7 1127.66 3332.6
830000 1064.7 1139.39 1127.92 3332.01
832000 1066.53 1144.83 1129.15 3340.51
834000 1066.41 1150.43 1126.25 3343.08
836000 1065.58 1147.34 1133.57 3346.49
838000 1068.67 1150.3 1142.29 3361.26
840000 1071.92 1154.03 1145.06 3371.02
842000 1072.1 1159.4 1151.14 3382.63
844000 1072 1163.17 1157.9 3393.07
846000 1069.94 1163.02 1158.24 3391.21
848000 1074.79 1167.89 1164.4 3407.09
850000 1077.15 1175.79 1172.18 3425.12
852000 1079.75 1177.45 1170.57 3427.77
854000 1078.43 1181.91 1175.29 3435.63
856000 1081.27 1190.75 1179.29 3451.31
858000 1082.63 1195.05 1182.83 3460.51
860000 1086.42 1199.92 1189.73 3476.07
862000 1087.05 1200.36 1191.5 3478.91
864000 1086.93 1202.15 1194.16 3483.25
866000 1086.49 1209 1201.23 3496.73
868000 1085.78 1211.26 1201.81 3498.85
870000 1092.54 1214.61 1201.32 3508.47
872000 1093.8 1217.23 1201.64 3512.68
874000 1095.4 1223.35 1202.48 3521.23
876000 1097.44 1229.27 1205.12 3531.83
878000 1100.78 1229.38 1208.57 3538.73
880000 1105.84 1231.3 1208.65 3545.79
882000 1108.7 1234.91 1212.17 3555.78
884000 1107.3 1241.69 1216.19 3565.18
886000 1106.83 1242.96 1219.34 3569.14
888000 1105.4 1248.66 1221.96 3576.02
890000 1105.63 1251.06 1226.48 3583.16
892000 1107.08 1255.82 1225.64 3588.54
894000 1109.24 1261.2 1231.01 3601.46
896000 1112.41 1265.4 1233.81 3611.62
898000 1119.32 1261.04 1239.87 3620.24
900000 1124.33 1263.49 1245.04 3632.86
902000 1127.2 1268.81 1246.75 3642.76
904000 1124.3 1268.24 1242.03 3634.57
906000 1126.6 1271.63 1247.2 3645.43
908000 1130.94 1273.54 1248.47 3652.95
910000 1129.69 1278.33 1249.54 3657.56
912000 1128.02 1281.78 1253.35 3663.15
914000 1132.48 1279.49 1257.79 3669.76
916000 1132.89 1278.67 1262.78 3674.34
918000 1142.27 1281.18 1262.18 3685.64
920000 1150.54 1283.31 1261.77 3695.62
922000 1156.14 1285.01 1265.38 3706.53
924000 1162.16 1291.59 1267.38 3721.13
926000 1168.55 1294.09 1272.86 3735.5
928000 1177.1 1298.81 1279.15 3755.05
930000 1175.23 1307.24 1279.52 3761.99
932000 1177.24 1311.31 1283.91 3772.47
934000 1186.04 1317.39 1283.41 3786.85
936000 1186.37 1320.62 1283.82 3790.81
938000 1190.96 1317.1 1284.08 3792.14
940000 1196.42 1320.89 1289.22 3806.53
942000 1200.79 1318.31 1286.14 3805.25
944000 1200 1318.75 1281.68 3800.43
946000 1206.4 1316.17 1283.92 3806.49
948000 1209.64 1315.97 1290.84 3816.45
950000 1213.22 1319.85 1292.49 3825.56
952000 1217.08 1324.07 1298.07 3839.22
954000 1218.01 1326.2 1300.32 3844.53
956000 1218.56 1331.56 1298.61 3848.74
958000 1223.83 1335.45 1304.01 3863.29
960000 1224.33 1333.05 1306.34 3863.72
962000 1225.43 1336.14 1308.19 3869.76
964000 1234.73 1339.91 1309.73 3884.37
966000 1240.64 1342.24 1308.75 3891.62
968000 1244.86 1345.21 1312.95 3903.02
970000 1249.56 1350.44 1314.43 3914.43
972000 1253.1 1354.39 1320.7 3928.19
974000 1260.22 1353.24 1323.42 3936.88
976000 1261.64 1356.1 1326.31 3944.05
978000 1265.35 1359.69 1329.94 3954.98
980000 1271.38 1363.17 1331.52 3966.07
982000 1273.85 1363.99 1335.49 3973.34
984000 1276.68 1364.15 1335.26 3976.08
986000 1282.09 1370.89 1334.28 3987.25
988000 1282.57 1372.32 1340.04 3994.94
990000 1279.86 1370.06 1348.46 3998.38
992000 1281.74 1372.73 1351.3 4005.78
994000 1287.84 1371.98 1358.78 4018.6
996000 1290.33 1377.31 1364.51 4032.14
998000 1293.05 1384.92 1362.92 4040.89
1000000 1299.9 1386.89 1364.42 4051.21
1002000 1301.54 1389.71 1362.41 4053.66
1004000 1302.34 1390.3 1364.3 4056.94
1006000 1301.97 1391.33 1365.22 4058.52
1008000 1308.84 1397.32 1365.74 4071.9
1010000 1311.4 1398.8 1367.74 4077.94
1012000 1311.94 1401.23 1371.57 4084.73
1014000 1315.98 1404.12 1368.77 4088.87
1016000 1320.35 1403.7 1375.03 4099.09
1018000 1327.31 1405.22 1375.31 4107.84
1020000 1326.07 1411.64 1376.89 4114.6
1022000 1332.22 1410.42 1380.87 4123.52
1024000 1333.47 1412.63 1385.91 4132.02
1026000 1334.31 1419.97 1388.33 4142.61
1028000 1341.35 1415.15 1385.13 4141.63
1030000 1334.61 1417.63 1388.37 4140.61
1032000 1337.65 1416.76 1390.46 4144.87
1034000 1337.77 1418.81 1398.31 4154.88
1036000 1339.85 1421.3 1402.32 4163.47
1038000 1342.44 1428.93 1404.01 4175.38
1040000 1344.37 1431.26 1405.97 4181.6
1042000 1341.78 1432.76 1408.92 4183.45
1044000 1348.22 1432.58 1408.71 4189.51
1046000 1353.74 1437.12 1407.67 4198.54
1048000 1357.58 1439.47 1410.41 4207.47
1050000 1363.61 1442.96 1412.33 4218.9
1052000 1369.42 1448.27 1413.47 4231.16
1054000 1372.58 1449.32 1415.86 4237.76
1056000 1372.97 1450.04 1418.73 4241.74
1058000 1370.75 1454.42 1419.8 4244.97
1060000 1374.26 1455.4 1428.25 4257.91
1062000 1372.54 1454.75 1433.26 4260.55
1064000 1375.53 1458.93 1434.13 4268.58
1066000 1381.93 1460.75 1436.15 4278.83
1068000 1386.96 1465.03 1442.67 4294.66
1070000 1391.8 1467.85 1449.13 4308.79
1072000 1401.02 1468.69 1455.11 4324.82
1074000 1405.6 1474.96 1450.68 4331.24
1076000 1408.82 1478.08 1451.55 4338.44
1078000 1417.85 1482.31 1453.12 4353.28
1080000 1420.02 1479.84 1450.53 4350.39
1082000 1422.91 1486.03 1452.02 4360.97
1084000 1428.29 1490.19 1462.5 4380.98
1086000 1434.61 1492.51 1468.17 4395.28
1088000 1433.15 1494.96 1476.44 4404.55
1090000 1436.98 1499.89 1476.48 4413.34
1092000 1438.35 1500.21 1476.74 4415.31
1094000 1442.28 1503.33 1477.7 4423.31
1096000 1443.07 1502.02 1484.35 4429.43
1098000 1451.41 1504.19 1484.6 4440.2
1100000 1451.3 1511.96 1487.28 4450.54
1102000 1453.51 1515.55 1490.45 4459.5
1104000 1450.34 1515.77 1495.14 4461.25
1106000 1453.06 1523.14 1503.48 4479.68
1108000 1456.94 1523.24 1505.32 4485.5
1110000 1456.47 1521.43 1511.18 4489.08
1112000 1460.49 1524.13 1515.31 4499.93
1114000 1462.08 1525.25 1514.39 4501.72
1116000 1456.64 1522.57 1517.89 4497.11
1118000 1457.01 1521.37 1524.93 4503.31
1120000 1457.47 1528.53 1532.84 4518.85
1122000 1458.42 1534.38 1535.1 4527.9
1124000 1461.45 1539.03 1542.14 4542.62
1126000 1467.92 1540.54 1540.81 4549.27
1128000 1470.88 1544.98 1545.95 4561.81
1130000 1478.46 1542.38 1543.99 4564.83
1132000 1482.47 1548.27 1545.32 4576.06
1134000 1487.77 1550.59 1547.23 4585.59
1136000 1492.69 1557.41 1548.81 4598.91
1138000 1490.9 1557.99 1545.88 4594.76
1140000 1493.62 1557.28 1549.7 4600.6
1142000 1496.71 1562.58 1555.37 4614.66
1144000 1497.23 1563.77 1553.79 4614.8
1146000 1503.44 1560.69 1556.09 4620.22
1148000 1508.99 1566.74 1557.15 4632.88
1150000 1505.28 1570.45 1557.74 4633.47
1152000 1510.92 1573.17 1563.56 4647.65
1154000 1516.28 1575.38 1567.25 4658.92
1156000 1524.78 1574.75 1570.19 4669.71
1158000 1527.13 1576.22 1577.42 4680.78
1160000 1525.16 1583 1581.33 4689.48
1162000 1526.72 1589.19 1586.13 4702.05
1164000 1532.15 1590.11 1583.81 4706.06
1166000 1535.68 1592.59 1592.82 4721.1
1168000 1540.64 1598.81 1598.13 4737.58
1170000 1543.08 1605.5 1603.56 4752.13
1172000 1545.57 1602.94 1608.73 4757.24
1174000 1552.37 1606.28 1611.21 4769.86
1176000 1553.52 1611.32 1612.58 4777.42
1178000 1551.88 1615.36 1615.46 4782.69
1180000 1553.09 1613.75 1619.69 4786.53
1182000 1554.27 1616.41 1622.86 4793.54
1184000 1555.45 1614.89 1627.1 4797.44
1186000 1556.86 1612.62 1623.79 4793.27
1188000 1564.6 1620.64 1622.74 4807.98
1190000 1568.52 1625.5 1621.75 4815.78
1192000 1573.62 1627.62 1625.28 4826.53
1194000 1578.06 1629.91 1628.66 4836.63
1196000 1584.77 1637.13 1629.07 4850.97
1198000 1585.64 1646.57 1633.4 4865.61
1200000 1590.48 1650.24 1639.71 4880.42
1202000 1595.54 1652.74 1639.56 4887.85
1204000 1600.76 1655.41 1636.26 4892.44
1206000 1605.87 1658.46 1642.61 4906.93
1208000 1609.13 1660.02 1646.01 4915.15
1210000 1611.98 1663.24 1647.61 4922.83
1212000 1614.23 1663.67 1653.74 4931.65
1214000 1613.86 1666.25 1654.33 4934.44
1216000 1619.32 1667.44 1655.81 4942.56
1218000 1618.47 1669.6 1662.89 4950.96
1220000 1625.69 1676.22 1668.77 4970.68
1222000 1631.38 1684.07 1669.41 4984.86
1224000 1636.69 1684.06 1669.93 4990.68
1226000 1635.29 1689.9 1667.6 4992.79
1228000 1637.23 1690.86 1668.49 4996.59
1230000 1640.64 1693.2 1668.77 5002.61
1232000 1640.82 1700.81 1678.37 5019.99
1234000 1647.05 1704.9 1687.18 5039.12
1236000 1648.17 1712.3 1694.53 5055.01
1238000 1649.07 1712.07 1691.53 5052.68
1240000 1651.72 1717.42 1697.51 5066.65
1242000 1652.85 1719.32 1700.39 5072.56
1244000 1665 1723.07 1697.74 5085.81
1246000 1663.85 1724.63 1705.94 5094.42
1248000 1663.14 1735.9 1709.23 5108.27
1250000 1668.09 1737.64 1710.74 5116.47
1252000 1674.78 1742.1 1713.96 5130.84
1254000 1676.32 1745.38 1711.78 5133.47
1256000 1677.59 1753.18 1714.36 5145.13
1258000 1684.71 1758.28 1716.93 5159.93
1260000 1692.22 1757.52 1721.12 5170.86
1262000 1694.94 1762.47 1721.13 5178.55
1264000 1690.92 1761.94 1722.16 5175.01
1266000 1694.84 1765.16 1724.81 5184.81
1268000 1695.41 1769.41 1725.93 5190.75
1270000 1700.37 1773.28 1725.96 5199.6
1272000 1699.25 1776.09 1729.43 5204.77
1274000 1703.38 1781.69 1731.05 5216.11
1276000 1702.64 1781.21 1727.03 5210.88
1278000 1697.7 1776.99 1732.65 5207.34
1280000 1694.43 1780.91 1733.48 5208.83
1282000 1699.71 1782.78 1736.15 5218.64
1284000 1701.62 1780.16 1745.83 5227.61
1286000 1701.27 1786.75 1744.77 5232.79
1288000 1704.13 1792.08 1741.77 5237.98
1290000 1706.49 1793.52 1744.22 5244.23
1292000 1706.86 1794.11 1747.07 5248.04
1294000 1706.28 1793.83 1754.88 5254.99
1296000 1703.9 1794.43 1759.64 5257.97
1298000 1710.57 1796.99 1756.79 5264.35
1300000 1711.91 1797.08 1756.16 5265.15
1302000 1717.45 1799.96 1760.48 5277.9
1304000 1716.02 1801.02 1763.54 5280.58
1306000 1720.71 1807.05 1764.89 5292.65
1308000 1727.16 1807.97 1767.08 5302.21
1310000 1726.69 1807.01 1766.65 5300.35
1312000 1729.23 1809.81 1770.74 5309.77
1314000 1730.81 1812.83 1777.07 5320.71
1316000 1731.05 1818.29 1780.57 5329.91
1318000 1727.41 1822.63 1775.85 5325.88
1320000 1717.68 1828.03 1779.59 5325.31
1322000 1718.15 1826.69 1784.82 5329.65
1324000 1716.08 1830.26 1788.57 5334.92
1326000 1718.5 1832.07 1784.33 5334.9
1328000 1719.3 1836.21 1782.66 5338.17
1330000 1722.75 1833.4 1785.86 5342.02
1332000 1728.62 1839.43 1795.76 5363.81
1334000 1730.47 1840.11 1801.02 5371.61
1336000 1736.02 1842.63 1801.77 5380.42
1338000 1739.04 1846.98 1801.01 5387.02
1340000 1739.82 1847.8 1804.81 5392.43
1342000 1741.67 1843 1805.76 5390.42
1344000 1746.97 1845.85 1812.78 5405.6
1346000 1749.27 1844.19 1816.78 5410.24
1348000 1753.51 1849.6 1819.75 5422.86
1350000 1753.35 1853.52 1818.91 5425.78
1352000 1757.37 1854.97 1822.43 5434.77
1354000 1755.82 1856.08 1826.42 5438.33
1356000 1760.45 1859.01 1825.95 5445.41
1358000 1758.34 1862.48 1825.42 5446.24
1360000 1761.36 1862.49 1832.1 5455.94
1362000 1762.48 1863.18 1835.85 5461.5
1364000 1765 1865.66 1835.31 5465.97
1366000 1765.86 1872.74 1838.73 5477.33
1368000 1768.22 1868.44 1840.56 5477.22
1370000 1767.75 1865.79 1837.81 5471.35
1372000 1768.73 1869.03 1843.51 5481.26
1374000 1765.71 1869.98 1844.13 5479.82
1376000 1774.61 1873.93 1853.77 5502.31
1378000 1775.66 1875.78 1855.83 5507.27
1380000 1779.54 1883.71 1858.81 5522.06
1382000 1782.76 1879.68 1863.28 5525.73
1384000 1785.84 1878.19 1872.73 5536.75
1386000 1789.71 1882.93 1870.65 5543.29
1388000 1791.38 1885.04 1872.57 5548.99
1390000 1797.19 1887.49 1871.26 5555.94
1392000 1796.7 1886.33 1876.86 5559.89
1394000 1792.92 1890.6 1884.33 5567.85
1396000 1796.9 1891.15 1886.6 5574.65
1398000 1801 1891.63 1890.27 5582.9
1400000 1800.29 1897.53 1900.46 5598.29
1402000 1802.4 1896.74 1904.18 5603.31
1404000 1805.78 1903.71 1898.45 5607.93
1406000 1807.1 1903.37 1895.37 5605.84
1408000 1813.14 1902.14 1895.1 5610.38
1410000 1817.48 1906.02 1893.75 5617.25
1412000 1814.88 1911.31 1898.48 5624.68
1414000 1815.53 1914.03 1899.67 5629.23
1416000 1814.4 1914.74 1903.45 5632.59
1418000 1812.55 1924.02 1913.64 5650.21
1420000 1814.48 1920.93 1920.65 5656.06
1422000 1817.74 1925.1 1925.45 5668.29
1424000 1817.37 1930.86 1930.49 5678.72
1426000 1818.89 1936.6 1928.84 5684.32
1428000 1825.67 1939.88 1929.27 5694.83
1430000 1827.86 1943.43 1929.27 5700.56
1432000 1830.14 1939.73 1926.77 5696.64
1434000 1835.96 1942.29 1924.7 5702.94
1436000 1837.63 1944.96 1927.71 5710.3
1438000 1844.12 1947.05 1934.11 5725.28
1440000 1852.71 1945.62 1938.85 5737.19
1442000 1852.59 1945.83 1942.39 5740.82
1444000 1857.9 1954.04 1947.59 5759.53
1446000 1854.41 1957.08 1948.56 5760.05
1448000 1865.94 1962.49 1953.47 5781.9
1450000 1867.76 1968.75 1959.35 5795.86
1452000 1872.36 1971.65 1962.5 5806.51
1454000 1871.03 1977.14 1963.7 5811.87
1456000 1875.06 1985.92 1965.96 5826.93
1458000 1883.27 1984.38 1971.44 5839.09
1460000 1889.24 1986.66 1971.57 5847.47
1462000 1891.71 1991.71 1973.56 5856.98
1464000 1898.69 1986.88 1975.87 5861.44
1466000 1908.22 1995.83 1976.38 5880.44
1468000 1907.16 1996.34 1977.79 5881.28
1470000 1912.35 1999.34 1983.6 5895.29
1472000 1913.65 1995.2 1988.14 5896.99
1474000 1912.12 2004.07 1987.54 5903.73
1476000 1915.23 2007.17 1991.79 5914.19
1478000 1918.17 2008.13 1994.38 5920.68
1480000 1920.07 2009.12 1998.05 5927.23
1482000 1924.78 2006.61 1999.08 5930.47
1484000 1934.56 2018.9 2000.75 5954.21
1486000 1935.22 2019.1 2003.41 5957.73
1488000 1943.35 2021.42 2000.59 5965.35
1490000 1949.47 2020.82 2002.25 5972.55
1492000 1945.61 2024.36 1995.9 5965.87
1494000 1955.68 2030.29 2006.19 5992.16
1496000 1956.61 2036.81 2000.35 5993.77
1498000 1962.78 2041.95 2005.85 6010.58
1500000 1960.75 2040.19 2012.81 6013.75
1502000 1960.63 2034.56 2015.29 6010.48
1504000 1964.43 2033.72 2016.46 6014.61
1506000 1966.31 2040.87 2013.5 6020.68
1508000 1975.78 2036.35 2021.44 6033.57
1510000 1976.13 2041.95 2032.67 6050.76
1512000 1972.3 2043.77 2040.11 6056.17
1514000 1975.77 2041.8 2046.23 6063.8
1516000 1975.58 2045.64 2048.35 6069.57
1518000 1974.79 2044.09 2055.3 6074.19
1520000 1974.45 2042.66 2058.29 6075.4
1522000 1977.89 2044.93 2056.59 6079.41
1524000 1974.01 2037.3 2061.35 6072.65
1526000 1978.44 2041.39 2066.99 6086.82
1528000 1976.62 2048.25 2067.01 6091.88
1530000 1982.5 2048.72 2068.24 6099.46
1532000 1986.73 2049.66 2064.73 6101.12
1534000 1985.7 2056.1 2062.1 6103.9
1536000 1993.55 2052.63 2066.53 6112.71
1538000 1994.66 2057.23 2066.13 6118.03
1540000 1991.6 2056.53 2066.74 6114.88
1542000 1988.79 2058.53 2073.83 6121.14
1544000 1991.19 2062.35 2078.43 6131.98
1546000 1994.37 2063.83 2083.27 6141.47
1548000 2004.9 2059.21 2097.18 6161.29
1550000 2003.97 2058.27 2094.29 6156.53
1552000 2004.5 2058.78 2093.28 6156.56
1554000 2008.04 2058.78 2092.34 6159.16
1556000 2013.36 2064.28 2091.46 6169.1
1558000 2013.23 2062.38 2095.34 6170.95
1560000 2012.65 2065.5 2101.08 6179.23
1562000 2017.08 2074.62 2103.41 6195.11
1564000 2016.99 2076.94 2107.59 6201.52
1566000 2022.31 2080.75 2103.13 6206.19
1568000 2028.19 2088.93 2108.33 6225.46
1570000 2036.21 2087.78 2108.72 6232.71
1572000 2034.78 2088.98 2117.88 6241.64
1574000 2034.68 2093.03 2115.91 6243.61
1576000 2033.06 2097.17 2125.73 6255.97
1578000 2037.16 2105.63 2126.64 6269.44
1580000 2042 2105.86 2123.32 6271.18
1582000 2048.35 2106.03 2124.68 6279.07
1584000 2050.97 2106.37 2120.09 6277.43
1586000 2063.43 2105.98 2121.67 6291.09
1588000 2066.54 2107.02 2125.25 6298.82
1590000 2078.62 2110.56 2122.34 6311.52
1592000 2086.88 2113.47 2130.63 6330.98
1594000 2087.83 2110.39 2132.91 6331.13
1596000 2095.84 2115.12 2131.75 6342.71
1598000 2094.99 2118.87 2128.54 6342.4
1600000 2098.82 2122.1 2130.54 6351.46
1602000 2107.38 2123.98 2127.78 6359.14
1604000 2104.14 2122.65 2130.77 6357.56
1606000 2105.07 2123.25 2132.58 6360.91
1608000 2110.48 2125.86 2139.2 6375.54
1610000 2108.39 2127.13 2144.37 6379.89
1612000 2111.77 2125.3 2145.38 6382.44
1614000 2110.12 2132.49 2155.32 6397.93
1616000 2115.02 2129.28 2162.56 6406.86
1618000 2118.86 2127.55 2162.99 6409.41
1620000 2121.77 2129.47 2163.28 6414.52
1622000 2125.14 2134.93 2160.61 6420.68
1624000 2122.28 2139.83 2166.85 6428.96
1626000 2121.58 2145.31 2170.48 6437.38
1628000 2123.86 2147.09 2173.29 6444.25
1630000 2128.5 2151.76 2175.51 6455.78
1632000 2141.76 2157.18 2177.05 6475.99
1634000 2143.61 2158.65 2176.64 6478.9
1636000 2147.52 2159.82 2177.31 6484.65
1638000 2152.08 2161.28 2184.02 6497.38
1640000 2157.91 2163.3 2182.17 6503.39
1642000 2161.22 2162.8 2184.24 6508.26
1644000 2164.98 2168.07 2188.18 6521.23
1646000 2169 2170.08 2187.11 6526.19
1648000 2172.25 2173.47 2187.15 6532.87
1650000 2174.7 2176.29 2188.45 6539.44
1652000 2177.36 2173.35 2190.77 6541.48
1654000 2174.33 2178.16 2189.64 6542.13
1656000 2174.55 2175.91 2196.95 6547.42
1658000 2183.65 2176.24 2205.47 6565.36
1660000 2192.44 2173.19 2209.21 6574.85
1662000 2197.88 2173.66 2204.91 6576.45
1664000 2195.48 2172.84 2202.06 6570.38
1666000 2195.59 2179.57 2203.78 6578.93
1668000 2206.43 2185.95 2202.23 6594.6
1670000 2200.66 2185.9 2204.97 6591.54
1672000 2200.21 2180.64 2210.58 6591.43
1674000 2194.61 2187.43 2213.95 6595.99
1676000 2196.06 2191.63 2215.37 6603.06
1678000 2201.45 2191.08 2216.29 6608.82
1680000 2207.18 2188.63 2231 6626.81
1682000 2208.92 2187.22 2236.23 6632.37
1684000 2217.11 2193.68 2230.63 6641.43
1686000 2221.21 2186.64 2232.62 6640.47
1688000 2227.15 2197.2 2241.44 6665.79
1690000 2232.71 2197.96 2237.13 6667.8
1692000 2237.63 2204.72 2236.87 6679.22
1694000 2239.1 2200.49 2240.44 6680.03
1696000 2237.3 2199.88 2245.53 6682.71
1698000 2236.46 2203.51 2253.1 6693.07
1700000 2239.05 2207.33 2250.67 6697.05
1702000 2235.8 2214.1 2250.73 6700.62
1704000 2238.63 2214.71 2252.42 6705.76
1706000 2246.74 2219.71 2255.18 6721.64
1708000 2253.25 2224.38 2256.42 6734.05
1710000 2253.86 2227.18 2262.35 6743.38
1712000 2254.89 2226.93 2260.46 6742.28
1714000 2259.01 2233.11 2261.62 6753.74
1716000 2259.02 2241.15 2265.34 6765.51
1718000 2257.29 2243.53 2266.01 6766.83
1720000 2259.02 2249.08 2275.01 6783.12
1722000 2261.38 2255.08 2276.43 6792.89
1724000 2261.75 2257.95 2271.43 6791.13
1726000 2263.45 2261.12 2276.77 6801.35
1728000 2264.47 2262.54 2274.36 6801.37
1730000 2266.55 2267.6 2280.22 6814.37
1732000 2266.81 2263.53 2280.12 6810.45
1734000 2271.09 2263.86 2286.14 6821.09
1736000 2264.89 2263.18 2294.84 6822.9
1738000 2278.12 2264.03 2294.85 6837
1740000 2282.25 2264.92 2297.21 6844.38
1742000 2287.56 2273.22 2300.15 6860.94
1744000 2292.9 2275.94 2311.4 6880.24
1746000 2299.7 2281.93 2318.33 6899.96
1748000 2301.48 2286.64 2323.14 6911.25
1750000 2303.7 2291.43 2336.86 6931.99
1752000 2303.23 2291.71 2344.18 6939.12
1754000 2306.89 2298.85 2347.3 6953.04
1756000 2301.55 2300.79 2350.8 6953.14
1758000 2305.17 2303.12 2351.79 6960.08
1760000 2304.87 2303.71 2357.33 6965.91
1762000 2307.66 2315.95 2358.91 6982.51
1764000 2307.55 2315.14 2365.77 6988.46
1766000 2311.47 2313.83 2366.84 6992.15
1768000 2306.31 2322.97 2372.96 7002.24
1770000 2307.93 2321.58 2366.45 6995.96
1772000 2317.24 2319.76 2362.7 6999.71
1774000 2318.71 2323.77 2369.12 7011.6
1776000 2320.27 2326.06 2369.79 7016.12
1778000 2316.5 2320.97 2377.01 7014.49
1780000 2323.73 2326.87 2384.43 7035.03
1782000 2325.67 2332.62 2388.44 7046.72
1784000 2330.63 2338.75 2390.38 7059.76
1786000 2333.13 2345.41 2395.57 7074.1
1788000 2336.67 2346.15 2392.09 7074.91
1790000 2335.71 2350.29 2398.79 7084.78
1792000 2343.73 2355.64 2404.39 7103.77
1794000 2343.85 2355.87 2405.76 7105.48
1796000 2347.55 2363.09 2415.58 7126.22
1798000 2342.26 2364.77 2413.16 7120.19
1800000 2346.64 2361.53 2416.52 7124.69
1802000 2350.49 2361.53 2420.12 7132.14
1804000 2352.54 2364.64 2412.26 7129.44
1806000 2349.42 2362.81 2416.9 7129.13
1808000 2341.81 2370.78 2419.06 7131.65
1810000 2344.54 2374.81 2418.77 7138.12
1812000 2350.62 2382 2421.46 7154.09
1814000 2352.92 2383.63 2421.72 7158.27
1816000 2356.11 2377.47 2422.35 7155.93
1818000 2361.14 2383.14 2421.3 7165.58
1820000 2369.05 2393.13 2421.99 7184.17
1822000 2372.02 2391.83 2422.92 7186.77
1824000 2378.16 2389.01 2425.79 7192.95
1826000 2378.44 2395.04 2427.52 7201
1828000 2386.49 2389.35 2433.52 7209.36
1830000 2397.54 2393.89 2442.84 7234.27
1832000 2400.51 2389.42 2450.39 7240.33
1834000 2399.25 2396.4 2452.9 7248.55
1836000 2399.08 2403.12 2453.72 7255.92
1838000 2404.84 2404.87 2450.23 7259.93
1840000 2403.05 2410.42 2451.04 7264.51
1842000 2402.32 2410.49 2449.69 7262.51
1844000 2400.98 2418.35 2449.98 7269.31
1846000 2406.47 2419.62 2450.64 7276.72
1848000 2406.61 2425.37 2450.23 7282.22
1850000 2406.96 2415.49 2458.2 7280.65
1852000 2403.83 2420.95 2463.37 7288.15
1854000 2409.99 2423.66 2464.37 7298.01
1856000 2412.02 2431.77 2460.56 7304.35
1858000 2415.87 2432.29 2467.98 7316.14
1860000 2418.53 2437.8 2467.9 7324.23
1862000 2417.15 2436.06 2464.33 7317.53
1864000 2420.42 2438.89 2468.09 7327.4
1866000 2424.06 2444.92 2479.05 7348.03
1868000 2425.17 2449.82 2485.27 7360.25
1870000 2425.82 2453.66 2490.06 7369.53
1872000 2424.3 2458.86 2488.86 7372.01
1874000 2433.52 2463.79 2488.29 7385.6
1876000 2433.62 2465.62 2496.82 7396.05
1878000 2433.5 2474.62 2504.74 7412.86
1880000 2440.08 2477 2501.35 7418.43
1882000 2442.45 2481.03 2503.63 7427.12
1884000 2447.16 2479.92 2507.31 7434.39
1886000 2455.17 2480.62 2511.63 7447.42
1888000 2459.8 2477.5 2523.77 7461.07
1890000 2466.94 2475.69 2518.06 7460.7
1892000 2464.17 2479.65 2506.88 7450.7
1894000 2462.01 2479.41 2516.48 7457.9
1896000 2467.65 2491.68 2520.48 7479.81
1898000 2467.81 2499.48 2524.22 7491.51
1900000 2469.27 2504.62 2525.86 7499.75
1902000 2470.1 2512.1 2532.43 7514.63
1904000 2468.4 2516.57 2538.68 7523.65
1906000 2467.6 2520.39 2537.58 7525.57
1908000 2473.33 2528.33 2541.46 7543.12
1910000 2473.31 2534.34 2542.72 7550.37
1912000 2472.76 2534.64 2546.04 7553.44
1914000 2468.11 2534.77 2546.37 7549.25
1916000 2469.28 2536.89 2553.2 7559.37
1918000 2472.83 2539.8 2561.36 7573.99
1920000 2482.77 2535.03 2557.32 7575.11
1922000 2480.79 2535.64 2556.54 7572.97
1924000 2487.71 2536.6 2562.44 7586.76
1926000 2491.74 2545.75 2564.99 7602.49
1928000 2491.25 2549.52 2557.99 7598.76
1930000 2497.11 2554.07 2558.39 7609.56
1932000 2499.8 2558.63 2568.08 7626.51
1934000 2494.33 2561.67 2568.37 7624.37
1936000 2505.22 2560.31 2574.66 7640.2
1938000 2503.89 2567.62 2573.64 7645.16
1940000 2497.74 2569.78 2580.57 7648.09
1942000 2503.85 2567.54 2580.92 7652.31
1944000 2504.46 2569.43 2577.75 7651.64
1946000 2510.37 2576.37 2585.49 7672.24
1948000 2518.32 2581.25 2590.49 7690.06
1950000 2523.36 2587.12 2592.95 7703.43
1952000 2529.05 2586.99 2592.31 7708.36
1954000 2528.86 2591.64 2594.64 7715.14
1956000 2525.51 2592.07 2595.84 7713.42
1958000 2529.64 2590.47 2601.75 7721.85
1960000 2528.04 2593.25 2601.22 7722.51
1962000 2533.46 2595.77 2602.86 7732.09
1964000 2540.98 2593.05 2607.81 7741.84
1966000 2539.17 2600.92 2610.64 7750.73
1968000 2542.2 2607.48 2608.6 7758.29
1970000 2543.97 2618.88 2604.63 7767.48
1972000 2543.55 2618.06 2609.3 7770.92
1974000 2549.22 2621.4 2607.01 7777.64
1976000 2560.21 2625.07 2610.34 7795.62
1978000 2552.95 2627.02 2621.74 7801.71
1980000 2561.48 2629.52 2623.53 7814.53
1982000 2570.86 2629.43 2626.15 7826.45
1984000 2575.13 2632.42 2634.82 7842.38
1986000 2575.4 2634.44 2632.77 7842.61
1988000 2571.34 2633.21 2639.65 7844.2
1990000 2575.92 2633.87 2644.38 7854.17
1992000 2579.46 2630.11 2644.84 7854.4
1994000 2583.39 2628.73 2644.55 7856.68
1996000 2586.13 2632.04 2647.75 7865.91
1998000 2592.49 2636.14 2652.26 7880.9
2000000 2602.04 2634.62 2650.8 7887.47
