# Time-averaged data for fix savemsd
# TimeStep c_msd[1] c_msd[2] c_msd[3] c_msd[4]
0 0 5.4782e-33 3.65213e-33 9.13033e-33
2000 1.42592 1.74797 1.5715 4.74539
4000 2.67722 2.88444 2.69647 8.25813
6000 4.12118 4.23505 4.21816 12.5744
8000 5.84278 6.04305 5.50852 17.3943
10000 7.63707 7.50568 6.94413 22.0869
12000 8.87082 8.8685 8.33733 26.0767
14000 9.72591 9.97154 9.46744 29.1649
16000 10.8754 10.8508 10.7951 32.5213
18000 12.1799 12.1074 12.2377 36.5251
20000 13.4738 13.3444 13.6398 40.458
22000 15.4207 14.3854 15.4214 45.2274
24000 17.4159 16.0133 17.2183 50.6474
26000 18.604 17.5015 18.0693 54.1747
28000 19.3561 19.1761 19.3916 57.9238
30000 20.7119 20.8341 20.0873 61.6333
32000 21.9115 22.1551 21.5122 65.5788
34000 23.3644 24.0454 22.9772 70.387
36000 25.4903 25.3611 25.4381 76.2895
38000 26.856 26.6469 26.8837 80.3866
40000 28.0871 27.6868 28.6792 84.4531
42000 30.1632 29.0735 30.8057 90.0424
44000 31.4494 30.3599 31.9038 93.7132
46000 32.6596 31.8286 33.9826 98.4709
48000 33.9759 33.5693 35.4988 103.044
50000 35.4251 35.1592 36.4541 107.038
52000 36.9961 36.1545 37.0775 110.228
54000 38.4567 37.625 38.1842 114.266
56000 39.7469 39.1165 39.4906 118.354
58000 41.3073 40.6171 40.9003 122.825
60000 42.0884 42.935 43.0639 128.087
62000 43.3884 43.4025 44.542 131.333
64000 45.9783 45.3174 46.1084 137.404
66000 47.2207 46.8537 47.6492 141.724
68000 49.1548 48.2254 49.7384 147.119
70000 50.1315 49.5113 51.448 151.091
72000 52.0667 50.5708 52.5458 155.183
74000 52.9789 52.3047 53.4417 158.725
76000 54.921 53.2096 55.3176 163.448
78000 56.3873 54.9702 57.1125 168.47
80000 57.5613 57.5824 59.4318 174.576
82000 58.463 59.7865 60.7095 178.959
84000 60.0556 61.5051 62.1709 183.732
86000 61.5948 62.4655 63.3329 187.393
88000 62.6064 63.9478 64.3238 190.878
90000 64.2879 65.5746 65.4339 195.296
92000 64.4593 66.8412 66.0696 197.37
94000 65.9116 68.6347 66.1221 200.668
96000 67.7647 69.9669 67.2486 204.98
98000 69.6538 71.0139 69.1711 209.839
100000 70.4067 72.0347 70.6542 213.096
102000 71.4094 72.5757 72.2929 216.278
104000 73.0194 75.7644 73.3717 222.156
106000 74.0145 78.1529 74.3825 226.55
108000 75.4399 79.726 76.3731 231.539
110000 77.2925 81.4186 77.1518 235.863
112000 78.5032 82.7616 78.1536 239.418
114000 80.2322 83.4287 79.2688 242.93
116000 81.0106 85.2424 80.296 246.549
118000 83.2378 86.1845 82.1466 251.569
120000 84.9962 87.1308 83.7752 255.902
122000 86.8698 89.1761 85.2491 261.295
124000 88.3901 90.296 86.4585 265.145
126000 89.8656 91.2361 88.6522 269.754
128000 92.1642 92.4452 90.1101 274.72
130000 93.9201 93.4684 92.0231 279.412
132000 95.953 94.3137 94.3075 284.574
134000 97.1183 95.1721 97.8691 290.159
136000 98.6721 96.5888 98.6407 293.902
138000 100.277 98.9311 100.012 299.221
140000 101.152 100.179 101.094 302.425
142000 102.863 102.122 101.971 306.956
144000 104.088 104.317 104.025 312.431
146000 105.067 106.66 105.171 316.898
148000 106.608 108.288 106.779 321.675
150000 107.824 109.773 108.195 325.793
152000 108.692 110.844 109.368 328.904
154000 109.874 112.089 111.115 333.077
156000 111.452 113.608 112.181 337.241
158000 114.258 114.124 113.861 342.243
160000 115.766 115.082 115.788 346.636
162000 117.372 117.471 117.281 352.123
164000 118.58 118.294 118.829 355.704
166000 120.601 119.991 120.555 361.147
168000 122.41 120.911 122.407 365.728
170000 123.565 120.504 124.051 368.12
172000 123.532 122.94 127.122 373.594
174000 124.959 124.009 129.638 378.606
176000 126.392 126.054 130.37 382.816
178000 127.654 127.771 131.757 387.182
180000 129.129 129.968 133.206 392.302
182000 129.025 131.755 135.147 395.927
184000 129.258 132.718 135.057 397.033
186000 130.368 132.187 135.649 398.205
188000 131.792 133.683 136.97 402.445
190000 133.713 134.2 138.597 406.509
192000 136.044 135.568 139.802 411.415
194000 136.961 136.388 141.668 415.018
196000 137.546 138.336 142.753 418.636
198000 138.796 139.842 143.806 422.444
200000 139.688 142.036 144.885 426.609
202000 141.097 143.678 147.791 432.566
204000 144.302 145.238 149.584 439.124
206000 145.959 145.886 151.588 443.433
208000 147.292 146.963 153.141 447.396
210000 148.692 147.969 154.991 451.652
212000 151.271 149.605 155.89 456.766
214000 151.493 149.582 157.718 458.793
216000 153.897 150.132 159.925 463.955
218000 155.277 152.3 161.437 469.014
220000 156.247 154.102 163.608 473.958
222000 157.845 156.032 164.348 478.225
224000 158.794 157.459 164.793 481.046
226000 159.276 158.168 165.814 483.258
228000 161.197 158.648 167.398 487.243
230000 162.615 160.51 169.954 493.079
232000 164.383 161.604 172.395 498.381
234000 164.51 162.706 174.572 501.788
236000 166.104 163.277 176.054 505.435
238000 167.005 164.866 176.475 508.346
240000 168.941 164.834 177.371 511.146
242000 171.259 167.17 179.105 517.534
244000 173.616 169.576 182.601 525.793
246000 176.401 170.6 183.979 530.98
248000 177.59 171.843 183.337 532.77
250000 178.947 172.888 184.705 536.54
252000 180.31 175.076 186.345 541.731
254000 180.495 176.831 187.467 544.793
256000 181.81 177.985 189.086 548.88
258000 184.233 178.234 190.209 552.676
260000 186.932 178.839 191.788 557.56
262000 189.031 180.326 192.431 561.788
264000 189.928 180.488 192.948 563.364
266000 191.061 181.71 194.191 566.962
268000 192.349 183.933 196.114 572.396
270000 193.159 184.898 197.562 575.619
272000 195.443 185.77 199.831 581.044
274000 196.554 187.178 201.915 585.646
276000 198.298 187.412 204.494 590.205
278000 200.656 189.457 205.358 595.471
280000 202.253 189.388 208.382 600.023
282000 202.34 190.303 210.044 602.686
284000 204.195 192.301 211.404 607.9
286000 205.165 193.314 212.087 610.566
288000 206.9 194.815 213.526 615.24
290000 208.012 197.107 215.727 620.846
292000 210.913 198.891 217.941 627.745
294000 211.629 200.811 220.082 632.523
296000 212.357 202.398 220.281 635.035
298000 213.755 204.574 222.848 641.177
300000 214.549 206.094 223.835 644.478
302000 215.918 208.228 225.075 649.222
304000 217.264 209.638 226.293 653.195
306000 218.243 210.696 227.867 656.806
308000 221.536 211.087 230.062 662.685
310000 222.927 212.427 232.53 667.884
312000 224.31 213.951 232.923 671.184
314000 226.106 215.836 235.354 677.295
316000 227.248 218.4 236.183 681.831
318000 227.422 219.14 236.917 683.479
320000 228.408 220.225 239.09 687.724
322000 229.511 220.81 241.081 691.402
324000 231.566 222.944 242.197 696.707
326000 232.661 223.073 244.815 700.549
328000 234.455 223.001 247.936 705.391
330000 234.853 224.194 249.558 708.605
332000 236.535 225.443 250.915 712.893
334000 239.277 225.977 250.744 715.998
336000 241.237 228.012 251.376 720.625
338000 243.674 229.693 252.949 726.316
340000 247.415 230.654 252.782 730.851
342000 248.086 232.258 253.585 733.929
344000 249.012 234.545 254.353 737.91
346000 249.116 234.894 255.928 739.938
348000 253.035 237.635 256.829 747.499
350000 255.007 239.378 259.288 753.673
352000 256.682 241.971 260.494 759.147
354000 257.17 242.384 263.565 763.118
356000 257.492 243.537 263.873 764.902
358000 259.354 243.908 263.962 767.224
360000 260.694 247.312 264.4 772.405
362000 261.767 248.533 265.957 776.258
364000 263.344 249.854 267.545 780.743
366000 263.981 250.827 267.148 781.956
368000 264.185 255.292 269.423 788.9
370000 266.639 256.188 269.695 792.522
372000 267.948 258.06 270.37 796.377
374000 270.147 258.02 270.907 799.074
376000 271.828 258.056 272.42 802.304
378000 273.74 259.098 273.232 806.071
380000 276.415 259.352 273.54 809.307
382000 277.644 260.384 276.11 814.138
384000 277.747 262.997 277.508 818.252
386000 280.013 264.874 278.509 823.396
388000 280.797 267.028 280.971 828.796
390000 283.074 269.007 282.066 834.146
392000 285.464 270.148 284.106 839.718
394000 288.12 270.642 285.893 844.655
396000 288.5 271.084 287.031 846.615
398000 289.023 271.343 290.041 850.407
400000 288.423 273.621 289.153 851.197
402000 290.406 274.737 289.816 854.959
404000 291.639 275.99 289.668 857.297
406000 293.091 278.257 289.283 860.631
408000 295.261 279.261 291.065 865.588
410000 295.364 280.135 292.668 868.167
412000 296.525 282.349 294.201 873.076
414000 298.296 281.651 295.375 875.321
416000 300.972 282.462 296.398 879.832
418000 299.841 283.876 297.875 881.592
420000 301.328 285.818 297.635 884.781
422000 302.615 286.269 300.216 889.1
424000 304.667 288.408 299.842 892.918
426000 305.668 288.84 300.988 895.496
428000 306.865 291.144 301.52 899.528
430000 307.635 292.345 301.943 901.923
432000 308.831 294.114 302.096 905.042
434000 311.849 296.029 302.448 910.327
436000 313.03 297.19 305.644 915.864
438000 314.408 297.129 306.1 917.637
440000 315.472 298.05 308.297 921.818
442000 318.251 298.292 310.342 926.885
444000 320.958 300.744 311.523 933.225
446000 321.777 299.782 312.418 933.977
448000 324.443 300.292 313.522 938.256
450000 324.595 300.571 316.667 941.832
452000 326.625 304.934 317.694 949.253
454000 327.497 306.068 320.945 954.51
456000 329.014 307.451 323.143 959.608
458000 331.337 309.394 324.119 964.85
460000 332.223 309.742 322.952 964.918
462000 335.639 310.518 324.195 970.351
464000 336.787 311.405 323.939 972.13
466000 341.288 313.106 324.811 979.205
468000 342.911 315.035 325.467 983.413
470000 344.922 317.074 326.841 988.836
472000 347.275 317.566 329.112 993.953
474000 348.343 318.691 328.777 995.812
476000 349.726 317.666 331.52 998.912
478000 351.638 319.085 333.06 1003.78
480000 352.733 320.116 333.385 1006.23
482000 351.554 320.377 334.84 1006.77
484000 354.906 323.156 335.785 1013.85
486000 354.706 325.622 336.506 1016.83
488000 356.744 325.593 337.748 1020.08
490000 358.162 327.473 339.625 1025.26
492000 360.175 329.023 340.149 1029.35
494000 362.081 329.28 341.459 1032.82
496000 362.19 330.666 344.539 1037.4
498000 364.579 331.513 345.238 1041.33
500000 365.535 330.741 347.571 1043.85
502000 369.096 331.813 346.345 1047.25
504000 372.119 333.87 349.493 1055.48
506000 373.617 334.054 349.592 1057.26
508000 374.524 337.76 350.048 1062.33
510000 376.968 336.902 351.479 1065.35
512000 381.69 338.593 352.823 1073.11
514000 384.095 340.735 354.881 1079.71
516000 385.799 340.225 356.676 1082.7
518000 386.517 341.716 358.24 1086.47
520000 386.832 342.581 359.974 1089.39
522000 388.952 344.515 359.745 1093.21
524000 389.072 346.109 360.868 1096.05
526000 390.404 348.639 362.691 1101.73
528000 392.008 350.602 364.111 1106.72
530000 394.248 352.119 366.638 1113
532000 393.918 352.049 369.033 1115
534000 394.915 352.478 370.541 1117.93
536000 394.289 354.568 371.623 1120.48
538000 396.303 354.353 372.767 1123.42
540000 397.702 355.127 376.299 1129.13
542000 399.903 357.084 377.927 1134.91
544000 401.277 356.009 381.259 1138.55
546000 402.912 356.608 383.509 1143.03
548000 403.889 357.433 384.722 1146.04
550000 403.758 359.519 386.719 1150
552000 405.568 360.372 387.458 1153.4
554000 405.564 361.314 389.397 1156.27
556000 407.417 363.78 391.606 1162.8
558000 407.415 365.889 395.223 1168.53
560000 409.228 366.36 396.367 1171.96
562000 411.623 368.184 399.301 1179.11
564000 412.509 369.693 401.528 1183.73
566000 411.402 370.388 403.818 1185.61
568000 412.135 371.977 407.388 1191.5
570000 415.446 372.564 409.602 1197.61
572000 415.888 375.217 410.57 1201.67
574000 417.866 376.756 410.432 1205.05
576000 419.37 379.245 412.996 1211.61
578000 421.748 380.83 413.348 1215.93
580000 424.173 381.425 415.427 1221.02
582000 424.884 381.129 416.194 1222.21
584000 425.451 381.204 416.69 1223.35
586000 426.754 383.918 415.818 1226.49
588000 427.034 384.879 416.249 1228.16
590000 426.66 386.247 416.861 1229.77
592000 427.294 387.822 418.282 1233.4
594000 428.865 388.745 420.449 1238.06
596000 430.368 389.274 421.644 1241.29
598000 431.344 390.608 422.58 1244.53
600000 430.884 392.171 423.42 1246.48
602000 432.307 393.258 424.966 1250.53
604000 432.842 394.686 425.829 1253.36
606000 434.347 393.025 427.818 1255.19
608000 437.457 394.254 428.324 1260.03
610000 439.573 395.849 429.967 1265.39
612000 440.982 396.886 431.05 1268.92
614000 441.857 398.473 433.88 1274.21
616000 442.61 400.33 433.464 1276.4
618000 445.513 401.608 436.661 1283.78
620000 445.637 400.878 438.239 1284.75
622000 446.413 402.362 438.563 1287.34
624000 448.449 405.608 442.821 1296.88
626000 449.965 409.897 443.267 1303.13
628000 449.697 412.867 444.133 1306.7
630000 449.791 414.493 445.481 1309.77
632000 449.997 415.615 447.886 1313.5
634000 450.813 418.567 450.941 1320.32
636000 452.359 420.786 454.447 1327.59
638000 454.707 421.996 455.519 1332.22
640000 457.636 422.125 457.475 1337.24
642000 460.392 425.29 458.264 1343.95
644000 462.43 424.952 459.789 1347.17
646000 464.015 428.076 461.175 1353.27
648000 465.083 429.92 460.627 1355.63
650000 467.04 431.571 463.074 1361.69
652000 468.454 432.439 463.595 1364.49
654000 470.515 434.848 467.651 1373.01
656000 472.23 435.938 467.5 1375.67
658000 474.351 438.792 469.681 1382.82
660000 475.806 437.012 470.255 1383.07
662000 478.77 438.361 471.81 1388.94
664000 478.342 438.537 472.91 1389.79
666000 480.803 440.637 473.366 1394.81
668000 481.571 441.548 476.427 1399.55
670000 482.103 443.908 477.659 1403.67
672000 485.825 444.859 478.852 1409.54
674000 486.267 446.463 479.288 1412.02
676000 488.078 450.204 481.04 1419.32
678000 490.526 449.502 482.232 1422.26
680000 491.343 451.156 483.303 1425.8
682000 493.07 453.571 483.575 1430.22
684000 493.668 454.122 484.11 1431.9
686000 495.637 455.284 487.082 1438
688000 496.593 455.439 490.8 1442.83
690000 498.308 457.126 492.531 1447.96
692000 499.633 458.728 494.279 1452.64
694000 501.203 460.127 494.808 1456.14
696000 503.268 462.215 497.699 1463.18
698000 505.4 464.328 497.623 1467.35
700000 506.887 466.363 501.289 1474.54
702000 509.867 465.969 502.928 1478.76
704000 511.889 466.742 504.68 1483.31
706000 512.159 468.628 507.146 1487.93
708000 513.585 470.123 509.481 1493.19
710000 512.509 474.527 509.182 1496.22
712000 515.39 477.113 509.819 1502.32
714000 518.869 478.674 513.978 1511.52
716000 519.316 478.657 513.622 1511.6
718000 519.807 478.953 515.565 1514.32
720000 520.422 480.131 516.225 1516.78
722000 524.732 479.767 518.951 1523.45
724000 526.559 482.671 519.384 1528.61
726000 528.86 482.955 519.558 1531.37
728000 529.617 484.336 522.764 1536.72
730000 531.157 485.982 525.455 1542.59
732000 532.222 487.922 525.778 1545.92
734000 533.902 489.482 525.056 1548.44
736000 534.479 493.119 527.869 1555.47
738000 538.872 494.803 528.522 1562.2
740000 540.477 497.293 530.557 1568.33
742000 540.691 498.595 532.097 1571.38
744000 542.437 499.89 534.536 1576.86
746000 545.653 501.521 535.118 1582.29
748000 546.063 502.264 535.753 1584.08
750000 547.589 502.727 536.108 1586.42
752000 549.36 504.274 536.146 1589.78
754000 552.058 504.377 538.776 1595.21
756000 552.2 507.954 536.516 1596.67
758000 552.943 508.009 539.599 1600.55
760000 554.016 509.345 543.692 1607.05
762000 555.229 512.525 543.936 1611.69
764000 555.446 514.854 545.971 1616.27
766000 555.418 515.861 546.752 1618.03
768000 555.127 519.649 548.234 1623.01
770000 555.343 521.35 547.714 1624.41
772000 556.243 522.975 550.092 1629.31
774000 556.356 526.509 553.235 1636.1
776000 560.073 527.899 551.76 1639.73
778000 562.861 525.742 555.525 1644.13
780000 565.522 528.826 555.094 1649.44
782000 568.064 526.617 555.638 1650.32
784000 570.916 528.99 556.045 1655.95
786000 571.981 531.61 558.01 1661.6
788000 572.414 531.83 558.331 1662.57
790000 573.465 533.082 559.334 1665.88
792000 572.403 532.263 562.658 1667.32
794000 574.428 536.351 562.795 1673.57
796000 575.193 537.685 562.851 1675.73
798000 577.712 539.153 563.891 1680.76
800000 580.728 541.981 566.98 1689.69
802000 582.071 543.138 567.594 1692.8
804000 582.552 546.262 570.78 1699.6
806000 581.697 545.434 573.194 1700.33
808000 583.001 546.985 574.189 1704.18
810000 582.118 547.427 575.553 1705.1
812000 582.259 552.002 579.583 1713.84
814000 582.642 551.698 581.978 1716.32
816000 584.899 555.245 584.3 1724.44
818000 586.748 558.291 586.345 1731.38
820000 588.279 558.823 588.457 1735.56
822000 589.696 559.987 592.999 1742.68
824000 590.925 561.176 594.834 1746.93
826000 595.479 564.332 597.972 1757.78
828000 593.401 568.1 594.767 1756.27
830000 593.757 569.625 597.697 1761.08
832000 597.716 572.615 599.803 1770.13
834000 597.833 570.642 601.827 1770.3
836000 599.548 571.963 604.299 1775.81
838000 602.807 573.614 607.033 1783.45
840000 604.154 577.132 609.337 1790.62
842000 607.192 576.6 609.684 1793.48
844000 607.348 576.098 612.164 1795.61
846000 606.881 578.586 614.932 1800.4
848000 607.994 578.11 616.492 1802.6
850000 609.216 579.076 616.387 1804.68
852000 610.366 579.489 618.283 1808.14
854000 611.195 582.182 618.831 1812.21
856000 614.199 582.811 619.042 1816.05
858000 615.314 583.959 622.103 1821.38
860000 616.139 586.929 624.213 1827.28
862000 617.386 588.198 623.4 1828.98
864000 618.633 589.417 625.313 1833.36
866000 620.002 586.958 625.415 1832.38
868000 620.579 589.778 626.762 1837.12
870000 620.812 591.898 627.843 1840.55
872000 619.601 592.982 627.505 1840.09
874000 622.178 593.997 627.597 1843.77
876000 625.155 595.661 627.024 1847.84
878000 625.959 599.151 628.136 1853.25
880000 626.531 603.384 630.066 1859.98
882000 631.666 603.761 635.75 1871.18
884000 632.377 603.16 638.61 1874.15
886000 634.496 602.675 638.798 1875.97
888000 635.897 600.571 641.479 1877.95
890000 640.396 599.845 642.24 1882.48
892000 641.396 601.972 642.212 1885.58
894000 643.586 602.233 642.296 1888.11
896000 643.863 601.601 640.035 1885.5
898000 646.432 603.648 641.144 1891.22
900000 649.407 605.09 641.873 1896.37
902000 650.854 610.155 644.742 1905.75
904000 651.975 612.647 645.746 1910.37
906000 655.049 614.674 647.196 1916.92
908000 655.715 616.399 649.62 1921.73
910000 658.66 617.391 651.913 1927.96
912000 660.194 619.259 652.904 1932.36
914000 660.919 619.959 653.355 1934.23
916000 661.048 618.972 655.791 1935.81
918000 661.739 622.329 657.44 1941.51
920000 660.484 623.436 657.793 1941.71
922000 659.427 622.965 657.104 1939.5
924000 659.752 625.486 661.989 1947.23
926000 661.34 627.785 663.293 1952.42
928000 664.547 628.76 664.854 1958.16
930000 664.554 628.753 661.71 1955.02
932000 663.849 632.108 664.222 1960.18
934000 667.171 635.27 663.451 1965.89
936000 670.104 638.047 664.945 1973.1
938000 672.142 640.096 667.811 1980.05
940000 677.094 641.566 670.874 1989.53
942000 679.77 646.757 673.415 1999.94
944000 682.792 645.316 676.63 2004.74
946000 687.095 643.724 678.584 2009.4
948000 686.178 644.223 677.232 2007.63
950000 688.307 644.57 677.071 2009.95
952000 687.274 644.76 679.641 2011.68
954000 690.524 649.482 678.767 2018.77
956000 693.767 653.373 679.577 2026.72
958000 694.439 654.392 680.466 2029.3
960000 697.702 656.542 679.063 2033.31
962000 701.936 659.71 680.513 2042.16
964000 702.223 660.494 679.93 2042.65
966000 701.839 663.914 682.039 2047.79
968000 703.705 664.328 685.542 2053.57
970000 706.183 665.897 686.59 2058.67
972000 709.506 668.263 688.37 2066.14
974000 708.842 669.143 692.958 2070.94
976000 711.913 671.33 695.734 2078.98
978000 712.89 672.084 697.199 2082.17
980000 714.091 674.448 700.526 2089.07
982000 717.612 671.479 704.612 2093.7
984000 718.921 673.026 708.162 2100.11
986000 721.726 672.363 708.956 2103.04
988000 721.071 673.801 709.501 2104.37
990000 722.028 676.627 713.655 2112.31
992000 723.756 675.134 715.201 2114.09
994000 725.757 676.145 717.128 2119.03
996000 729.693 678.541 718.572 2126.81
998000 731.89 683.443 719.771 2135.1
1000000 734.309 684.054 721.811 2140.17
1002000 736.073 682.509 723.814 2142.4
1004000 739.568 685.759 725.552 2150.88
1006000 739.364 687.119 726.793 2153.28
1008000 741.622 686.863 728.021 2156.51
1010000 744.627 688.709 729.691 2163.03
1012000 747.545 690.718 732.591 2170.85
1014000 745.844 691.362 733.41 2170.62
1016000 745.414 693.753 738.582 2177.75
1018000 745.595 694.233 738.344 2178.17
1020000 746.104 696.473 738.064 2180.64
1022000 748.923 696.546 738.887 2184.36
1024000 747.66 696.389 739.516 2183.56
1026000 747.441 695.486 740.648 2183.58
1028000 745.898 697.278 740.732 2183.91
1030000 744.892 699.601 743.905 2188.4
1032000 749.318 700.562 743.824 2193.7
1034000 750.268 701.635 745.205 2197.11
1036000 750.958 706.627 747.11 2204.69
1038000 751.371 706.246 749.029 2206.65
1040000 753.372 709.733 751.387 2214.49
1042000 752.642 710.904 753.744 2217.29
1044000 753.737 711.503 754.849 2220.09
1046000 757.057 714.418 754.508 2225.98
1048000 757.978 714.96 757.615 2230.55
1050000 760.158 716.191 756.806 2233.15
1052000 760.339 717.08 757.302 2234.72
1054000 761.373 720.26 760.034 2241.67
1056000 764.428 720.18 761.154 2245.76
1058000 770.461 724.294 761.246 2256
1060000 770.56 723.875 761.707 2256.14
1062000 771.708 726.401 764.509 2262.62
1064000 773.073 727.952 764.869 2265.89
1066000 773.15 726.975 767.254 2267.38
1068000 773.891 724.409 769.982 2268.28
1070000 775.887 723.938 770.575 2270.4
1072000 776.841 729.197 776.826 2282.86
1074000 775.533 731.103 779.413 2286.05
1076000 778.506 732.449 779.325 2290.28
1078000 777.629 732.989 777.371 2287.99
1080000 778.892 731.623 781.909 2292.42
1082000 782.32 734.827 787.25 2304.4
1084000 785.11 733.808 785.381 2304.3
1086000 789.529 735.184 787.025 2311.74
1088000 794.133 737.733 789.507 2321.37
1090000 793.989 738.564 792.065 2324.62
1092000 794.267 740.867 793.743 2328.88
1094000 794.099 742.774 793.826 2330.7
1096000 800.235 742.992 795.591 2338.82
1098000 800.375 746.736 794.868 2341.98
1100000 802.83 748.116 794.758 2345.7
1102000 806.387 749.071 795.117 2350.57
1104000 809.029 750.208 795.145 2354.38
1106000 812.163 750.597 795.702 2358.46
1108000 812.883 748.88 798.244 2360.01
1110000 810.273 755.11 801.017 2366.4
1112000 809.641 755.996 804.542 2370.18
1114000 811.767 754.66 806.313 2372.74
1116000 814.945 755.245 809.645 2379.84
1118000 819.492 757.17 810.003 2386.66
1120000 821.88 755.062 811.639 2388.58
1122000 822.657 757.212 815.308 2395.18
1124000 819.518 761.099 816.781 2397.4
1126000 822.531 763.295 821.543 2407.37
1128000 823.383 764.842 822.494 2410.72
1130000 826.264 765.611 824.98 2416.86
1132000 830.307 770.687 827.383 2428.38
1134000 830.431 770.548 828.627 2429.61
1136000 830.508 774.417 828.849 2433.77
1138000 834.219 777.255 831.588 2443.06
1140000 834.99 777.102 836.25 2448.34
1142000 836.169 778.776 836.308 2451.25
1144000 836.747 779.004 836.589 2452.34
1146000 838.184 779.505 840.584 2458.27
1148000 837.343 780.445 842.048 2459.84
1150000 838.48 783.334 842.348 2464.16
1152000 839.544 785.55 843.348 2468.44
1154000 842.41 787.641 847.136 2477.19
1156000 841.514 792.6 849.507 2483.62
1158000 843.624 795.178 849.428 2488.23
1160000 842.915 795.054 848.523 2486.49
1162000 844.296 795.169 854.037 2493.5
1164000 846.224 795.521 857.362 2499.11
1166000 846.747 797.758 858.85 2503.35
1168000 847.146 800.378 859.412 2506.94
1170000 848.991 801.878 862.181 2513.05
1172000 851.873 802.189 864.525 2518.59
1174000 855.571 805.861 869.521 2530.95
1176000 857.791 807.245 872.146 2537.18
1178000 859.572 806.457 878.425 2544.45
1180000 860.491 809.584 881.793 2551.87
1182000 866.216 813.617 881.882 2561.71
1184000 868.39 815.479 885.39 2569.26
1186000 869.857 817.896 886.114 2573.87
1188000 870.517 820.923 888.821 2580.26
1190000 871.176 820.529 891.155 2582.86
1192000 871.546 819.832 893.382 2584.76
1194000 873.041 819.397 892.368 2584.81
1196000 875.175 823.81 893.491 2592.48
1198000 876.416 827.655 895.336 2599.41
1200000 875.029 833.875 894.296 2603.2
1202000 877.02 834.835 897.778 2609.63
1204000 878.592 836.346 901.319 2616.26
1206000 880.328 837.351 902.559 2620.24
1208000 878.984 838.431 902.82 2620.23
1210000 881.445 840.653 903.44 2625.54
1212000 885.783 842.471 903.785 2632.04
1214000 888.586 843.08 905.23 2636.9
1216000 887.846 846.982 905.666 2640.49
1218000 888.758 849.883 905.77 2644.41
1220000 886.203 851.353 906.711 2644.27
1222000 887.515 850.884 908.696 2647.1
1224000 887.056 854.912 910.191 2652.16
1226000 888.906 857.509 914.082 2660.5
1228000 891.026 857.477 915.647 2664.15
1230000 892.481 859.929 919.171 2671.58
1232000 892.538 862.045 919.645 2674.23
1234000 894.794 865.048 921.485 2681.33
1236000 893.934 861.255 922.419 2677.61
1238000 894.131 862.269 922.65 2679.05
1240000 896.437 866.904 922.906 2686.25
1242000 895.459 866.888 925.124 2687.47
1244000 898.534 867.011 928.466 2694.01
1246000 901.277 867.287 930.515 2699.08
1248000 905.834 866.959 931.141 2703.93
1250000 909.91 869.788 931.566 2711.26
1252000 910.12 871.4 933.879 2715.4
1254000 911.128 872.124 935.273 2718.53
1256000 913.489 876.613 934.326 2724.43
1258000 914.091 881.56 936.642 2732.29
1260000 917.44 885.259 940.435 2743.13
1262000 916.55 886.651 942.825 2746.03
1264000 920.607 890.488 945.917 2757.01
1266000 922.194 891.005 947.118 2760.32
1268000 922.837 891.438 946.51 2760.78
1270000 925.09 893.398 949.296 2767.78
1272000 926.957 890.871 950.69 2768.52
1274000 927.042 893.336 952.093 2772.47
1276000 926.917 896.633 952.866 2776.42
1278000 928.001 899.256 953.905 2781.16
1280000 927.092 898.124 955.322 2780.54
1282000 930.76 898.497 960.203 2789.46
1284000 932.488 901.89 960.27 2794.65
1286000 935.261 903.288 960.883 2799.43
1288000 936.711 906.272 961.161 2804.14
1290000 938.902 908.504 962.471 2809.88
1292000 943.256 909.709 965.726 2818.69
1294000 944.254 912.489 969.271 2826.01
1296000 945.76 914.611 971.632 2832
1298000 949.476 917.512 976.256 2843.24
1300000 952.721 921.01 981.759 2855.49
1302000 954.884 924.759 984.943 2864.59
1304000 959.016 924.238 986.942 2870.2
1306000 959.178 925.315 986.981 2871.47
1308000 961.99 927.885 989.524 2879.4
1310000 960.739 928.582 992.649 2881.97
1312000 963.783 929.269 995.421 2888.47
1314000 961.086 930.903 995.482 2887.47
1316000 961.065 933.224 997.032 2891.32
1318000 960.428 936.572 998.303 2895.3
1320000 962.605 936.736 1000.87 2900.21
1322000 963.716 936.221 1000.25 2900.19
1324000 965.174 937.735 1000.63 2903.54
1326000 967.827 938.21 1004.33 2910.36
1328000 970.221 940.455 1006.85 2917.53
1330000 971.221 938.274 1007.71 2917.21
1332000 974.287 939.839 1006.89 2921.01
1334000 977.179 941.838 1010.01 2929.02
1336000 978.463 945.001 1011.44 2934.9
1338000 981.936 944.526 1014.12 2940.59
1340000 978.07 945.639 1018.26 2941.97
1342000 980.122 946.581 1017.84 2944.54
1344000 981.8 945.742 1021.49 2949.03
1346000 981.533 947.011 1022.11 2950.66
1348000 985.3 946.845 1022.42 2954.57
1350000 985.159 949.101 1028.97 2963.23
1352000 986.164 951.219 1031.44 2968.82
1354000 985.708 953.493 1035.09 2974.29
1356000 987.957 957.028 1037.68 2982.67
1358000 988.696 958.575 1036.64 2983.91
1360000 990.457 956.015 1035.88 2982.35
1362000 991.554 954.757 1039.38 2985.69
1364000 992.92 955.172 1042.01 2990.1
1366000 990.72 955.51 1044.07 2990.3
1368000 995.032 955.277 1044.77 2995.08
1370000 997.588 955.096 1049.58 3002.26
1372000 997.452 952.911 1048.23 2998.6
1374000 1000.74 955.789 1049.22 3005.75
1376000 1001.38 961.703 1049.39 3012.47
1378000 1004.15 962.197 1052.34 3018.69
1380000 1007.64 963.984 1054.53 3026.15
1382000 1011.16 964.314 1057.65 3033.12
1384000 1011.6 965.81 1057.93 3035.34
1386000 1012.52 966.118 1060.78 3039.42
1388000 1013.7 967.571 1060.77 3042.04
1390000 1015.53 970.368 1063.72 3049.62
1392000 1015.37 972.372 1063.04 3050.78
1394000 1017.44 972.968 1065.03 3055.43
1396000 1016.9 972.439 1068.53 3057.87
1398000 1019.5 971.379 1072.02 3062.9
1400000 1018.39 971.003 1074.88 3064.28
1402000 1021.07 974.445 1077.51 3073.02
1404000 1020.07 975.27 1079.41 3074.75
1406000 1022.66 974.827 1079.55 3077.04
1408000 1022.44 977.133 1076.33 3075.9
1410000 1023.74 980.144 1080.28 3084.17
1412000 1021.4 977.629 1083 3082.03
1414000 1022.18 979.08 1085.24 3086.5
1416000 1023.57 981.207 1090.46 3095.24
1418000 1024.4 979.716 1092.85 3096.97
1420000 1023.87 981.681 1096.42 3101.97
1422000 1022.61 981.846 1099.19 3103.64
1424000 1025.39 982.544 1102.04 3109.97
1426000 1025.37 981.496 1101.42 3108.29
1428000 1022.92 982.829 1104.22 3109.96
1430000 1026.79 983.169 1105.35 3115.31
1432000 1025.66 984.946 1106.9 3117.51
1434000 1025.43 986.457 1107.08 3118.97
1436000 1030.14 988.404 1107.13 3125.67
1438000 1028.52 987.177 1110.47 3126.16
1440000 1030.35 990.563 1111.96 3132.87
1442000 1028.26 991.482 1114.84 3134.59
1444000 1029.33 991.522 1119.95 3140.81
1446000 1032.44 994.454 1120.99 3147.88
1448000 1034.38 996.689 1124.55 3155.62
1450000 1036.88 995.889 1127.73 3160.5
1452000 1040.44 997.768 1130.52 3168.73
1454000 1038.34 1000.79 1129.11 3168.24
1456000 1041.33 1004.59 1128.18 3174.1
1458000 1042.63 1003.37 1129.96 3175.96
1460000 1040.98 1006.65 1134.51 3182.14
1462000 1044.36 1008.32 1137.33 3190.01
1464000 1045.57 1008.23 1141.43 3195.24
1466000 1048.7 1012.15 1144.2 3205.05
1468000 1050.87 1014.56 1148.24 3213.67
1470000 1052 1014.67 1145.01 3211.68
1472000 1055.19 1018.37 1145.32 3218.87
1474000 1057.21 1020.02 1145.88 3223.1
1476000 1054.97 1022.84 1146.56 3224.37
1478000 1058.85 1023.29 1148.63 3230.76
1480000 1061.32 1025.93 1152.74 3240
1482000 1062.35 1028.51 1148.6 3239.46
1484000 1064.49 1032.23 1148.28 3245.01
1486000 1069.46 1034.42 1149.06 3252.94
1488000 1072.89 1036.03 1152.05 3260.97
1490000 1075.11 1037.64 1151.99 3264.74
1492000 1080.43 1041.27 1156.25 3277.96
1494000 1080.85 1047.08 1157.44 3285.38
1496000 1083.42 1048.92 1154.81 3287.14
1498000 1082.78 1048.87 1159.62 3291.28
1500000 1088.53 1052.23 1159.55 3300.31
1502000 1085.61 1052.94 1160.53 3299.09
1504000 1088.58 1054.77 1161.78 3305.13
1506000 1087.11 1056.18 1166.63 3309.91
1508000 1085.49 1059.85 1167.47 3312.81
1510000 1084.65 1063.47 1169.42 3317.55
1512000 1083.57 1066.31 1172.03 3321.91
1514000 1086.32 1068.24 1173.75 3328.31
1516000 1086.11 1070.26 1171.58 3327.95
1518000 1088.54 1071.33 1176.46 3336.34
1520000 1092.71 1071.7 1178.08 3342.5
1522000 1096.23 1077.73 1177.22 3351.18
1524000 1098.1 1078.5 1176.65 3353.25
1526000 1097.17 1081.93 1179.15 3358.25
1528000 1096.71 1080.69 1184.59 3361.99
1530000 1096.81 1082.61 1186.79 3366.21
1532000 1097.59 1085.3 1193.68 3376.57
1534000 1100.23 1085.9 1198.22 3384.35
1536000 1103.94 1086.34 1198.74 3389.01
1538000 1102.64 1084.79 1201.51 3388.94
1540000 1104.86 1086.34 1201.35 3392.54
1542000 1102.7 1085.98 1201.14 3389.82
1544000 1108.3 1087.97 1203.4 3399.67
1546000 1108.03 1088.38 1205.22 3401.63
1548000 1111.12 1089.32 1205.91 3406.34
1550000 1114.1 1089.47 1206.66 3410.23
1552000 1116.45 1089.55 1209.93 3415.93
1554000 1112.65 1093.39 1211.52 3417.55
1556000 1115.81 1093.2 1215.49 3424.5
1558000 1114.23 1097.49 1219.92 3431.65
1560000 1111.66 1099.61 1221.57 3432.84
1562000 1110.69 1099.01 1225.14 3434.84
1564000 1112.82 1101.81 1228.5 3443.14
1566000 1113.84 1104.72 1231.46 3450.02
1568000 1111.86 1103.86 1230.44 3446.16
1570000 1113.89 1105.81 1233.7 3453.4
1572000 1115.6 1107.71 1239.11 3462.42
1574000 1119.31 1110.09 1241.15 3470.56
1576000 1120.07 1113.77 1242.73 3476.57
1578000 1118.89 1113.73 1241.36 3473.98
1580000 1118.1 1115.09 1241.23 3474.42
1582000 1119.82 1113.08 1240.66 3473.56
1584000 1118.71 1113.59 1247.44 3479.74
1586000 1120.12 1116.13 1247.18 3483.43
1588000 1121.43 1115.13 1247.89 3484.44
1590000 1117.27 1114.42 1248.6 3480.29
1592000 1119.59 1115.76 1250.38 3485.73
1594000 1122.77 1117.88 1248.9 3489.55
1596000 1122.71 1118.42 1249.32 3490.45
1598000 1124.56 1120.5 1250.27 3495.33
1600000 1123.85 1123.79 1250.34 3497.98
1602000 1125.46 1126.27 1250.87 3502.6
1604000 1130.66 1126.49 1251.5 3508.65
1606000 1130.69 1128.58 1250.62 3509.88
1608000 1133.14 1133.48 1254.26 3520.88
1610000 1134.02 1138.26 1255.64 3527.92
1612000 1138.47 1140.77 1254.51 3533.75
1614000 1144.4 1139.55 1255.05 3539
1616000 1144.98 1144.1 1256.8 3545.88
1618000 1143.41 1145.99 1259.24 3548.64
1620000 1146.5 1146.56 1265.02 3558.08
1622000 1148.26 1148.98 1262.77 3560.02
1624000 1149.07 1148.8 1266.31 3564.18
1626000 1154.13 1150.07 1267.84 3572.04
1628000 1155.23 1153.96 1268.94 3578.14
1630000 1157.64 1152.78 1271.5 3581.91
1632000 1155.27 1154.16 1272.17 3581.59
1634000 1155.79 1156.87 1270.7 3583.36
1636000 1152.57 1159.6 1272.31 3584.47
1638000 1153.2 1160.81 1270.49 3584.5
1640000 1157.84 1159.33 1269.63 3586.8
1642000 1161.35 1159.64 1274.55 3595.53
1644000 1163.66 1160.64 1275.64 3599.94
1646000 1164.39 1163.12 1279.36 3606.88
1648000 1168.1 1164.05 1280.69 3612.83
1650000 1170.34 1168.2 1284.41 3622.94
1652000 1168.19 1171.51 1281.55 3621.24
1654000 1167.99 1173.84 1286.73 3628.56
1656000 1169.83 1171.65 1289.75 3631.24
1658000 1168.24 1171.15 1291.21 3630.6
1660000 1168.77 1173.08 1292.68 3634.54
1662000 1169.49 1175.24 1296.64 3641.37
1664000 1173.03 1176.76 1297.63 3647.42
1666000 1175.27 1181.26 1302.21 3658.73
1668000 1179.11 1185.67 1306.48 3671.26
1670000 1177.92 1186.69 1309.47 3674.08
1672000 1178.87 1189.26 1311.63 3679.76
1674000 1179.35 1189.85 1311.48 3680.68
1676000 1180.46 1189.59 1315.34 3685.39
1678000 1178.46 1193.38 1316.62 3688.46
1680000 1176.82 1190.97 1321.33 3689.12
1682000 1175.91 1193.99 1322 3691.91
1684000 1174.57 1196.31 1323.91 3694.8
1686000 1175.95 1197.63 1325.99 3699.57
1688000 1177.26 1194.52 1327.32 3699.1
1690000 1176.94 1193.06 1328.07 3698.07
1692000 1176.88 1190.78 1330.14 3697.8
1694000 1179.22 1191.99 1333.07 3704.27
1696000 1181.15 1192.56 1338.75 3712.46
1698000 1182.82 1192.83 1339.93 3715.58
1700000 1183.29 1193.67 1339.31 3716.28
1702000 1181.8 1196.81 1337.7 3716.31
1704000 1181.12 1199.29 1337.53 3717.95
1706000 1182.03 1202.22 1338.39 3722.65
1708000 1185.17 1200.57 1339.12 3724.85
1710000 1186.56 1200.58 1340.79 3727.92
1712000 1190.25 1203.21 1340.25 3733.71
1714000 1190.08 1205.94 1344.3 3740.32
1716000 1192.41 1209.16 1345.41 3746.97
1718000 1194.59 1210.88 1346.85 3752.33
1720000 1195.57 1214.65 1347.8 3758.02
1722000 1196.86 1217.52 1345.4 3759.79
1724000 1200.26 1222.09 1349.48 3771.83
1726000 1199.63 1221.88 1348.85 3770.36
1728000 1198.57 1223.71 1350.42 3772.69
1730000 1200.78 1222.19 1353.91 3776.87
1732000 1202.74 1223.58 1350.81 3777.13
1734000 1200.17 1227.29 1350.63 3778.09
1736000 1199.16 1226.31 1350.61 3776.08
1738000 1199.92 1228.39 1354.62 3782.93
1740000 1200.82 1238.51 1352.63 3791.96
1742000 1203.88 1243.7 1352.57 3800.15
1744000 1206.68 1243.76 1350.95 3801.39
1746000 1208.17 1242.4 1351.87 3802.44
1748000 1210.6 1244.34 1355.23 3810.17
1750000 1213.22 1249.03 1354.08 3816.32
1752000 1214.13 1252.56 1356.77 3823.46
1754000 1215.69 1251.99 1357.91 3825.59
1756000 1216.91 1254.25 1356.27 3827.43
1758000 1215.56 1253.96 1358.17 3827.69
1760000 1218.28 1257.11 1362.1 3837.49
1762000 1216.01 1256.8 1363.65 3836.47
1764000 1219.75 1262.21 1365.94 3847.9
1766000 1222.36 1261.77 1362.54 3846.67
1768000 1223.94 1267.91 1361.54 3853.39
1770000 1226.31 1268.44 1364.28 3859.03
1772000 1229.57 1269.42 1365.11 3864.1
1774000 1230.42 1265.71 1364.85 3860.99
1776000 1232.17 1264.06 1365.29 3861.53
1778000 1231.34 1267.24 1368.41 3866.99
1780000 1232.04 1271.25 1367.72 3871.01
1782000 1233.31 1275.28 1369.08 3877.67
1784000 1235.35 1276.6 1372.51 3884.46
1786000 1235.24 1278.7 1373.99 3887.94
1788000 1237.44 1277.2 1371.34 3885.99
1790000 1238.22 1280.01 1378.19 3896.43
1792000 1242.53 1281.39 1380.74 3904.66
1794000 1240.07 1280.02 1383.96 3904.05
1796000 1238.58 1279.81 1384.08 3902.47
1798000 1239.57 1283.05 1385.87 3908.49
1800000 1238.57 1283.61 1385.68 3907.85
1802000 1242.66 1283.47 1389.49 3915.62
1804000 1246.26 1286.2 1393.77 3926.23
1806000 1245.09 1286.98 1393.39 3925.46
1808000 1246.62 1287.95 1394.64 3929.22
1810000 1248.09 1289.62 1398.62 3936.33
1812000 1249.11 1290.15 1405.06 3944.32
1814000 1250.39 1287.72 1410.58 3948.68
1816000 1253.8 1288.64 1409.52 3951.97
1818000 1255.94 1290.74 1413.28 3959.96
1820000 1263.29 1291.93 1414.9 3970.11
1822000 1263.69 1294.74 1416.18 3974.6
1824000 1263.73 1297.1 1417.57 3978.4
1826000 1266.45 1293.89 1422.27 3982.61
1828000 1269.48 1295.64 1426.39 3991.52
1830000 1268.46 1299.75 1426.86 3995.08
1832000 1268.92 1303.73 1428.05 4000.69
1834000 1271.83 1307.72 1431.26 4010.81
1836000 1273.36 1309.67 1432.08 4015.12
1838000 1274.44 1310.9 1434.86 4020.2
1840000 1276.87 1314.73 1435.98 4027.58
1842000 1277.89 1314.06 1438.22 4030.17
1844000 1275.45 1313.91 1439.2 4028.56
1846000 1274.26 1318.27 1445.14 4037.67
1848000 1274.2 1322.28 1447.57 4044.06
1850000 1278.78 1322.9 1446.05 4047.73
1852000 1277.05 1323.68 1448.75 4049.48
1854000 1279.34 1326.69 1449.9 4055.93
1856000 1283.13 1328.33 1448.08 4059.54
1858000 1281.2 1328.83 1453.66 4063.69
1860000 1282.66 1330.86 1456.42 4069.93
1862000 1283.78 1332.14 1455.69 4071.6
1864000 1281.05 1336.37 1454.72 4072.14
1866000 1280.09 1334.42 1454.9 4069.42
1868000 1280.43 1334.19 1454.84 4069.47
1870000 1278.87 1332.21 1457.92 4069
1872000 1287.66 1335.6 1460.45 4083.72
1874000 1287.55 1338.41 1462.97 4088.93
1876000 1291.48 1339.41 1462.92 4093.81
1878000 1291.75 1343.27 1464.96 4099.98
1880000 1294.63 1343.31 1467.02 4104.95
1882000 1298.35 1344.61 1470.35 4113.31
1884000 1300.76 1343.89 1473.99 4118.63
1886000 1300.41 1344.18 1473.65 4118.24
1888000 1304.24 1347.07 1477.05 4128.35
1890000 1305.88 1350.51 1477.68 4134.07
1892000 1307.59 1353.91 1481.99 4143.49
1894000 1309.51 1355.42 1480.57 4145.5
1896000 1311.29 1358.78 1479.86 4149.93
1898000 1313.8 1361.92 1480.07 4155.79
1900000 1314.65 1364.07 1483.43 4162.15
1902000 1313.37 1363.15 1486.53 4163.04
1904000 1317.08 1366.43 1484.87 4168.39
1906000 1318.61 1365.55 1484.97 4169.13
1908000 1315.02 1367.35 1487.25 4169.62
1910000 1318.06 1368.56 1488.33 4174.96
1912000 1322.32 1368.8 1487.19 4178.31
1914000 1325.27 1370.2 1491.81 4187.27
1916000 1329.7 1373.35 1495.94 4198.98
1918000 1331.14 1379.2 1496.91 4207.25
1920000 1333.3 1380.82 1494.23 4208.35
1922000 1335.14 1386.08 1492.92 4214.15
1924000 1337.02 1387.88 1496.64 4221.54
1926000 1339.59 1387.53 1494.47 4221.58
1928000 1340.87 1387.44 1500.1 4228.41
1930000 1339.25 1390.27 1500.05 4229.57
1932000 1341.75 1389.78 1503.11 4234.65
1934000 1341.04 1391.59 1504.46 4237.1
1936000 1341.64 1398.11 1506.73 4246.48
1938000 1344.21 1402.63 1510.9 4257.73
1940000 1345.85 1401.93 1514.15 4261.93
1942000 1343.92 1403.1 1517.23 4264.26
1944000 1345.18 1402.95 1520.47 4268.6
1946000 1346.66 1403.48 1519.46 4269.6
1948000 1349.21 1406.21 1521.81 4277.24
1950000 1349.03 1408.34 1523.94 4281.31
1952000 1352.05 1407.97 1528.09 4288.1
1954000 1353.35 1407.42 1531.29 4292.06
1956000 1354.57 1406.31 1534.97 4295.85
1958000 1357.51 1411.23 1537.16 4305.9
1960000 1360.17 1413.33 1539.4 4312.9
1962000 1361.5 1413.01 1541.21 4315.72
1964000 1366.12 1420.05 1545.12 4331.29
1966000 1369.74 1422.09 1548.27 4340.1
1968000 1370.64 1419.27 1549.58 4339.49
1970000 1373.04 1418.4 1547.68 4339.12
1972000 1373.61 1421.74 1550.38 4345.72
1974000 1374.34 1422.85 1548.16 4345.36
1976000 1376.05 1425.01 1550.01 4351.07
1978000 1379.66 1427.42 1552.25 4359.32
1980000 1380.45 1426.64 1556.79 4363.88
1982000 1381.61 1430.05 1560.08 4371.75
1984000 1381 1429.27 1559.22 4369.5
1986000 1382.25 1427.82 1564.32 4374.39
1988000 1388.8 1430.41 1564.88 4384.09
1990000 1385.76 1429.02 1566.93 4381.71
1992000 1390.27 1431.25 1569.04 4390.56
1994000 1389.45 1430.98 1570.34 4390.77
1996000 1392.14 1432.97 1567.4 4392.51
1998000 1396.57 1432.9 1567.38 4396.84
2000000 1398.74 1434.24 1569.58 4402.56
