# Time-averaged data for fix savemsd
# TimeStep c_msd[1] c_msd[2] c_msd[3] c_msd[4]
0 0 1.82607e-33 5.87628e-30 5.87811e-30
2000 0.831244 0.858704 0.956659 2.64661
4000 1.74269 1.5861 1.76288 5.09166
6000 2.49803 2.23054 2.44457 7.17313
8000 3.16907 2.82372 3.02207 9.01486
10000 3.99908 3.50952 3.62737 11.136
12000 4.50967 4.16836 4.33493 13.013
14000 5.07337 5.08964 5.01935 15.1824
16000 6.06591 5.77369 5.78956 17.6292
18000 6.92288 6.53058 6.51258 19.966
20000 7.79854 7.15943 7.09071 22.0487
22000 8.56385 7.95256 8.03597 24.5524
24000 9.25285 8.78703 8.58225 26.6221
26000 10.0293 9.71975 9.49392 29.243
28000 10.6968 10.2949 10.3056 31.2974
30000 11.3354 10.6483 10.9878 32.9716
32000 11.9505 11.2693 11.8015 35.0213
34000 12.542 11.9735 12.6749 37.1905
36000 12.972 12.868 13.6397 39.4797
38000 13.9614 14.0081 14.3417 42.3112
40000 14.6291 14.5007 14.8552 43.985
42000 15.3591 15.4833 15.5892 46.4317
44000 16.1769 16.2727 16.1902 48.6398
46000 16.9593 16.9006 16.8498 50.7098
48000 17.3945 18.2346 17.4863 53.1155
50000 17.9242 18.8672 18.5052 55.2966
52000 18.778 19.2182 18.8098 56.806
54000 19.5084 20.3737 19.3521 59.2342
56000 19.9725 21.0494 20.0926 61.1144
58000 20.5527 21.5598 20.8997 63.0121
60000 21.5242 22.1474 21.4132 65.0848
62000 22.0329 22.8876 22.1124 67.0329
64000 22.9861 23.9136 22.6632 69.5629
66000 23.509 24.9622 23.2314 71.7026
68000 24.3225 25.7212 23.8218 73.8655
70000 24.986 26.3886 24.6622 76.0368
72000 25.9447 26.7908 25.271 78.0064
74000 26.3264 27.4494 25.8017 79.5776
76000 26.8909 28.6873 27.0347 82.6129
78000 27.4416 29.3752 27.9227 84.7396
80000 28.633 29.8547 28.6709 87.1586
82000 29.5119 30.7039 29.254 89.4698
84000 30.2753 31.5517 29.9951 91.8221
86000 30.7239 32.6157 30.5252 93.8648
88000 31.9361 33.7064 31.2515 96.894
90000 32.4245 33.6526 32.1286 98.2058
92000 32.8274 34.477 32.7563 100.061
94000 34.0704 35.1487 33.4743 102.693
96000 35.3688 35.7011 34.0198 105.09
98000 35.5808 36.4386 34.7703 106.79
100000 36.0423 36.6404 35.8152 108.498
102000 36.5441 37.5948 36.9233 111.062
104000 37.3901 38.4016 37.5385 113.33
106000 38.4895 38.9488 38.2466 115.685
108000 39.3087 39.4563 39.1727 117.938
110000 40.3083 40.0834 39.6636 120.055
112000 40.5411 40.9712 40.2473 121.76
114000 41.2785 42.2042 40.8609 124.344
116000 42.1783 43.023 41.6862 126.887
118000 42.9531 43.9616 42.2605 129.175
120000 43.7381 44.7647 43.2555 131.758
122000 44.5181 45.9831 43.7419 134.243
124000 45.2862 47.526 44.7135 137.526
126000 46.2352 47.2525 45.6951 139.183
128000 47.7584 48.1895 46.0888 142.037
130000 48.6016 48.7595 46.7133 144.074
132000 48.4407 49.9239 47.5005 145.865
134000 49.2353 49.6609 48.5415 147.438
136000 50.2413 51.1333 49.439 150.814
138000 50.9289 51.9408 50.5322 153.402
140000 51.7998 52.8881 51.0861 155.774
142000 53.4342 53.1916 51.633 158.259
144000 54.6014 53.9368 52.5925 161.131
146000 54.7659 54.5458 53.2488 162.56
148000 55.7689 54.8403 54.0379 164.647
150000 56.3544 55.1436 54.3703 165.868
152000 57.2901 55.7995 55.524 168.614
154000 57.7637 56.2002 56.2361 170.2
156000 59.0298 57.0862 56.6821 172.798
158000 59.4872 57.2246 57.3392 174.051
160000 59.6387 58.1174 58.0036 175.76
162000 60.3386 59.2851 59.3349 178.959
164000 60.7274 59.7996 60.3297 180.857
166000 61.2995 60.6125 60.6116 182.524
168000 62.2574 61.5057 61.6833 185.446
170000 62.2887 62.2618 63.368 187.918
172000 62.9161 62.8917 63.7622 189.57
174000 63.2975 63.2977 64.9475 191.543
176000 64.1538 63.4244 65.6085 193.187
178000 64.9349 64.1048 66.5321 195.572
180000 65.6321 65.0495 67.113 197.795
182000 66.4441 66.3027 67.9995 200.746
184000 67.1387 66.9832 68.5878 202.71
186000 68.4937 67.8172 68.9869 205.298
188000 69.6218 68.3769 69.7337 207.732
190000 70.2386 69.2261 70.5593 210.024
192000 70.8483 70.3034 70.8035 211.955
194000 71.7039 70.5527 71.0722 213.329
196000 72.5286 70.6521 71.4256 214.606
198000 73.6029 71.2902 72.1933 217.086
200000 74.7137 72.6352 73.246 220.595
202000 74.9438 73.8741 74.2432 223.061
204000 75.3921 74.5637 75.1809 225.137
206000 75.9807 75.8574 75.9867 227.825
208000 76.2787 76.4599 77.1045 229.843
210000 76.6036 77.4458 77.6477 231.697
212000 77.6169 77.5422 78.3192 233.478
214000 78.6236 77.4643 79.6452 235.733
216000 79.6723 78.3962 80.2633 238.332
218000 80.5932 78.8125 81.2064 240.612
220000 81.9066 79.7888 82.5217 244.217
222000 82.7041 80.3628 84.3752 247.442
224000 83.7162 80.7956 85.5768 250.089
226000 85.0988 80.5618 86.4984 252.159
228000 85.7548 81.1699 87.9601 254.885
230000 85.9162 81.7458 87.7575 255.42
232000 86.6128 82.6846 88.2322 257.529
234000 87.794 82.6998 88.9055 259.399
236000 88.6284 83.3485 90.012 261.989
238000 89.2085 84.1811 90.732 264.122
240000 89.6687 85.7922 91.3806 266.841
242000 90.9571 86.6207 91.9324 269.51
244000 91.2992 87.1077 92.8754 271.282
246000 91.9895 87.8766 93.1968 273.063
248000 93.0177 88.6983 93.748 275.464
250000 93.1732 89.2416 94.5731 276.988
252000 94.0214 89.4584 95.8685 279.348
254000 95.1147 90.6687 96.4171 282.201
256000 96.2327 91.2781 96.8925 284.403
258000 96.4576 92.3557 97.2508 286.064
260000 97.2184 92.5298 97.8054 287.554
262000 98.6266 93.8155 98.2893 290.731
264000 99.2053 95.4778 98.7578 293.441
266000 100.884 95.2229 100.008 296.115
268000 101.057 95.4938 100.339 296.89
270000 101.291 95.6954 102.335 299.321
272000 101.724 96.7808 102.982 301.486
274000 102.509 97.8689 103.222 303.6
276000 103.345 99.275 104.07 306.691
278000 104.507 99.2489 105.264 309.019
280000 106.55 99.9099 104.945 311.405
282000 107.81 98.6473 105.137 311.594
284000 108.97 99.951 105.355 314.276
286000 109.576 101.057 105.678 316.311
288000 110.206 100.913 106.678 317.797
290000 110.569 101.527 106.613 318.71
292000 110.797 102.032 107.613 320.443
294000 111.793 102.701 108.641 323.135
296000 112.362 102.299 109.591 324.251
298000 113.281 103.282 110.845 327.408
300000 113.422 103.422 111.275 328.119
302000 113.896 104.511 111.742 330.149
304000 114.753 104.475 112.237 331.464
306000 116.693 105.252 112.213 334.158
308000 116.727 106.119 113.425 336.271
310000 117.367 107.085 113.583 338.035
312000 118.511 107.483 114.777 340.771
314000 118.984 108.48 115.576 343.041
316000 119.675 108.814 116.161 344.65
318000 119.727 109.605 116.558 345.89
320000 120.459 110.442 117.336 348.237
322000 120.676 110.798 117.226 348.7
324000 121.331 111.684 118.143 351.158
326000 121.757 112.37 119.337 353.464
328000 123.541 113.132 119.751 356.424
330000 123.944 113.069 120.286 357.3
332000 123.68 114.186 120.799 358.666
334000 125.257 114.895 121.467 361.619
336000 126.016 115.281 122.932 364.229
338000 126.103 116.065 123.486 365.654
340000 126.297 116.716 123.928 366.941
342000 128.08 117.252 125.292 370.624
344000 129.059 117.789 125.841 372.689
346000 129.871 118.187 127.018 375.076
348000 130.782 118.465 127.565 376.812
350000 131.376 119.84 128.419 379.634
352000 132.253 120.578 128.653 381.484
354000 133.099 121.23 129.986 384.314
356000 133.653 122.125 130.158 385.936
358000 134.884 122.212 131.426 388.522
360000 135.562 122.663 132.358 390.583
362000 135.754 123.208 133.475 392.437
364000 136.192 123.415 134.657 394.264
366000 136.699 124.525 135.745 396.969
368000 137.772 124.634 137.665 400.071
370000 138.909 123.746 138.075 400.73
372000 140.622 124.774 139.033 404.429
374000 139.976 125.839 139.508 405.323
376000 141.561 126.387 140.186 408.134
378000 141.205 127.473 140.566 409.244
380000 141.704 128.052 141.649 411.405
382000 142.514 128.615 142.554 413.683
384000 143.399 129.335 143.303 416.038
386000 144.047 129.818 144.07 417.935
388000 146.122 131.021 144.251 421.394
390000 147.575 132.01 144.755 424.341
392000 146.671 133.306 145.947 425.924
394000 147.681 133.867 147.487 429.035
396000 148.143 134.093 148.355 430.591
398000 148.199 135.881 149.253 433.333
400000 148.665 136.258 150.775 435.697
402000 149.904 136.552 152.304 438.76
404000 150.191 137.563 153.361 441.115
406000 151.578 137.292 155.455 444.325
408000 152.07 139.391 155.978 447.439
410000 152.021 140.069 156.38 448.47
412000 151.879 140.615 156.853 449.346
414000 152.138 140.89 157.428 450.456
416000 153.386 140.71 158.502 452.598
418000 153.461 140.171 160.419 454.051
420000 154.393 139.918 160.102 454.414
422000 155.292 140.929 160.593 456.814
424000 155.385 141.359 161.144 457.889
426000 156.14 142.102 163.272 461.513
428000 157.654 142.528 163.057 463.24
430000 158.904 144.042 163.942 466.888
432000 158.813 144.85 165.695 469.358
434000 159.526 145.329 166.828 471.682
436000 160.321 146.497 167.053 473.871
438000 161.343 146.985 167.493 475.821
440000 162.004 148.16 169.218 479.382
442000 162.953 149.403 169.512 481.867
444000 163.647 150.687 169.221 483.555
446000 164.732 151.636 170.099 486.467
448000 164.498 152.396 170.919 487.812
450000 164.555 153.174 172.357 490.087
452000 165.513 153.937 173.571 493.021
454000 166.557 154.841 175.284 496.682
456000 168.016 156.231 176.45 500.698
458000 168.385 156.59 177.381 502.357
460000 170.051 156.669 178.641 505.361
462000 171.991 158.255 180.093 510.338
464000 172.112 159.129 180.918 512.159
466000 173.574 158.723 180.058 512.355
468000 175.075 158.896 180.176 514.148
470000 176.318 159.936 180.954 517.207
472000 177.587 159.944 180.94 518.471
474000 178.297 161.228 181.612 521.137
476000 177.798 162.587 181.963 522.348
478000 177.909 162.728 181.332 521.969
480000 177.98 163.163 181.541 522.684
482000 178.748 163.864 182.795 525.406
484000 178.827 164.257 182.694 525.778
486000 179.845 166.22 182.166 528.232
488000 180.341 166.317 182.682 529.34
490000 180.152 167.383 182.82 530.355
492000 181.512 167.695 183.511 532.717
494000 182.608 168.329 184.347 535.284
496000 182.738 169.971 185.32 538.029
498000 183.142 170.097 186.384 539.623
500000 183.375 171.227 187.224 541.826
502000 183.304 172.477 188.585 544.365
504000 182.669 173.577 189.694 545.941
506000 183.891 175.651 188.906 548.448
508000 185.077 175.819 190.918 551.815
510000 185.67 176.938 191.537 554.145
512000 185.743 177.279 192.906 555.928
514000 186.686 178.197 195.079 559.962
516000 186.511 179.078 195.643 561.233
518000 187.587 179.86 196.256 563.703
520000 188.584 180.051 196.691 565.326
522000 190.198 181.265 196.803 568.266
524000 191.419 182.209 196.444 570.072
526000 193.715 182.683 196.432 572.83
528000 194.151 183.278 197.203 574.633
530000 195.236 184.355 199.138 578.729
532000 197.96 185.753 199.906 583.619
534000 199.026 186.631 201.335 586.991
536000 199.767 186.556 202.337 588.659
538000 199.894 187.432 203.151 590.478
540000 201.198 187.305 203.74 592.244
542000 202.926 187.577 203.598 594.1
544000 205.089 187.683 205.144 597.916
546000 206.766 187.824 205.528 600.118
548000 208.395 188.448 205.515 602.358
550000 209.704 188.647 206.043 604.394
552000 209.62 189.446 207.721 606.787
554000 210.65 191.503 208.256 610.41
556000 211.033 191.321 209.135 611.488
558000 211.879 190.868 210.813 613.56
560000 214.239 190.988 212.116 617.343
562000 215.289 192.139 213.033 620.461
564000 216.465 194.18 213.924 624.569
566000 215.652 195.113 215.061 625.825
568000 215.204 196.466 216.249 627.919
570000 215.407 197.588 216.844 629.839
572000 217.047 197.152 218.142 632.341
574000 218.055 198.869 218.123 635.047
576000 218.671 199.795 218.205 636.672
578000 219.292 199.281 218.961 637.534
580000 219.687 200.303 219.306 639.296
582000 220.565 200.915 221.022 642.503
584000 220.668 201.632 222.654 644.954
586000 221.273 200.818 222.76 644.852
588000 221.682 201.937 223.605 647.224
590000 223.333 203.033 223.962 650.328
592000 223.151 204.51 224.156 651.818
594000 223.808 205.448 224.943 654.2
596000 224.75 206.117 224.414 655.281
598000 226.032 206.556 225.969 658.557
600000 226.72 206.711 226.116 659.548
602000 227.119 207.017 227.206 661.342
604000 227.848 207.557 228.509 663.914
606000 229.033 209.537 229.348 667.918
608000 229.507 210.02 230.791 670.318
610000 230.884 212.422 232.539 675.845
612000 231.129 213.663 232.076 676.868
614000 231.526 214.479 232.72 678.726
616000 232.736 214.175 234.313 681.224
618000 233.684 214.179 234.634 682.497
620000 235.18 215.594 235.834 686.609
622000 236.251 216.756 235.179 688.185
624000 236.357 217.596 235.593 689.546
626000 237.907 218.618 235.725 692.25
628000 237.444 219.61 237.398 694.452
630000 238.317 220.13 238.178 696.625
632000 239.058 221.425 239.695 700.178
634000 240.625 222.487 240.455 703.567
636000 242.081 222.866 241.381 706.328
638000 243.273 223.269 242.064 708.606
640000 243.572 224.284 242.725 710.581
642000 244.445 224.444 243.85 712.739
644000 244.502 225.586 245.677 715.765
646000 244.972 226.187 246.206 717.365
648000 245.31 227.381 246.558 719.25
650000 247.781 228.536 247.654 723.971
652000 248.058 229.197 246.678 723.933
654000 248.643 229.694 247.989 726.326
656000 248.576 230.463 248.535 727.574
658000 249.412 230.261 249.473 729.146
660000 249.57 232.107 249.551 731.227
662000 251.2 233.797 251.161 736.157
664000 252.883 235.064 253.139 741.086
666000 253.651 234.85 253.599 742.1
668000 252.857 234.479 253.655 740.99
670000 253.087 235.591 254.006 742.684
672000 254.67 236.555 254.161 745.386
674000 254.5 236.496 255.915 746.911
676000 255.941 237.74 257.306 750.987
678000 256.423 238.134 258.576 753.133
680000 256.981 238.422 260.938 756.342
682000 258.828 239.635 261.636 760.099
684000 259.871 241.006 261.951 762.828
686000 260.725 242.181 262.26 765.165
688000 263.121 241.742 263.257 768.119
690000 263.118 243.297 264.781 771.196
692000 262.502 244.895 265.847 773.244
694000 262.968 246.018 266.473 775.459
696000 264.231 246.738 266.295 777.265
698000 264.372 247.075 267.045 778.492
700000 265.173 246.641 265.996 777.81
702000 265.505 247.81 267.651 780.966
704000 267.195 249.387 266.922 783.504
706000 267.802 250.271 266.076 784.149
708000 269.21 250.368 267.378 786.955
710000 270.706 250.923 267.814 789.443
712000 271.551 251.862 268.014 791.427
714000 271.931 253.113 269.893 794.937
716000 271.168 253.958 270.965 796.091
718000 272.968 254.543 271.731 799.242
720000 272.626 254.931 272.224 799.78
722000 273.3 255.634 273.219 802.153
724000 274.362 254.108 273.762 802.232
726000 273.917 254.551 272.96 801.428
728000 275.828 255.696 274.237 805.761
730000 275.681 256.013 275.053 806.747
732000 276.572 257.088 275.586 809.246
734000 276.356 257.951 276.027 810.335
736000 276.316 257.714 276.793 810.823
738000 278.07 257.312 278.18 813.562
740000 279.904 257.722 278.703 816.329
742000 280.258 258.312 279.399 817.969
744000 280.75 257.981 279.169 817.9
746000 281.26 260.864 280.918 823.041
748000 282.219 261.255 280.885 824.359
750000 283.665 262.458 280.48 826.603
752000 283.627 263.766 282.344 829.738
754000 284.472 265.103 283.851 833.426
756000 286.103 267.729 284.911 838.743
758000 286.939 267.048 284.847 838.834
760000 287.178 267.613 286.653 841.445
762000 287.296 269.143 285.863 842.302
764000 288.325 269.172 286.809 844.307
766000 288.919 270.179 287.39 846.488
768000 290.172 271.21 288.506 849.889
770000 291.342 270.795 288.533 850.67
772000 291.227 271.559 288.281 851.067
774000 292.825 272.584 289.636 855.044
776000 292.96 273.828 292.136 858.924
778000 292.998 275.747 292.218 860.963
780000 294.82 276.5 294.252 865.573
782000 295.698 276.639 295.713 868.05
784000 296.131 276.941 296.008 869.08
786000 296.246 278.299 295.877 870.422
788000 296.964 278.234 297.064 872.262
790000 296.483 279.681 298.379 874.543
792000 299.254 279.262 297.702 876.218
794000 297.665 280.074 298.21 875.949
796000 297.138 281.035 299.819 877.992
798000 296.691 281.667 300.281 878.639
800000 298.189 282.067 301.108 881.364
802000 298.085 282.283 301.913 882.282
804000 298.99 282.549 302.258 883.797
806000 300.675 282.547 302.17 885.392
808000 300.196 283.897 302.013 886.106
810000 301.842 284.529 302.364 888.735
812000 302.884 284.771 303.053 890.708
814000 303.252 285.427 303.924 892.603
816000 303.088 286.033 305.24 894.36
818000 305.223 287.206 306.479 898.909
820000 306.315 287.778 306.63 900.723
822000 306.906 290.147 306.954 904.006
824000 308.165 290.262 307.429 905.855
826000 308.79 291.585 307.482 907.857
828000 309.607 292.998 308.85 911.455
830000 311.613 293.819 310 915.431
832000 312.195 294.042 311.852 918.089
834000 312.636 295.83 313.312 921.778
836000 314.044 297.765 313.921 925.73
838000 315.51 297.266 313.813 926.589
840000 316.253 297.791 313.853 927.896
842000 318.153 298.332 314.789 931.274
844000 318.966 298.022 315.289 932.277
846000 319.307 299.467 316.156 934.93
848000 319.009 299.195 315.645 933.85
850000 320.454 299.236 317.909 937.599
852000 321.452 299.112 319.912 940.476
854000 322.626 301.002 321.082 944.71
856000 323.876 301.622 321.47 946.967
858000 325.374 302.264 322.204 949.842
860000 326.785 303.907 321.958 952.65
862000 326.333 304.456 322.464 953.254
864000 327.861 304.899 322.495 955.255
866000 327.159 305.047 323.037 955.243
868000 328.431 306.042 324.166 958.639
870000 329.141 306.877 325.062 961.08
872000 329.839 307.79 325.998 963.627
874000 330.92 309.602 325.063 965.585
876000 331.72 310.503 325.99 968.213
878000 331.411 311.601 327.333 970.345
880000 332.287 310.89 327.114 970.291
882000 331.474 311.916 328.115 971.504
884000 333.876 312.658 328.946 975.479
886000 334.813 315.229 329.72 979.762
888000 335.863 317.017 330.18 983.06
890000 336.477 317.232 331.294 985.002
892000 337.303 316.998 332.466 986.766
894000 338.375 318.682 333.07 990.127
896000 339.83 320.236 334.249 994.315
898000 340.983 318.496 335.944 995.424
900000 341.45 318.617 338.856 998.923
902000 342.033 320.253 339.858 1002.14
904000 343.002 319.814 339.087 1001.9
906000 342.422 320.928 339.809 1003.16
908000 341.049 321.532 340.484 1003.06
910000 341.022 323.281 341.938 1006.24
912000 341.89 323.313 341.84 1007.04
914000 342.862 324.333 342.154 1009.35
916000 343.355 325.919 342.765 1012.04
918000 344.481 325.888 343.434 1013.8
920000 345.041 326.772 343.531 1015.34
922000 344.442 327.83 343.668 1015.94
924000 344.913 330.038 344.271 1019.22
926000 345.051 332.648 344.295 1021.99
928000 344.919 332.376 344.49 1021.79
930000 345.773 333.409 347.17 1026.35
932000 346.306 333.562 348.153 1028.02
934000 346.909 333.748 348.941 1029.6
936000 348.035 334.796 349.836 1032.67
938000 347.202 334.335 350.666 1032.2
940000 346.756 335.917 351.123 1033.8
942000 347.414 337.904 351.031 1036.35
944000 349.776 339.275 350.741 1039.79
946000 350.817 341.662 349.925 1042.4
948000 352.984 341.22 351.786 1045.99
950000 353 341.973 352.529 1047.5
952000 353.499 343.64 353.058 1050.2
954000 353.972 343.712 353.943 1051.63
956000 355.117 344.399 354.773 1054.29
958000 356.655 344.769 353.921 1055.34
960000 358.383 346.929 354.345 1059.66
962000 360.248 347.153 354.644 1062.05
964000 360.687 347.652 355.2 1063.54
966000 360.474 348.628 355.956 1065.06
968000 361.92 349.502 356.687 1068.11
970000 363.294 350.279 359.961 1073.53
972000 365.106 352.777 359.109 1076.99
974000 365.43 352.415 359.947 1077.79
976000 368.43 351.836 360.761 1081.03
978000 369.822 352.992 362.511 1085.33
980000 372.561 354.278 364.018 1090.86
982000 374.032 355.744 364.268 1094.04
984000 373.471 355.977 366.096 1095.54
986000 372.637 355.176 366.646 1094.46
988000 372.806 355.632 367.336 1095.77
990000 374.365 356.846 367.288 1098.5
992000 375.298 357.531 367.438 1100.27
994000 376.124 359.15 367.588 1102.86
996000 376.518 359.767 367.381 1103.67
998000 378.315 361.503 370.079 1109.9
1000000 378.951 361.608 370.328 1110.89
1002000 379.549 363.976 371.311 1114.84
1004000 380.474 363.739 373.113 1117.33
1006000 380.521 365.209 373.989 1119.72
1008000 381.163 365.648 375.24 1122.05
1010000 383.237 365.327 377.116 1125.68
1012000 384.541 365.647 378.606 1128.79
1014000 385.02 366.495 379.465 1130.98
1016000 385.111 367.437 379.69 1132.24
1018000 386.498 368.748 379.609 1134.85
1020000 387.812 369.054 380.844 1137.71
1022000 388.793 370.52 380.964 1140.28
1024000 391.576 369.191 381.032 1141.8
1026000 391.554 369.946 383.197 1144.7
1028000 393.509 371.963 384.818 1150.29
1030000 394.777 371.743 386.393 1152.91
1032000 395.728 372.372 386.96 1155.06
1034000 396.368 372.856 387.902 1157.13
1036000 397.432 374.212 388.046 1159.69
1038000 399.308 375.088 388.931 1163.33
1040000 399.435 375.578 387.877 1162.89
1042000 400.504 377.352 389.531 1167.39
1044000 400.944 378.607 390.599 1170.15
1046000 401.422 378.265 391.625 1171.31
1048000 403.063 378.601 389.911 1171.57
1050000 403.055 377.835 390.192 1171.08
1052000 404.07 378.304 391.25 1173.62
1054000 403.609 378.508 393.246 1175.36
1056000 404.703 378.528 394.16 1177.39
1058000 405.315 380.019 395.701 1181.03
1060000 405.394 380.151 396.329 1181.87
1062000 405.749 382.623 397.803 1186.18
1064000 406.416 384.487 398.563 1189.47
1066000 406.842 384.905 399.975 1191.72
1068000 408.62 386.045 400.688 1195.35
1070000 408.608 388.014 402.787 1199.41
1072000 409.301 389.253 404.323 1202.88
1074000 411.243 387.85 405.296 1204.39
1076000 410.778 387.793 406.67 1205.24
1078000 410.985 387.523 406.85 1205.36
1080000 413.592 388.716 407.694 1210
1082000 415.446 389.743 410.525 1215.71
1084000 414.467 389.412 410.488 1214.37
1086000 414.225 389.831 412.644 1216.7
1088000 414.777 391.815 412.352 1218.94
1090000 414.755 392.499 413.45 1220.7
1092000 416.376 393.774 413.524 1223.67
1094000 416.211 394.239 416.161 1226.61
1096000 416.185 394.887 416.15 1227.22
1098000 416.877 396.485 414.882 1228.25
1100000 417.78 398.531 416.795 1233.11
1102000 417.602 399.225 418.507 1235.33
1104000 417.827 400.906 421.598 1240.33
1106000 417.771 402.133 422.989 1242.89
1108000 419.66 404.053 424.073 1247.79
1110000 420.676 404.518 424.1 1249.29
1112000 422.004 404.664 424.595 1251.26
1114000 422.064 406.171 424.537 1252.77
1116000 420.578 405.208 423.446 1249.23
1118000 421.064 405.724 424.334 1251.12
1120000 422.565 406.581 425.791 1254.94
1122000 422.857 408.344 426.194 1257.4
1124000 424.711 408.958 425.526 1259.2
1126000 425.373 408.862 426.983 1261.22
1128000 425.014 409.465 427.133 1261.61
1130000 426.499 410.677 429.251 1266.43
1132000 427.011 411.816 429.523 1268.35
1134000 427.172 411.973 430.329 1269.47
1136000 426.493 411.344 430.516 1268.35
1138000 427.306 411.97 430.383 1269.66
1140000 428.772 410.635 429.816 1269.22
1142000 428.696 410.363 431.879 1270.94
1144000 430.183 410.831 430.82 1271.83
1146000 431.156 409.24 431.011 1271.41
1148000 432.272 411.161 432.461 1275.89
1150000 433.932 411.359 431.851 1277.14
1152000 434.97 413.025 432.483 1280.48
1154000 435.558 414.164 431.704 1281.43
1156000 435.756 415.051 433.078 1283.88
1158000 437.408 416.726 433.006 1287.14
1160000 437.614 417.299 435.933 1290.85
1162000 437.265 420.47 435.827 1293.56
1164000 438.494 421.166 435.784 1295.44
1166000 438.038 421.02 436.841 1295.9
1168000 438.346 421.157 437.783 1297.29
1170000 438.371 421.434 438.06 1297.86
1172000 439.158 422.394 439.796 1301.35
1174000 441.234 421.425 440.748 1303.41
1176000 442.129 422.664 441.354 1306.15
1178000 443.399 423.473 445.6 1312.47
1180000 446.012 424.47 445.922 1316.4
1182000 446.594 424.36 447.301 1318.25
1184000 448.281 425.175 447.623 1321.08
1186000 448.11 426.282 447.273 1321.67
1188000 449.015 427.567 448.128 1324.71
1190000 447.472 429.023 447.872 1324.37
1192000 449.001 429.15 448.8 1326.95
1194000 449.416 428.935 448.713 1327.06
1196000 450.165 428.948 451.597 1330.71
1198000 450.599 429.221 452.028 1331.85
1200000 452.411 430.958 453.662 1337.03
1202000 452.738 432.379 455.11 1340.23
1204000 453.495 433.82 454.543 1341.86
1206000 455.147 434.611 455.248 1345.01
1208000 455.609 435.712 458.383 1349.7
1210000 456.023 434.49 458.848 1349.36
1212000 457.11 435.127 460.532 1352.77
1214000 458.783 435.935 460.994 1355.71
1216000 459.87 435.143 462.464 1357.48
1218000 459.6 436.486 462.865 1358.95
1220000 460.185 436.429 463.759 1360.37
1222000 459.843 437.227 465.636 1362.71
1224000 461.588 436.017 467.195 1364.8
1226000 461.18 436.223 467.553 1364.96
1228000 461.742 437.29 467.713 1366.74
1230000 463.973 436.479 467.455 1367.91
1232000 464.44 437.128 467.464 1369.03
1234000 465.338 437.559 468.516 1371.41
1236000 466.905 437.737 468.833 1373.47
1238000 468.312 439.302 472.196 1379.81
1240000 469.121 440.452 472.231 1381.8
1242000 470.099 440.717 473.376 1384.19
1244000 471.615 441.219 474.9 1387.73
1246000 473.128 442.867 475.147 1391.14
1248000 474.431 443.657 476.333 1394.42
1250000 475.548 444.86 478.329 1398.74
1252000 475.304 446.493 480.27 1402.07
1254000 475.871 446.225 480.824 1402.92
1256000 476.534 446.462 480.858 1403.85
1258000 478.294 446.474 480.776 1405.54
1260000 479.526 447.917 482.464 1409.91
1262000 481.12 447.28 485.265 1413.66
1264000 482.611 447.953 486.31 1416.87
1266000 483.279 448.473 488.322 1420.07
1268000 482.821 448.058 488.873 1419.75
1270000 484.068 449.649 487.919 1421.64
1272000 484.013 448.898 488.504 1421.41
1274000 486.543 449.453 488.833 1424.83
1276000 487.725 452.305 488.816 1428.85
1278000 489.085 452.287 488.436 1429.81
1280000 489.554 452.357 488.577 1430.49
1282000 491.098 455.033 489.739 1435.87
1284000 492.069 457.021 487.877 1436.97
1286000 492.893 457.43 489.577 1439.9
1288000 494.477 459.352 490.958 1444.79
1290000 496.016 461.556 492.308 1449.88
1292000 495.676 464.002 494.45 1454.13
1294000 496.66 465.751 494.421 1456.83
1296000 497.265 463.814 493.365 1454.44
1298000 496.603 464.201 492.87 1453.67
1300000 497.934 464.527 495.218 1457.68
1302000 498.403 464.936 496.648 1459.99
1304000 500.733 466.686 496.828 1464.25
1306000 500.785 467.221 498.066 1466.07
1308000 502.618 468.761 498.65 1470.03
1310000 501.943 469.797 497.609 1469.35
1312000 503.088 470.672 496.881 1470.64
1314000 502.893 472.844 497.068 1472.8
1316000 504.283 474.176 496.657 1475.12
1318000 505.72 474.132 497.421 1477.27
1320000 506.617 473.721 497.173 1477.51
1322000 507.53 473.805 497.776 1479.11
1324000 507.659 474.925 499.845 1482.43
1326000 510.389 474.527 500.497 1485.41
1328000 511.367 475.501 501.52 1488.39
1330000 511.708 476.976 500.597 1489.28
1332000 512.409 478.374 501.518 1492.3
1334000 513.871 480.574 500.566 1495.01
1336000 513.812 481.166 500.413 1495.39
1338000 516.845 482.935 500.9 1500.68
1340000 517.06 484.047 503.042 1504.15
1342000 518.553 485.881 503.878 1508.31
1344000 520.881 486.113 504.462 1511.46
1346000 522.537 486.224 504.925 1513.69
1348000 523.498 486.311 504.607 1514.42
1350000 522.371 487.761 505.913 1516.05
1352000 523.986 489.149 505.522 1518.66
1354000 525.117 489.925 504.393 1519.43
1356000 526.499 491.236 505.557 1523.29
1358000 527.343 490.497 504.694 1522.53
1360000 526.924 490.932 505.425 1523.28
1362000 527.257 493.598 508.706 1529.56
1364000 530.166 493.996 509.104 1533.27
1366000 531.619 494.551 508.616 1534.79
1368000 532.506 497.009 511.55 1541.06
1370000 531.867 499.028 511.875 1542.77
1372000 533.382 501.247 514.062 1548.69
1374000 533.245 502.45 516.618 1552.31
1376000 532.141 502.312 518.274 1552.73
1378000 533.202 501.462 519.785 1554.45
1380000 535.411 501.433 520.201 1557.05
1382000 536.588 500.723 521.982 1559.29
1384000 537.643 503.352 523.539 1564.53
1386000 536.864 502.659 522.784 1562.31
1388000 537.835 504.212 523.081 1565.13
1390000 537.263 503.504 522.506 1563.27
1392000 538.078 503.946 523.556 1565.58
1394000 539.845 505.026 524.765 1569.64
1396000 539.819 503.745 525.594 1569.16
1398000 539.823 504.37 526.399 1570.59
1400000 539.811 504.515 526.46 1570.79
1402000 541.516 507.761 525.957 1575.23
1404000 540.812 509.818 526.766 1577.4
1406000 540.616 513.59 526.141 1580.35
1408000 541.055 513.66 526.945 1581.66
1410000 543.323 514.721 526.848 1584.89
1412000 543.774 515.363 526.011 1585.15
1414000 545.609 517.022 528.186 1590.82
1416000 545.306 517.898 529.109 1592.31
1418000 543.896 519.407 528.229 1591.53
1420000 545.907 520.475 529.283 1595.66
1422000 548.339 521.441 530.636 1600.42
1424000 548.397 522.973 531.9 1603.27
1426000 547.583 524.769 531.681 1604.03
1428000 547.872 524.184 531.636 1603.69
1430000 549.824 524.841 532.888 1607.55
1432000 548.739 526.684 534.534 1609.96
1434000 550.5 527.382 535.895 1613.78
1436000 550.529 528.436 536.918 1615.88
1438000 551.048 528.391 536.202 1615.64
1440000 550.355 530.656 536.889 1617.9
1442000 550.638 529.657 539.227 1619.52
1444000 551.199 531.927 539.363 1622.49
1446000 550.476 533.07 540.653 1624.2
1448000 550.98 532.499 541.308 1624.79
1450000 552.969 532.463 540.928 1626.36
1452000 552.22 534.387 542.342 1628.95
1454000 555.008 533.174 542.677 1630.86
1456000 557.123 532.554 543.269 1632.94
1458000 557.579 534.107 542.893 1634.58
1460000 557.784 536.954 544.195 1638.93
1462000 559.729 537.999 546.375 1644.1
1464000 561.795 541.033 548.203 1651.03
1466000 562.347 541.655 548.99 1652.99
1468000 563.02 542.995 548.735 1654.75
1470000 563.861 544.544 550.555 1658.96
1472000 565.081 545.408 551.339 1661.83
1474000 564.786 546.143 552.69 1663.62
1476000 565.463 546.977 551.471 1663.91
1478000 565.988 548.436 552.89 1667.31
1480000 566.931 549.672 552.693 1669.3
1482000 568.119 550.383 553.166 1671.67
1484000 568.367 551.782 555.465 1675.61
1486000 570.007 550.903 556.827 1677.74
1488000 572.214 552.694 556.023 1680.93
1490000 574.232 554.772 555.672 1684.68
1492000 573.534 556.381 555.673 1685.59
1494000 573.965 555.982 557.573 1687.52
1496000 575.076 558.259 558.467 1691.8
1498000 577.057 557.302 560.099 1694.46
1500000 577.015 557.768 560.375 1695.16
1502000 580.184 558.151 560.699 1699.03
1504000 582.345 558.281 560.179 1700.8
1506000 582.046 557.725 561.109 1700.88
1508000 583.298 557.811 561.434 1702.54
1510000 585.167 558.55 564.793 1708.51
1512000 585.375 559.285 564.713 1709.37
1514000 587.87 561.265 566.626 1715.76
1516000 586.872 562.895 567.282 1717.05
1518000 587.125 561.603 568.066 1716.79
1520000 587.676 561.66 568.648 1717.98
1522000 587.923 562.957 570.951 1721.83
1524000 588.609 562.687 571.842 1723.14
1526000 590.071 563.003 571.407 1724.48
1528000 591.008 565.305 572.143 1728.46
1530000 592.374 567.31 571.118 1730.8
1532000 594.656 567.556 572.533 1734.75
1534000 593.227 567.768 573.834 1734.83
1536000 592.975 568.187 573.597 1734.76
1538000 594.387 569.319 574.597 1738.3
1540000 593.663 571.525 575.115 1740.3
1542000 594.286 574.502 576.343 1745.13
1544000 595.496 573.793 576.432 1745.72
1546000 597.419 573.919 577.323 1748.66
1548000 597.302 574.374 579.428 1751.1
1550000 597.431 576.166 579.983 1753.58
1552000 596.614 576.386 580.482 1753.48
1554000 597.908 578.428 581.448 1757.78
1556000 599.088 579.449 581.063 1759.6
1558000 602.136 580.554 579.848 1762.54
1560000 602.376 581.951 581.554 1765.88
1562000 602.651 580.7 581.292 1764.64
1564000 602.673 580.731 581.307 1764.71
1566000 603.318 580.484 580.946 1764.75
1568000 603.763 581.537 580.833 1766.13
1570000 604.564 581.326 580.604 1766.5
1572000 603.845 582.553 580.544 1766.94
1574000 604.455 584.616 582.549 1771.62
1576000 605.669 583.26 585.354 1774.28
1578000 607.206 583.336 588.34 1778.88
1580000 609.111 584.524 588.266 1781.9
1582000 611.861 585.715 589.008 1786.59
1584000 613.185 586.121 590.443 1789.75
1586000 615.822 585.726 590.155 1791.7
1588000 617.114 584.587 591.685 1793.39
1590000 618.349 585.582 590.702 1794.63
1592000 620.599 586.989 591.086 1798.67
1594000 620.398 585.931 593.03 1799.36
1596000 620.218 586.205 593.602 1800.02
1598000 620.765 586.849 593.734 1801.35
1600000 621.413 589.057 595.6 1806.07
1602000 622.946 589.918 596.278 1809.14
1604000 623.571 590.469 597.219 1811.26
1606000 623.154 589.361 594.91 1807.42
1608000 624.841 589.836 595.497 1810.18
1610000 625.63 590.185 598.385 1814.2
1612000 625.742 591.223 599.681 1816.65
1614000 626.768 589.687 600.338 1816.79
1616000 625.986 591.142 602.339 1819.47
1618000 626.892 592.138 604.164 1823.19
1620000 625.768 592.775 605.792 1824.34
1622000 626.777 593.646 607.568 1827.99
1624000 625.968 594.39 609.653 1830.01
1626000 628.44 596.343 611.029 1835.81
1628000 629.044 595.956 613.15 1838.15
1630000 629.114 597.541 615.235 1841.89
1632000 630.886 598.827 615.251 1844.96
1634000 632.508 599.579 615.808 1847.89
1636000 632.083 599.454 616.119 1847.65
1638000 634.795 600.005 615.797 1850.6
1640000 636.483 600.446 616.397 1853.33
1642000 638.35 600.91 617.385 1856.64
1644000 637.974 601.276 617.388 1856.64
1646000 636.393 601.11 618.324 1855.83
1648000 637.029 601.795 620.5 1859.32
1650000 636.974 601.292 620.601 1858.87
1652000 637.387 603.422 619.938 1860.75
1654000 639.63 605.562 621.004 1866.2
1656000 640.168 604.484 622.671 1867.32
1658000 639.644 606.445 625.061 1871.15
1660000 642.218 608.572 625.372 1876.16
1662000 644.222 610.406 624.477 1879.1
1664000 645.158 611.63 625.433 1882.22
1666000 647.857 612.746 625.972 1886.58
1668000 649.861 612.849 625.37 1888.08
1670000 650.758 612.835 627.011 1890.6
1672000 652.916 614.09 627.811 1894.82
1674000 655.308 615.004 626.674 1896.99
1676000 655.121 616.643 625.715 1897.48
1678000 656.021 618.799 626.533 1901.35
1680000 656.345 620.427 626.855 1903.63
1682000 658.065 620.649 625.449 1904.16
1684000 658.905 621.901 624.425 1905.23
1686000 659.637 620.44 625.704 1905.78
1688000 660.409 618.674 625.802 1904.89
1690000 660.28 620.474 625.99 1906.74
1692000 662.156 620.662 625.785 1908.6
1694000 663.41 622.121 626.694 1912.22
1696000 664.626 621.817 626.296 1912.74
1698000 665.419 623.482 627.149 1916.05
1700000 665.265 623.997 627.411 1916.67
1702000 666.551 625.729 627.742 1920.02
1704000 668.164 625.664 627.242 1921.07
1706000 669.749 626.299 629.633 1925.68
1708000 670.301 625.537 629.957 1925.8
1710000 670.051 625.824 631.548 1927.42
1712000 671.862 626.643 630.944 1929.45
1714000 673.454 625.371 631.646 1930.47
1716000 673.936 627.62 633.586 1935.14
1718000 673.936 627.545 634.263 1935.74
1720000 673.733 627.285 634.378 1935.4
1722000 673.7 626.214 637.126 1937.04
1724000 674.117 626.499 637.172 1937.79
1726000 676.753 625.236 637.95 1939.94
1728000 677.205 629.603 637.586 1944.39
1730000 680.116 629.835 639.763 1949.71
1732000 679.899 630.668 640.075 1950.64
1734000 678.958 632.564 640.066 1951.59
1736000 678.192 634.657 641.992 1954.84
1738000 679.194 634.137 643.263 1956.59
1740000 681.412 635.665 643.326 1960.4
1742000 682.356 635.184 644.597 1962.14
1744000 682.646 635.536 646.715 1964.9
1746000 684.388 637.229 646.976 1968.59
1748000 684.971 636.448 646.993 1968.41
1750000 686.19 637.948 648.496 1972.63
1752000 686.434 638.689 648.187 1973.31
1754000 687.603 640.347 648.485 1976.44
1756000 688.737 640.018 649.146 1977.9
1758000 687.229 640.845 650.719 1978.79
1760000 689.251 640.855 651.517 1981.62
1762000 690.516 640.939 652.899 1984.35
1764000 690.253 641.721 655.846 1987.82
1766000 688.13 643.706 655.328 1987.16
1768000 689.393 643.019 655.406 1987.82
1770000 690.518 644.966 655.709 1991.19
1772000 691.222 647.014 656.495 1994.73
1774000 692.515 647.922 657.655 1998.09
1776000 693.239 649.08 659.25 2001.57
1778000 692.507 651.794 659.909 2004.21
1780000 693.671 649.465 662.965 2006.1
1782000 695.255 649.403 665.838 2010.5
1784000 696.006 651.446 665.163 2012.61
1786000 696.52 650.725 666.181 2013.43
1788000 697.385 650.043 666.605 2014.03
1790000 699.417 652.034 668.756 2020.21
1792000 698.386 653.638 670.266 2022.29
1794000 698.129 654.292 672.631 2025.05
1796000 698.962 654.249 674.628 2027.84
1798000 702.041 655.552 676.68 2034.27
1800000 703.273 655.757 676.757 2035.79
1802000 706.12 658.968 676.628 2041.72
1804000 705.467 657.909 678.149 2041.52
1806000 705.431 657.736 678.494 2041.66
1808000 705.651 657.318 676.851 2039.82
1810000 706.739 656.507 677.251 2040.5
1812000 707.119 656.412 676.133 2039.66
1814000 709.227 658.075 676.14 2043.44
1816000 711.649 658.963 676.059 2046.67
1818000 713.088 657.683 676.797 2047.57
1820000 712.836 658.775 677.166 2048.78
1822000 711.961 657.587 679.901 2049.45
1824000 715.357 657.139 680.384 2052.88
1826000 717.913 656.881 682.857 2057.65
1828000 719.782 658.134 682.917 2060.83
1830000 720.946 658.619 684.772 2064.34
1832000 722.565 658.045 685.156 2065.77
1834000 723.987 659.469 685.007 2068.46
1836000 726.178 662.022 686.066 2074.27
1838000 725.67 663.564 687.655 2076.89
1840000 728.665 663.056 689.128 2080.85
1842000 726.251 664.644 688.384 2079.28
1844000 726.89 666.301 690.96 2084.15
1846000 726.502 666.38 691.619 2084.5
1848000 725.956 666.867 693.833 2086.66
1850000 726.549 667.917 693.081 2087.55
1852000 728.199 666.361 694.658 2089.22
1854000 728.008 666.956 694.07 2089.03
1856000 731.035 666.511 693.522 2091.07
1858000 731.074 667.287 695.678 2094.04
1860000 730.329 666.421 694.524 2091.27
1862000 729.118 666.729 695.936 2091.78
1864000 727.908 668.991 695.72 2092.62
1866000 729.086 669.956 695.619 2094.66
1868000 729.803 670.467 695.489 2095.76
1870000 730.77 670.697 696.101 2097.57
1872000 731.336 672.838 697.416 2101.59
1874000 733.154 673.415 698.896 2105.46
1876000 734.622 675.212 700.81 2110.64
1878000 734.807 674.19 702.426 2111.42
1880000 736.649 676.231 702.058 2114.94
1882000 735.52 677.719 702.975 2116.21
1884000 736.32 679.565 702.283 2118.17
1886000 736.57 680.656 700.706 2117.93
1888000 736.727 679.759 702.227 2118.71
1890000 737.993 680.767 702.838 2121.6
1892000 736.59 681.094 703.763 2121.45
1894000 737.539 682.146 703.79 2123.47
1896000 739.443 681.225 705.466 2126.13
1898000 740.122 682.192 706.642 2128.96
1900000 741.263 682.327 706.788 2130.38
1902000 742.247 683.571 706.798 2132.62
1904000 740.828 684.333 709.8 2134.96
1906000 740.877 683.906 709.423 2134.21
1908000 744.503 683.843 709.658 2138
1910000 744.489 684.481 712.13 2141.1
1912000 745.642 684.078 712.809 2142.53
1914000 748.606 684.731 713.511 2146.85
1916000 747.918 686.533 716.022 2150.47
1918000 749.809 687.246 717.56 2154.61
1920000 754.421 688.681 716.319 2159.42
1922000 753.311 688.461 717.561 2159.33
1924000 754.004 689.356 720.297 2163.66
1926000 752.86 691.905 719.289 2164.05
1928000 753.385 693.176 719.632 2166.19
1930000 755.035 695.579 722.133 2172.75
1932000 752.724 694.45 722.976 2170.15
1934000 755.077 694.461 722.051 2171.59
1936000 755.876 694.722 724.447 2175.05
1938000 759.671 693.904 724.667 2178.24
1940000 756.368 693.375 724.027 2173.77
1942000 757.231 693.921 724.601 2175.75
1944000 758.058 694.224 726.187 2178.47
1946000 756.386 694.546 725.759 2176.69
1948000 758.061 694.5 727.504 2180.07
1950000 758.411 693.813 729.221 2181.44
1952000 758.683 695.157 730.993 2184.83
1954000 760.806 697.063 732.093 2189.96
1956000 760.979 698.117 732.299 2191.39
1958000 761.542 697.999 733.271 2192.81
1960000 761.666 696.345 733.233 2191.24
1962000 763.964 697.529 734.351 2195.84
1964000 766.808 698.7 734.964 2200.47
1966000 767.858 698.827 738.135 2204.82
1968000 770.256 700.141 739.144 2209.54
1970000 771.461 701.477 740.132 2213.07
1972000 772.909 702.24 740.752 2215.9
1974000 773.612 703.156 741.964 2218.73
1976000 775.366 703.08 742.832 2221.28
1978000 774.753 703.595 744.85 2223.2
1980000 776.223 706.02 744.261 2226.5
1982000 776.856 707.045 744.124 2228.02
1984000 776.706 708.266 745.719 2230.69
1986000 777.46 710.51 743.941 2231.91
1988000 778.463 710.662 745.079 2234.2
1990000 778.055 712.318 746.868 2237.24
1992000 776.783 712.523 747.651 2236.96
1994000 776.23 711.89 748.044 2236.16
1996000 777.467 714.27 750.967 2242.7
1998000 780.117 715.027 752.548 2247.69
2000000 782.125 715.526 755.505 2253.16
