# Time-averaged data for fix savemsd
# TimeStep c_msd[1] c_msd[2] c_msd[3] c_msd[4]
0 0 5.74663e-30 0 5.74663e-30
2000 1.16978 1.12359 1.26934 3.5627
4000 2.28706 2.23108 2.54663 7.06476
6000 3.32641 3.47963 3.51994 10.326
8000 4.43953 4.42316 4.66348 13.5262
10000 5.22703 5.5933 5.58265 16.403
12000 6.66503 6.87046 6.62846 20.1639
14000 7.59807 7.99674 7.48375 23.0786
16000 8.62468 9.16126 8.49706 26.283
18000 9.97012 10.5082 9.63225 30.1105
20000 10.7546 12.149 10.6152 33.5187
22000 12.073 13.1275 11.1852 36.3857
24000 13.4866 14.0156 12.426 39.9282
26000 13.9499 15.035 13.1649 42.1498
28000 14.8708 16.3355 13.8248 45.0311
30000 16.1152 17.7025 14.6424 48.46
32000 17.1294 19.7952 16.2044 53.129
34000 18.4126 20.8453 17.4382 56.6961
36000 19.6284 21.3329 17.9419 58.9032
38000 20.3534 22.4467 18.5699 61.37
40000 21.6667 23.0945 19.4158 64.177
42000 22.7969 24.6722 20.6062 68.0752
44000 24.0428 25.8014 21.2952 71.1394
46000 25.2467 27.0842 22.1808 74.5117
48000 26.3724 27.5676 23.2234 77.1634
50000 27.4454 28.5232 24.4349 80.4034
52000 28.4962 30.2418 25.6792 84.4173
54000 29.4906 32.0746 26.4702 88.0354
56000 30.2215 32.8577 27.6417 90.7209
58000 31.5753 33.6451 29.4199 94.6403
60000 32.3478 34.9493 30.495 97.792
62000 33.4944 36.7426 31.7536 101.991
64000 34.711 37.7621 32.6481 105.121
66000 35.8968 38.9265 33.4324 108.256
68000 36.764 39.1713 34.3706 110.306
70000 37.5741 40.5012 35.635 113.71
72000 38.9148 41.5513 37.1338 117.6
74000 39.5532 43.1212 38.2333 120.908
76000 39.9077 43.3591 39.5389 122.806
78000 40.5594 45.0212 40.1353 125.716
80000 41.561 46.4434 40.9423 128.947
82000 42.6844 47.718 41.9807 132.383
84000 44.4266 48.5815 42.9044 135.912
86000 45.9405 49.5146 44.3395 139.795
88000 46.9337 51.0028 44.8328 142.769
90000 47.4489 51.7308 46.1328 145.312
92000 48.2997 52.8543 46.9567 148.111
94000 49.1733 53.6552 48.3328 151.161
96000 50.353 54.5734 50.0949 155.021
98000 52.1589 55.3814 50.8025 158.343
100000 53.2678 56.4069 52.2947 161.969
102000 54.5188 57.349 53.7058 165.574
104000 55.5511 58.4264 55.3361 169.314
106000 56.8872 60.2091 55.8959 172.992
108000 57.4621 61.9956 57.0666 176.524
110000 58.7899 62.4986 58.3713 179.66
112000 60.6461 64.3008 59.0971 184.044
114000 61.4698 65.185 60.03 186.685
116000 62.3632 66.4302 61.8744 190.668
118000 63.7692 66.909 63.421 194.099
120000 64.2745 68.1083 64.6711 197.054
122000 66.2301 68.9637 66.2886 201.482
124000 67.6802 70.137 67.3682 205.185
126000 69.0119 72.0999 68.2373 209.349
128000 69.6543 72.7854 70.0343 212.474
130000 70.6896 73.5323 71.1143 215.336
132000 71.0792 74.7121 71.1146 216.906
134000 72.4884 75.4729 72.3599 220.321
136000 72.4248 76.4716 73.823 222.719
138000 73.7011 77.6925 75.2958 226.689
140000 75.0053 78.8802 76.9123 230.798
142000 76.9075 80.5377 78.8811 236.326
144000 77.9994 81.6398 80.1411 239.78
146000 78.641 82.9902 81.2949 242.926
148000 79.4587 85.0864 82.5264 247.072
150000 80.7553 85.891 82.8494 249.496
152000 81.5001 86.8502 84.2171 252.567
154000 82.7536 87.7547 85.8563 256.365
156000 83.7343 88.9896 86.948 259.672
158000 84.1905 89.292 88.7082 262.191
160000 85.797 91.5851 90.0565 267.439
162000 87.7782 92.8734 92.1592 272.811
164000 88.2604 94.774 92.6403 275.675
166000 88.8817 95.9748 93.6914 278.548
168000 89.1574 97.6657 94.6322 281.455
170000 89.2695 98.4765 96.2643 284.01
172000 90.9093 100.423 97.8153 289.147
174000 92.4796 101.894 98.3557 292.73
176000 93.7572 102.718 98.8006 295.275
178000 94.7918 104.112 99.6973 298.601
180000 95.4615 105.115 101.014 301.591
182000 96.668 106.178 101.965 304.81
184000 97.5664 106.169 103.136 306.871
186000 98.451 107.48 103.816 309.746
188000 99.8756 108.186 105.094 313.155
190000 100.83 109.758 108.217 318.805
192000 102.166 110.994 109.152 322.312
194000 103.518 111.79 110.216 325.525
196000 105.449 114.898 111.403 331.75
198000 106.721 115.369 113.469 335.559
200000 107.22 115.753 113.402 336.375
202000 108.112 117.873 114.475 340.46
204000 109.303 118.579 115.22 343.101
206000 109.992 118.457 116.965 345.414
208000 110.847 120.151 117.241 348.24
210000 111.616 121.141 118.358 351.115
212000 112.38 122.389 119.089 353.858
214000 112.925 122.901 120.454 356.28
216000 114.337 124.332 121.794 360.463
218000 114.9 125.292 123.311 363.503
220000 115.772 126.75 124.527 367.049
222000 117.079 127.726 124.871 369.677
224000 118.004 129.141 125.502 372.647
226000 118.875 129.457 127.961 376.292
228000 119.236 130.874 128.95 379.059
230000 120.176 131.014 130.218 381.409
232000 121.52 132.756 130.699 384.974
234000 122.275 133.991 131.662 387.928
236000 123.718 136.795 133.168 393.682
238000 123.971 138.429 135.208 397.608
240000 123.726 139.748 135.722 399.196
242000 123.757 141.216 136.002 400.976
244000 124.847 142.269 137.458 404.574
246000 125.729 144.392 137.063 407.184
248000 126.84 145 138.34 410.179
250000 127.925 145.578 139.082 412.585
252000 129.876 146.147 139.818 415.841
254000 130.005 146.726 141.776 418.506
256000 132.521 147.869 142.567 422.956
258000 133.483 148.928 142.284 424.696
260000 134.183 149.036 142.414 425.633
262000 135.819 150.111 143.106 429.036
264000 136.242 151.121 144.402 431.765
266000 136.934 152.407 145.264 434.605
268000 137.975 154.589 146.969 439.533
270000 139.44 154.787 148.391 442.617
272000 141.502 156.364 149.68 447.546
274000 143.169 157.048 150.538 450.755
276000 143.898 158.757 150.653 453.308
278000 146.09 159.446 152.134 457.67
280000 148.04 161.374 153.684 463.099
282000 149.058 161.939 154.217 465.214
284000 150.481 163.493 155.211 469.186
286000 151.516 164.551 155.698 471.766
288000 152.301 165.059 156.259 473.619
290000 153.947 166.922 156.614 477.483
292000 154.825 167.406 158.305 480.536
294000 156.416 169.037 158.824 484.277
296000 156.63 169.218 161.507 487.355
298000 157.508 170.29 161.896 489.694
300000 157.056 170.239 162.568 489.862
302000 158.51 171.365 164.303 494.178
304000 159.73 173.378 166.443 499.55
306000 160.928 174.64 167.898 503.467
308000 159.911 176.144 169.99 506.045
310000 162.611 178.016 170.139 510.767
312000 164.036 179.13 171.347 514.512
314000 165.074 179.843 171.023 515.94
316000 167.243 179.775 172.877 519.895
318000 167.238 180.171 174.259 521.668
320000 168.869 182.297 175.158 526.324
322000 171.209 183.532 178.173 532.915
324000 172.789 184.763 178.903 536.455
326000 173.684 185.25 180.069 539.003
328000 174.597 184.155 182.255 541.007
330000 174.728 185.877 181.914 542.519
332000 176.094 187.458 183.167 546.72
334000 176.958 189.187 183.386 549.531
336000 179.668 190.256 183.438 553.362
338000 180.985 190.011 185.267 556.263
340000 182.044 191.261 184.027 557.332
342000 181.73 191.986 185.861 559.577
344000 182.237 193.856 186.492 562.584
346000 183.309 194.948 186.571 564.827
348000 183.857 197.061 187.541 568.458
350000 185.337 198.463 188.73 572.53
352000 187.071 201.022 188.971 577.065
354000 189.141 202.592 189.123 580.856
356000 190.626 205.193 190.847 586.666
358000 191.567 208.705 191.878 592.15
360000 191.63 209.044 192.572 593.246
362000 193.776 210.121 193.217 597.114
364000 196.555 211.572 194.357 602.484
366000 197.916 213.492 194.738 606.147
368000 199.452 213.844 195.807 609.102
370000 201.178 215.109 197.221 613.507
372000 203.323 215.783 197.889 616.995
374000 204.414 216.08 199.194 619.688
376000 205.75 216.279 199.755 621.784
378000 206.092 217.708 201.534 625.335
380000 206.979 220.343 202.615 629.936
382000 207.917 222.35 203.42 633.687
384000 209.164 224.317 204.132 637.614
386000 210.298 226.088 204.832 641.218
388000 212.846 227.719 205.63 646.195
390000 212.697 228.274 208 648.971
392000 214.086 229.928 209.361 653.376
394000 214.218 230.435 212.063 656.716
396000 216.171 232.111 213.217 661.499
398000 217.948 233.462 214.497 665.908
400000 218.721 235.284 214.911 668.916
402000 220.136 236.814 215.713 672.662
404000 220.975 238.709 217.946 677.63
406000 221.098 238.782 218.012 677.892
408000 222.389 237.605 218.365 678.359
410000 224.75 239.359 219.92 684.028
412000 226.28 240.347 221.476 688.103
414000 227.849 240.461 223.993 692.303
416000 228.102 241.697 223.917 693.716
418000 228.634 241.742 224.794 695.169
420000 229.26 242.826 227.521 699.606
422000 230.308 244.082 229.834 704.223
424000 230.525 244.848 230.756 706.129
426000 231.032 246.808 231.75 709.59
428000 231.458 248.452 233.358 713.268
430000 232.359 250.32 233.859 716.538
432000 233.891 252.472 235.416 721.779
434000 235.15 254.301 237.204 726.655
436000 234.548 256.098 239.269 729.915
438000 236.394 257.638 241.405 735.437
440000 236.413 258.067 241.911 736.391
442000 237.754 258.866 242.679 739.298
444000 239.661 259.17 242.727 741.558
446000 240.452 260.138 243.547 744.137
448000 241.55 262.137 244.531 748.218
450000 242.741 264.87 245.594 753.205
452000 241.87 264.719 246.074 752.662
454000 242.535 264.339 246.263 753.137
456000 243.313 266.503 247.099 756.915
458000 244.291 267.228 247.644 759.162
460000 246.113 267.473 246.362 759.948
462000 246.773 267.578 247.166 761.517
464000 248.402 269.746 247.592 765.741
466000 250.306 272.499 248.543 771.348
468000 250.554 276.195 250.712 777.461
470000 251.322 277.893 252.098 781.313
472000 251.297 278.371 253.453 783.121
474000 253.017 280.123 254.231 787.372
476000 254.168 281.113 256.068 791.349
478000 255.459 281.853 257.346 794.658
480000 254.744 283.667 258.306 796.717
482000 255.955 284.049 259.283 799.287
484000 257.219 284.708 261.21 803.137
486000 259.221 286.236 262.574 808.031
488000 260.618 286.41 264.122 811.149
490000 262.454 287.911 266.364 816.729
492000 263.105 289.048 268.946 821.098
494000 264.123 289.284 271.158 824.565
496000 266.353 290.86 272.92 830.133
498000 267.132 291.924 273.52 832.577
500000 268.516 293.461 274.195 836.171
502000 268.907 293.861 273.917 836.684
504000 269.476 294.387 274.731 838.594
506000 270.055 296.784 274.53 841.369
508000 271.072 298.181 275.907 845.16
510000 273.261 298.352 278.654 850.267
512000 272.74 298.53 279.564 850.834
514000 274.488 299.537 281.44 855.465
516000 276.461 300.831 282.891 860.182
518000 276.781 303.07 283.684 863.536
520000 277.514 305.396 283.52 866.43
522000 278.567 306.944 284.276 869.787
524000 279.503 308.583 285.532 873.618
526000 280.968 309.247 285.344 875.56
528000 280.617 312.655 286.265 879.537
530000 282.291 315.046 287.113 884.451
532000 283.168 316.701 287.096 886.964
534000 283.881 316.903 288.023 888.807
536000 285.034 317.712 289.262 892.008
538000 285.336 318.585 289.447 893.369
540000 287.649 321.731 289.872 899.251
542000 287.691 323.228 289.903 900.821
544000 289.005 323.344 289.503 901.852
546000 289.35 324.766 289.801 903.918
548000 290.494 326.415 289.907 906.816
550000 291.122 326.39 291.87 909.381
552000 291.505 326.24 291.76 909.505
554000 291.419 328.31 293.653 913.382
556000 291.733 328.549 293.41 913.692
558000 293.348 327.675 294.221 915.244
560000 293.584 328.678 295.143 917.405
562000 294.775 329.018 296.88 920.674
564000 296.096 330.452 296.968 923.516
566000 296.619 332.229 297.94 926.788
568000 297.254 331.269 299.192 927.715
570000 298.81 332.532 300.024 931.365
572000 298.907 334.124 301.003 934.035
574000 300.522 334.44 305.354 940.316
576000 301.658 335.93 305.127 942.715
578000 301.549 334.572 307.638 943.758
580000 303.172 335.883 308.191 947.245
582000 304.569 335.899 308.19 948.657
584000 304.586 339.481 308.125 952.192
586000 305.722 342.175 309.691 957.588
588000 306.64 342.851 311.863 961.354
590000 308.952 346.374 313.136 968.461
592000 309.55 346.886 313.61 970.046
594000 310.871 347.726 315.583 974.18
596000 311.843 348.07 316.966 976.879
598000 313.211 348.468 319.195 980.874
600000 312.895 349.746 321.054 983.695
602000 313.581 351.509 321.213 986.303
604000 313.675 351.464 321.68 986.819
606000 314.075 350.031 324.545 988.651
608000 315.023 351.145 325.125 991.293
610000 317.999 352.194 327.203 997.395
612000 319.538 353.07 328.079 1000.69
614000 321.702 354.191 328.434 1004.33
616000 323.69 355.632 330.445 1009.77
618000 324.175 357.173 331.138 1012.49
620000 326.156 356.39 330.8 1013.35
622000 326.673 355.538 332.134 1014.35
624000 326.778 356.567 333.177 1016.52
626000 326.586 358.607 335.251 1020.44
628000 327.233 359.783 336.544 1023.56
630000 327.008 359.727 337.204 1023.94
632000 328.177 359.976 339.585 1027.74
634000 328.177 360.675 340.662 1029.51
636000 330.413 360.996 342.986 1034.39
638000 331.513 360.746 344.552 1036.81
640000 330.901 361.625 345.838 1038.36
642000 331.922 364.032 345.458 1041.41
644000 332.739 366.086 345.965 1044.79
646000 333.559 365.959 346.475 1045.99
648000 334.364 366.292 346.947 1047.6
650000 333.27 366.612 349.651 1049.53
652000 334.578 368.404 350.665 1053.65
654000 334.961 368.448 350.382 1053.79
656000 334.52 369.449 352.769 1056.74
658000 336.061 370.537 352.688 1059.29
660000 335.948 372.245 354.6 1062.79
662000 336.448 373.838 357.553 1067.84
664000 335.584 373.61 358.295 1067.49
666000 336.405 373.846 358.893 1069.14
668000 339.507 376.339 358.94 1074.79
670000 340.303 377.779 360.436 1078.52
672000 341.384 378.735 362.03 1082.15
674000 341.488 379.59 362.642 1083.72
676000 341.564 380.81 363.946 1086.32
678000 342.903 380.811 366.121 1089.84
680000 344.676 382.122 367.893 1094.69
682000 344.81 384.133 368.011 1096.95
684000 345.175 385.983 368.727 1099.89
686000 345.574 385.546 369.94 1101.06
688000 346.859 386.999 369.093 1102.95
690000 347.592 386.735 369.806 1104.13
692000 349.112 387.252 373.2 1109.56
694000 351.232 387.666 373.343 1112.24
696000 351.702 388.259 373.931 1113.89
698000 352.612 389.283 375.178 1117.07
700000 354.847 390.15 376.202 1121.2
702000 359.174 392.046 379.614 1130.83
704000 360.026 393.409 380.426 1133.86
706000 361.49 393.312 381.55 1136.35
708000 362.144 393.014 380.9 1136.06
710000 363.847 394.487 381.529 1139.86
712000 365.571 396.918 384.278 1146.77
714000 366.16 398.706 386.789 1151.65
716000 367.316 399.932 389.294 1156.54
718000 368.667 402.563 391.081 1162.31
720000 370.289 403.245 392.558 1166.09
722000 371.197 404.044 392.873 1168.11
724000 371.142 403.726 393.246 1168.11
726000 372.207 404.798 393.515 1170.52
728000 374.004 405.207 394.231 1173.44
730000 375.324 406.294 396.211 1177.83
732000 375.827 407.989 397.012 1180.83
734000 376.62 409.576 397.778 1183.97
736000 376.839 410.661 399.069 1186.57
738000 377.454 410.451 400.978 1188.88
740000 378.435 411.77 402.951 1193.16
742000 378.755 412.512 405.059 1196.33
744000 379.682 414.541 404.818 1199.04
746000 381.603 415.494 406.438 1203.54
748000 381.488 416.453 407.144 1205.09
750000 382.8 418.009 407.594 1208.4
752000 384.522 418.999 409.347 1212.87
754000 386.268 418.954 409.797 1215.02
756000 388.799 421.647 411.506 1221.95
758000 391.431 422.201 411.163 1224.8
760000 394.295 423.136 414.009 1231.44
762000 396.363 423.409 416.199 1235.97
764000 397.733 423.692 417.736 1239.16
766000 399.854 425.63 418.658 1244.14
768000 402.859 426.011 419.812 1248.68
770000 404.446 427.159 420.518 1252.12
772000 404.198 428.064 420.805 1253.07
774000 407.668 428.791 422.947 1259.41
776000 407.026 431.357 424.512 1262.89
778000 407.627 432.765 426.32 1266.71
780000 409.828 433.956 425.471 1269.25
782000 412.147 435.69 424.677 1272.51
784000 411.263 435.049 426.493 1272.8
786000 414.583 435.704 428.913 1279.2
788000 414.043 436.456 427.999 1278.5
790000 415.661 437.052 428.28 1280.99
792000 416.594 436.801 429.566 1282.96
794000 416.854 436.782 430.226 1283.86
796000 417.699 436.146 432.549 1286.39
798000 422.082 439.056 434.954 1296.09
800000 422.502 437.221 435.214 1294.94
802000 422.212 437.799 436.791 1296.8
804000 424.354 438.702 439.816 1302.87
806000 424.754 439.471 441.317 1305.54
808000 425.349 441.377 444.118 1310.84
810000 424.77 441.374 444.7 1310.84
812000 427.113 442.564 446.421 1316.1
814000 431.504 442.537 447.015 1321.06
816000 432.548 443.215 449.103 1324.87
818000 434.964 445.282 450.749 1330.99
820000 436.012 446.56 450.186 1332.76
822000 435.364 447.983 453.785 1337.13
824000 434.981 446.702 455.35 1337.03
826000 435.491 448.675 455.82 1339.99
828000 436.083 449.779 456.091 1341.95
830000 436.555 451.261 457.986 1345.8
832000 440.422 452.131 458.098 1350.65
834000 441.545 453.265 459.207 1354.02
836000 442.994 453.107 460.762 1356.86
838000 442.785 453.214 462.434 1358.43
840000 444.33 453.485 464.677 1362.49
842000 445.649 455.294 468.85 1369.79
844000 446.867 455.756 469.1 1371.72
846000 446.469 455.096 469.211 1370.78
848000 447.333 455.913 472.007 1375.25
850000 449.479 456.891 472.428 1378.8
852000 452.128 458.98 472.96 1384.07
854000 451.798 460.284 474.025 1386.11
856000 453.6 462.279 473.937 1389.82
858000 454.447 462.254 475.61 1392.31
860000 455.862 461.32 475.941 1393.12
862000 457.951 462.445 478.349 1398.74
864000 459.633 462.489 478.924 1401.05
866000 461.411 462.978 479.705 1404.09
868000 461.649 464.714 482.088 1408.45
870000 463.159 465.27 485.026 1413.45
872000 464.796 465.38 485.292 1415.47
874000 466.506 465.819 485.481 1417.81
876000 466.581 467.077 484.98 1418.64
878000 467.515 468.538 485.717 1421.77
880000 467.7 470.325 484.185 1422.21
882000 468.693 470.796 485.155 1424.65
884000 470.116 472.233 483.597 1425.95
886000 472.178 472.397 486.682 1431.26
888000 472.65 471.565 484.367 1428.58
890000 473.315 474.236 483.903 1431.45
892000 472.794 474.749 487.082 1434.63
894000 473.137 474.703 488.25 1436.09
896000 473.274 476.846 489.016 1439.14
898000 474.019 477.579 488.811 1440.41
900000 473.115 478.88 490.596 1442.59
902000 473.418 479.778 491.718 1444.91
904000 476.641 480.277 492.544 1449.46
906000 478.365 480.086 495.035 1453.49
908000 478.389 481.721 495.775 1455.89
910000 480.502 483.032 497.358 1460.89
912000 480.322 483.679 499.426 1463.43
914000 479.444 484.692 500.817 1464.95
916000 479.365 486.537 502.577 1468.48
918000 479.467 489.181 502.997 1471.65
920000 479.571 489.558 505.853 1474.98
922000 482.324 492.322 504.938 1479.58
924000 481.761 492.323 507.279 1481.36
926000 484.419 496.222 506.372 1487.01
928000 485.335 495.882 504.858 1486.07
930000 486.853 496.725 507.566 1491.14
932000 488.984 496.689 508.005 1493.68
934000 488.719 497.372 508.583 1494.67
936000 490.334 499.13 508.432 1497.9
938000 493.56 502.062 511.6 1507.22
940000 496.199 505.278 512.54 1514.02
942000 494.582 507.738 515.735 1518.06
944000 495.811 508.045 518.806 1522.66
946000 497.68 508.26 520.185 1526.13
948000 498.098 508.367 523.535 1530
950000 499.191 510.76 525.827 1535.78
952000 498.29 512.523 526.191 1537
954000 500.858 514.496 528.538 1543.89
956000 500.871 514.901 529.513 1545.29
958000 502.515 517.961 529.727 1550.2
960000 503.437 519.804 530.499 1553.74
962000 503.355 521.661 531.305 1556.32
964000 503.902 521.973 531.923 1557.8
966000 507.235 523.12 533.158 1563.51
968000 508.961 523.742 534.399 1567.1
970000 509.41 524.853 534.979 1569.24
972000 510.832 523.836 536.922 1571.59
974000 511.463 523.396 536.715 1571.57
976000 511.661 524.074 537.66 1573.4
978000 514.621 525.476 540.698 1580.8
980000 515.22 525.128 541.532 1581.88
982000 517.772 528.269 541.336 1587.38
984000 519.649 529.857 542.732 1592.24
986000 521.047 531.34 543.899 1596.29
988000 522.781 530.424 543.434 1596.64
990000 524.449 529.402 543.13 1596.98
992000 528.525 530.164 542.643 1601.33
994000 531.881 532.465 544.22 1608.57
996000 533.151 535.106 546.512 1614.77
998000 533.652 536.532 550.015 1620.2
1000000 535.63 536.023 548.157 1619.81
1002000 535.426 538.522 547.956 1621.9
1004000 536.576 539.276 549.009 1624.86
1006000 536.797 540.253 547.832 1624.88
1008000 539.286 542.748 550.31 1632.34
1010000 539.539 543.499 551.644 1634.68
1012000 539.891 543.456 552.94 1636.29
1014000 541.722 544.488 554.731 1640.94
1016000 542.904 545.903 555.184 1643.99
1018000 543.574 546.64 555.353 1645.57
1020000 543.362 547.563 557.477 1648.4
1022000 544.765 550.917 558.852 1654.53
1024000 545.418 553.189 558.911 1657.52
1026000 547.131 555.383 560.22 1662.73
1028000 550.074 556.464 562.29 1668.83
1030000 550.529 558.383 562.43 1671.34
1032000 551.601 557.426 562.097 1671.12
1034000 554.97 555.381 561.841 1672.19
1036000 554.014 554.205 563.578 1671.8
1038000 554.196 557.17 562.258 1673.62
1040000 556.034 559.287 562.69 1678.01
1042000 557.178 558.994 561.841 1678.01
1044000 559.877 561.4 564.064 1685.34
1046000 562.662 561.7 565.089 1689.45
1048000 563.292 562.376 564.844 1690.51
1050000 565.873 562.751 565.191 1693.82
1052000 566.158 562.638 566.267 1695.06
1054000 568.494 564.461 565.269 1698.22
1056000 571.354 565.354 566.543 1703.25
1058000 572.126 566.712 568.621 1707.46
1060000 575.071 569.308 569.456 1713.84
1062000 577.269 571.156 569.444 1717.87
1064000 579.061 571.028 570.022 1720.11
1066000 579.615 570.068 571.633 1721.32
1068000 582.232 573.21 573.775 1729.22
1070000 582.82 574.951 574.371 1732.14
1072000 586.52 577.418 576.02 1739.96
1074000 588.702 578.483 578.473 1745.66
1076000 590.012 579.572 577.628 1747.21
1078000 593.748 580.602 579.357 1753.71
1080000 595.568 578.801 579.13 1753.5
1082000 596.436 580.55 579.155 1756.14
1084000 599.211 580.577 580.233 1760.02
1086000 598.517 581.367 580.112 1760
1088000 599.29 579.418 580.934 1759.64
1090000 601.505 579.537 583.583 1764.63
1092000 603.898 581.584 585.848 1771.33
1094000 602.596 582.361 586.632 1771.59
1096000 601.646 583.925 585.813 1771.38
1098000 602.536 583.886 587.011 1773.43
1100000 603.445 584.943 588.407 1776.79
1102000 604.478 586.223 590.092 1780.79
1104000 604.481 584.984 592.496 1781.96
1106000 608.058 586.341 591.781 1786.18
1108000 607.225 584.142 593.418 1784.78
1110000 606.92 583.657 594.902 1785.48
1112000 606.252 584.505 593.292 1784.05
1114000 606.192 583.843 593.746 1783.78
1116000 606.563 586.398 593.77 1786.73
1118000 608.035 586.88 594.165 1789.08
1120000 611.537 588.652 592.519 1792.71
1122000 610.688 591.019 593.46 1795.17
1124000 611.051 593.013 595.497 1799.56
1126000 612.731 594.744 594.156 1801.63
1128000 612.522 594.974 594.047 1801.54
1130000 616.369 595.969 594.746 1807.08
1132000 618.088 597.881 596.202 1812.17
1134000 619.887 600.898 596.747 1817.53
1136000 622.585 602.324 598.464 1823.37
1138000 623.519 602.921 598.936 1825.38
1140000 625.693 603.078 601.592 1830.36
1142000 627.203 606.598 603.086 1836.89
1144000 625.779 606.657 602.007 1834.44
1146000 628.106 607.971 603.553 1839.63
1148000 629.257 609.891 606.624 1845.77
1150000 632.042 610.444 609.908 1852.39
1152000 632.266 611.011 611.481 1854.76
1154000 631.06 612.535 614.053 1857.65
1156000 632.194 614.812 616.036 1863.04
1158000 633.441 615.084 617.6 1866.12
1160000 633.103 615.202 620.352 1868.66
1162000 632.857 615.87 621.122 1869.85
1164000 631.514 617.314 622.078 1870.91
1166000 633.736 618.028 622.13 1873.89
1168000 635.434 617.766 622.263 1875.46
1170000 635.542 616.385 621.839 1873.77
1172000 637.566 617.943 621.004 1876.51
1174000 639.869 619.201 621.418 1880.49
1176000 640.426 619.797 621.428 1881.65
1178000 638.7 620.427 622.77 1881.9
1180000 639.475 620.427 622.988 1882.89
1182000 639.476 621.696 624.335 1885.51
1184000 641.306 622.169 626.464 1889.94
1186000 640.624 624.122 628.901 1893.65
1188000 642.49 626.201 630.697 1899.39
1190000 642.143 627.56 632.585 1902.29
1192000 641.346 628.616 634.358 1904.32
1194000 641.377 631.373 634.127 1906.88
1196000 643.469 635.216 636.764 1915.45
1198000 645.128 638.836 636.833 1920.8
1200000 646.245 642.371 636.634 1925.25
1202000 647.645 643.578 636.996 1928.22
1204000 651.072 645.196 636.631 1932.9
1206000 653.543 646.292 637.875 1937.71
1208000 655.092 645.703 639.289 1940.08
1210000 654.92 644.484 638.383 1937.79
1212000 658.412 644.298 638.183 1940.89
1214000 661.993 645.603 640.018 1947.61
1216000 663.877 645.014 641.93 1950.82
1218000 664.316 646.972 645.136 1956.42
1220000 665.265 648.925 646.448 1960.64
1222000 665.731 650.681 646.694 1963.11
1224000 667.429 652.218 646.033 1965.68
1226000 668.781 653.009 649.483 1971.27
1228000 669.044 653.758 649.42 1972.22
1230000 670.881 653.288 650.287 1974.46
1232000 672.52 654.895 649.636 1977.05
1234000 674.191 654.766 652.037 1980.99
1236000 676.958 657.819 652.064 1986.84
1238000 680.418 658.779 653.415 1992.61
1240000 679.835 660.372 652.917 1993.12
1242000 681.41 662.99 653.536 1997.94
1244000 683.006 663.965 654.801 2001.77
1246000 685.047 664.166 658.014 2007.23
1248000 685.965 666.029 659.15 2011.14
1250000 686.743 667.594 658.148 2012.49
1252000 685.824 670.218 659.577 2015.62
1254000 689.581 671.346 659.499 2020.43
1256000 690.397 674.149 662.289 2026.83
1258000 689.652 676.767 663.361 2029.78
1260000 692.282 675.121 664.829 2032.23
1262000 693.203 675.745 668.4 2037.35
1264000 694.388 676.903 669.558 2040.85
1266000 696.017 677.691 670.95 2044.66
1268000 694.531 678.137 669.871 2042.54
1270000 695.972 679.115 671.299 2046.39
1272000 697.478 680.98 671.714 2050.17
1274000 696.627 683.07 670.794 2050.49
1276000 697.399 684.455 673.907 2055.76
1278000 699.458 686.879 675.823 2062.16
1280000 700.585 687.665 676.889 2065.14
1282000 702.402 691.584 680.652 2074.64
1284000 701.966 695.384 680.254 2077.6
1286000 701.153 694.362 682.043 2077.56
1288000 701.563 698.815 682.878 2083.26
1290000 704.997 697.61 680.547 2083.15
1292000 704.703 697.967 683.882 2086.55
1294000 706.084 700.105 684.389 2090.58
1296000 707.524 699.863 687.787 2095.17
1298000 708.808 700.33 690.28 2099.42
1300000 712.788 701.352 688.2 2102.34
1302000 711.869 702.286 687.619 2101.77
1304000 712.673 701.239 689.794 2103.71
1306000 713.686 703.999 687.115 2104.8
1308000 714.442 705.993 690.817 2111.25
1310000 716.549 706.472 692.225 2115.25
1312000 718.804 705.983 694.979 2119.77
1314000 719.351 706.121 694.948 2120.42
1316000 720.501 708.586 695.829 2124.92
1318000 722.726 707.254 695.684 2125.66
1320000 723.844 710.14 695.225 2129.21
1322000 723.893 708.942 697.653 2130.49
1324000 724.72 710.668 697.913 2133.3
1326000 726.236 711.4 698.963 2136.6
1328000 724.989 710.664 702.861 2138.51
1330000 727.218 711.667 703.447 2142.33
1332000 730.23 714.875 703.049 2148.15
1334000 730.273 715.723 704.474 2150.47
1336000 731.941 717.834 705.88 2155.65
1338000 734.085 719.407 703.404 2156.9
1340000 734.106 718.226 705.089 2157.42
1342000 734.031 717.589 705.472 2157.09
1344000 733.483 718.928 708.25 2160.66
1346000 735.029 721.317 709.597 2165.94
1348000 735.438 722.08 711.65 2169.17
1350000 734.558 721.89 711.317 2167.77
1352000 737.393 723.629 711.477 2172.5
1354000 739.74 723.064 712.547 2175.35
1356000 741.654 724.38 714.64 2180.67
1358000 743.928 725.301 717.236 2186.46
1360000 746.688 729.383 718.646 2194.72
1362000 749.763 730.286 719.809 2199.86
1364000 753.992 729.145 720.442 2203.58
1366000 753.991 731.687 720.284 2205.96
1368000 754.677 733.832 721.337 2209.85
1370000 757.103 734.953 724.539 2216.59
1372000 755.804 736.65 724.227 2216.68
1374000 755.624 736.891 725.087 2217.6
1376000 755.378 741.347 729.413 2226.14
1378000 756.668 744.27 730.174 2231.11
1380000 756.921 742.697 730.918 2230.54
1382000 758.069 744.907 731.23 2234.21
1384000 759.923 747.07 732.296 2239.29
1386000 760.115 748.691 734.048 2242.85
1388000 761.283 748.615 738.002 2247.9
1390000 760.993 749.997 742.847 2253.84
1392000 761.979 753.308 743.99 2259.28
1394000 762.538 755.071 745.005 2262.61
1396000 765.263 756.37 749.979 2271.61
1398000 767.29 757.113 748.733 2273.14
1400000 770.452 760.075 751.769 2282.3
1402000 774.755 760.973 753.156 2288.88
1404000 776.114 762.5 755.08 2293.69
1406000 776.663 763.336 754.594 2294.59
1408000 778.356 762.759 757.396 2298.51
1410000 778.95 763.967 756.052 2298.97
1412000 782.746 765.475 758.067 2306.29
1414000 784.2 765.488 760.058 2309.75
1416000 785.962 764.375 762.202 2312.54
1418000 789.44 764.262 763.446 2317.15
1420000 788.717 766.551 762.648 2317.92
1422000 788.179 769.271 764.176 2321.63
1424000 789.177 771.334 765.653 2326.16
1426000 789.109 771.398 766.414 2326.92
1428000 792.875 771.486 767.654 2332.01
1430000 791.934 771.408 767.775 2331.12
1432000 793.019 770.552 767.21 2330.78
1434000 795.992 775.284 771.838 2343.11
1436000 796.057 774.84 776.639 2347.54
1438000 797.038 776.358 779.773 2353.17
1440000 800.93 777.209 780.456 2358.6
1442000 804.162 777.2 781.947 2363.31
1444000 806.952 778.329 782.716 2368
1446000 809.575 779.961 782.876 2372.41
1448000 808.825 781.84 784.118 2374.78
1450000 809.549 784.182 786.255 2379.99
1452000 812.183 785.781 791.123 2389.09
1454000 811.458 787.504 790.257 2389.22
1456000 813.256 787.539 789.063 2389.86
1458000 814.004 784.385 790.692 2389.08
1460000 814.692 785.965 790.275 2390.93
1462000 815.098 787.189 792.573 2394.86
1464000 817.348 791.021 792.749 2401.12
1466000 816.546 791.204 795.71 2403.46
1468000 819.269 794.375 795.567 2409.21
1470000 819.392 793.567 797.587 2410.55
1472000 819.146 797.738 802.041 2418.92
1474000 820.391 798.026 801.24 2419.66
1476000 820.505 800.783 798.329 2419.62
1478000 823.433 803.351 800.76 2427.54
1480000 824.186 805.105 803.397 2432.69
1482000 823.202 805.373 804.009 2432.58
1484000 823.837 806.029 805.133 2435
1486000 828.093 807.949 806.946 2442.99
1488000 826.803 811.396 807.858 2446.06
1490000 830.341 812.684 809.002 2452.03
1492000 832.944 815.403 812.613 2460.96
1494000 834.913 816.558 810.555 2462.03
1496000 837.385 817.296 809.494 2464.17
1498000 838.872 821.387 809.269 2469.53
1500000 838.317 822.335 811.625 2472.28
1502000 840.645 823.714 812.731 2477.09
1504000 840.355 825.104 813.897 2479.36
1506000 841.843 823.128 813.914 2478.89
1508000 841.803 822.876 813.199 2477.88
1510000 842.826 824.391 813.757 2480.97
1512000 844.288 825.784 815.833 2485.9
1514000 843.95 829.811 817.661 2491.42
1516000 846.868 830.517 818.958 2496.34
1518000 849.25 828.32 820.073 2497.64
1520000 851.958 828.238 821.949 2502.15
1522000 850.469 829.153 822.738 2502.36
1524000 851.867 831.92 826.793 2510.58
1526000 855.537 831.579 829.348 2516.46
1528000 856.516 833.296 830.056 2519.87
1530000 856.649 833.593 828.45 2518.69
1532000 858.023 836.153 831.678 2525.85
1534000 859.177 836.672 830.259 2526.11
1536000 859.212 836.01 833.742 2528.96
1538000 857.956 836.912 833.452 2528.32
1540000 859.91 840.801 834.205 2534.92
1542000 859.368 841.74 833.733 2534.84
1544000 864.59 843.214 836.768 2544.57
1546000 864.805 843.018 837.93 2545.75
1548000 866.58 844.75 836.29 2547.62
1550000 868.484 848.829 836.399 2553.71
1552000 866.602 850.495 837.711 2554.81
1554000 866.181 850.91 837.128 2554.22
1556000 864.814 853.072 837.543 2555.43
1558000 867.163 852.807 838.304 2558.27
1560000 868.097 852.157 838.719 2558.97
1562000 867.812 854.585 839.703 2562.1
1564000 869.385 857.41 840.99 2567.79
1566000 869.703 855.176 841.738 2566.62
1568000 867.835 854.645 842.594 2565.07
1570000 868.072 856.948 844.515 2569.53
1572000 870.158 858.835 845.414 2574.41
1574000 871.286 859.167 848.724 2579.18
1576000 873.432 857.051 850.515 2581
1578000 873.702 857.38 851.707 2582.79
1580000 873.43 860.484 851.713 2585.63
1582000 871.405 861.506 859.694 2592.61
1584000 872.317 862.184 860.177 2594.68
1586000 874.948 862.967 858.783 2596.7
1588000 876.515 865.85 861.847 2604.21
1590000 877.789 868.64 864.855 2611.28
1592000 881.467 869.292 866.94 2617.7
1594000 881.797 871.052 868.769 2621.62
1596000 882.315 872.651 867.78 2622.75
1598000 882.905 873.942 868.929 2625.78
1600000 883.392 874.062 871.867 2629.32
1602000 886.496 876.214 873.153 2635.86
1604000 883.385 878.3 875.346 2637.03
1606000 886.416 877.395 875.219 2639.03
1608000 885.01 878.745 877.727 2641.48
1610000 884.284 878.751 878.13 2641.17
1612000 882.77 880.013 880.81 2643.59
1614000 880.461 880.848 880.066 2641.38
1616000 879.017 880.807 882.752 2642.58
1618000 880.579 883.328 886.835 2650.74
1620000 881.334 882.937 888.565 2652.84
1622000 881.752 885.389 889.253 2656.39
1624000 884.329 887.446 890.897 2662.67
1626000 885.998 887.822 892.13 2665.95
1628000 887.783 891.298 894.689 2673.77
1630000 888.253 890.983 895.162 2674.4
1632000 889.714 891.381 897.127 2678.22
1634000 888.951 895.541 897.945 2682.44
1636000 887.524 899.283 899.631 2686.44
1638000 891.548 899.826 901.188 2692.56
1640000 893.539 902.517 900.186 2696.24
1642000 892.482 906.339 903.187 2702.01
1644000 894.988 907.307 905.2 2707.49
1646000 899.312 910.947 906.001 2716.26
1648000 900.797 912.846 906.469 2720.11
1650000 901.165 915.031 909.183 2725.38
1652000 902.213 917.368 907.176 2726.76
1654000 901.373 918.284 909.074 2728.73
1656000 903.65 920.784 910.221 2734.65
1658000 903.974 919.66 914.595 2738.23
1660000 907.856 921.851 917.551 2747.26
1662000 908.434 923.922 919.699 2752.06
1664000 910.256 925.988 920.206 2756.45
1666000 913.114 926.174 921.937 2761.23
1668000 914.455 926.479 920.938 2761.87
1670000 914.469 929.133 922.086 2765.69
1672000 915.465 929.756 922.444 2767.67
1674000 916.875 931.5 924.018 2772.39
1676000 919.625 930.297 927.364 2777.29
1678000 923.669 931.094 929.359 2784.12
1680000 927.329 930.911 931.209 2789.45
1682000 926.175 933.655 934.893 2794.72
1684000 927.964 934.007 937.27 2799.24
1686000 931.065 936.78 941.222 2809.07
1688000 935.728 937.053 940.748 2813.53
1690000 938.68 940.828 943.299 2822.81
1692000 941.707 941.282 943.725 2826.71
1694000 943.981 942.516 946.354 2832.85
1696000 943.346 942.956 945.282 2831.58
1698000 942.314 946.23 947.857 2836.4
1700000 946.799 946.482 947.438 2840.72
1702000 950.456 945.788 948.633 2844.88
1704000 951.296 946.963 948.54 2846.8
1706000 952.106 944.786 954.347 2851.24
1708000 952.783 948.343 956.086 2857.21
1710000 954.01 948.358 955.998 2858.37
1712000 956.958 952.293 958.818 2868.07
1714000 959.232 951.982 955.318 2866.53
1716000 961.031 953.532 957.062 2871.63
1718000 961.663 952.246 958.827 2872.74
1720000 962.391 954.726 958.953 2876.07
1722000 961.993 955.842 962.633 2880.47
1724000 966.325 955.294 961.281 2882.9
1726000 967.939 955.999 964.927 2888.86
1728000 968.195 954.666 968.21 2891.07
1730000 970.45 956.857 969.551 2896.86
1732000 973.025 959.92 970.781 2903.72
1734000 975.766 960.699 974.405 2910.87
1736000 980.984 963.735 975.946 2920.66
1738000 984.083 963.982 976.289 2924.35
1740000 981.549 963.653 977.26 2922.46
1742000 983.841 965.284 978.319 2927.44
1744000 980.816 964.66 979.095 2924.57
1746000 979.666 963.857 981.961 2925.48
1748000 982.298 963.954 982.51 2928.76
1750000 985.135 965.629 983.2 2933.96
1752000 989.6 969.34 984.378 2943.32
1754000 990.308 972.149 986.84 2949.3
1756000 990.362 974.109 988.706 2953.18
1758000 991.294 975.308 990.076 2956.68
1760000 995.728 977.241 991.124 2964.09
1762000 996.985 979.093 996.199 2972.28
1764000 999.324 978.608 999.883 2977.81
1766000 997.481 981.177 1003.43 2982.09
1768000 997.356 981.661 1007.18 2986.2
1770000 1001.47 980.956 1008.75 2991.17
1772000 1001.9 984.364 1011.04 2997.3
1774000 1003.66 983.369 1012.65 2999.68
1776000 1002.92 983.445 1013.48 2999.85
1778000 1005.78 984.764 1014.16 3004.7
1780000 1008.98 984.508 1016.6 3010.08
1782000 1010.8 986.406 1021.7 3018.9
1784000 1010.99 989.552 1022.94 3023.48
1786000 1013.47 991.846 1023.55 3028.87
1788000 1015.7 993.199 1023.8 3032.69
1790000 1014.98 994.097 1027.43 3036.51
1792000 1019.03 993.409 1029.01 3041.44
1794000 1021.03 993.462 1029.92 3044.41
1796000 1024.42 994.846 1030.89 3050.16
1798000 1027.16 997.018 1030.2 3054.38
1800000 1028.03 997.835 1032.39 3058.25
1802000 1028.82 999.165 1031.82 3059.8
1804000 1026.79 1000.54 1035.36 3062.69
1806000 1028.39 1003.72 1035.62 3067.73
1808000 1030.28 1005.26 1037.37 3072.92
1810000 1033.14 1003.7 1041.62 3078.46
1812000 1034.49 1003.6 1046.53 3084.61
1814000 1039.08 1005.17 1048.08 3092.32
1816000 1041.34 1006.51 1049.77 3097.62
1818000 1042.42 1008.09 1051.04 3101.55
1820000 1039.41 1007.6 1052.15 3099.16
1822000 1040.19 1009.67 1053.54 3103.39
1824000 1041.16 1011.37 1054.87 3107.4
1826000 1041.01 1013.52 1055.93 3110.46
1828000 1039.84 1015 1057.09 3111.93
1830000 1042.1 1018.37 1059.71 3120.17
1832000 1045.13 1021.81 1058.63 3125.57
1834000 1045.48 1023.15 1058.06 3126.7
1836000 1049.24 1024.01 1059.89 3133.15
1838000 1047.93 1026.01 1059.95 3133.89
1840000 1049.87 1025.87 1062.85 3138.59
1842000 1050.67 1028.39 1065.49 3144.55
1844000 1052.61 1030.3 1065.63 3148.54
1846000 1053.9 1032.36 1068.46 3154.71
1848000 1054 1031.13 1069.89 3155.02
1850000 1054.94 1033.83 1072.64 3161.41
1852000 1055.68 1036.9 1072.29 3164.86
1854000 1058.68 1038.22 1074.5 3171.41
1856000 1057.57 1041.2 1078.26 3177.04
1858000 1056.74 1042.66 1079.5 3178.9
1860000 1060.45 1043.85 1081.15 3185.44
1862000 1061.6 1041.84 1082.16 3185.59
1864000 1060.76 1044.91 1085.7 3191.37
1866000 1060.79 1044.34 1086.8 3191.92
1868000 1060.34 1047.62 1087.95 3195.91
1870000 1059.73 1048.7 1090.29 3198.72
1872000 1063.85 1050.61 1089.54 3204
1874000 1067.57 1052.1 1089.18 3208.85
1876000 1068.2 1051.8 1093.14 3213.14
1878000 1070.97 1048.96 1095.85 3215.78
1880000 1073.85 1048.69 1097.29 3219.82
1882000 1073.79 1050.26 1097.62 3221.67
1884000 1074.24 1049.37 1101.01 3224.62
1886000 1073.03 1051.24 1102.27 3226.54
1888000 1072.72 1052.98 1098.42 3224.12
1890000 1073.89 1056.11 1098.93 3228.93
1892000 1075.74 1058.43 1101.59 3235.75
1894000 1077.07 1061.49 1105.12 3243.68
1896000 1078.35 1065.03 1104.94 3248.31
1898000 1078.76 1068.27 1106.27 3253.3
1900000 1080.4 1072 1106.27 3258.67
1902000 1081.03 1071.38 1109.76 3262.17
1904000 1084.42 1073.36 1110.47 3268.25
1906000 1086.18 1073.89 1112.16 3272.24
1908000 1088.97 1074.07 1113.65 3276.69
1910000 1089.88 1075.6 1111.45 3276.93
1912000 1093.35 1077.18 1112.58 3283.11
1914000 1092.86 1078.35 1112.37 3283.58
1916000 1098.11 1078.24 1113.21 3289.55
1918000 1098.69 1078.57 1115.86 3293.13
1920000 1101.65 1079.56 1118.37 3299.58
1922000 1102.19 1077.75 1122.23 3302.17
1924000 1101.79 1078.84 1121.97 3302.61
1926000 1100.17 1078.56 1125.33 3304.06
1928000 1101.52 1076.97 1127.84 3306.34
1930000 1102.58 1079.64 1130.41 3312.63
1932000 1101.18 1081.7 1131.2 3314.08
1934000 1104.93 1081.16 1129.47 3315.56
1936000 1104.32 1083.94 1130.37 3318.63
1938000 1106.72 1088.39 1133.95 3329.06
1940000 1111.36 1091.07 1134.22 3336.65
1942000 1113.22 1091.76 1135.45 3340.44
1944000 1113.29 1094.51 1136.78 3344.58
1946000 1115.76 1094.08 1136.7 3346.54
1948000 1118.6 1097.21 1138.15 3353.96
1950000 1119.21 1097.25 1135.88 3352.34
1952000 1119.34 1099.11 1140.18 3358.63
1954000 1119.12 1105.06 1141.45 3365.63
1956000 1120.12 1107.13 1142.85 3370.1
1958000 1123.62 1104.51 1144.68 3372.81
1960000 1124.17 1103.34 1148.36 3375.86
1962000 1126.26 1105.61 1150.18 3382.05
1964000 1126.57 1103.93 1154.52 3385.02
1966000 1128.05 1104.25 1157.42 3389.72
1968000 1130.44 1105.05 1159.99 3395.48
1970000 1132.34 1105.07 1164.46 3401.86
1972000 1135.92 1107.7 1165.46 3409.08
1974000 1137.85 1108.39 1165.06 3411.29
1976000 1139.18 1106.29 1169.45 3414.93
1978000 1139.92 1108.76 1171.77 3420.45
1980000 1142.95 1109.24 1176.57 3428.76
1982000 1145.15 1113.09 1178.86 3437.11
1984000 1144.82 1113.37 1181.23 3439.42
1986000 1143.8 1112.63 1184.11 3440.55
1988000 1146.13 1114.71 1188.61 3449.45
1990000 1144.83 1114.11 1188.89 3447.83
1992000 1145.84 1116.22 1187.44 3449.5
1994000 1147.27 1115.55 1190.61 3453.43
1996000 1149.05 1118.1 1191.06 3458.21
1998000 1151.32 1116.5 1192.62 3460.44
2000000 1150.87 1115.95 1194.55 3461.37
