# Time-averaged data for fix savemsd
# TimeStep c_msd[1] c_msd[2] c_msd[3] c_msd[4]
0 7.26775e-30 5.4782e-33 5.4782e-33 7.2787e-30
2000 2.20649 2.15037 2.00474 6.3616
4000 4.09946 4.12736 4.14525 12.3721
6000 5.95028 5.84103 5.70214 17.4934
8000 7.88694 7.99884 7.61899 23.5048
10000 9.18075 9.68738 9.40892 28.277
12000 11.2511 11.8924 11.317 34.4606
14000 13.3309 13.5383 13.4211 40.2903
16000 15.3675 15.2156 15.6021 46.1852
18000 17.0218 17.1249 17.498 51.6447
20000 19.0198 19.3715 19.253 57.6443
22000 20.3968 21.3525 21.5282 63.2775
24000 22.4125 23.4948 23.6748 69.582
26000 24.5725 25.6153 25.2578 75.4457
28000 26.9111 27.0183 27.4201 81.3495
30000 29.4501 29.2669 29.3701 88.087
32000 31.6011 31.0415 31.2955 93.938
34000 33.1166 33.7401 34.1485 101.005
36000 35.0528 36.0326 35.8254 106.911
38000 37.7564 38.048 37.4111 113.215
40000 39.7822 39.7559 40.5219 120.06
42000 42.4653 42.1822 41.827 126.475
44000 44.087 45.404 42.773 132.264
46000 47.0766 48.4076 44.664 140.148
48000 48.874 50.6096 46.8939 146.377
50000 50.2116 51.588 49.0169 150.816
52000 51.044 53.3169 51.0819 155.443
54000 52.7421 55.6637 53.1963 161.602
56000 53.7041 58.6706 54.9896 167.364
58000 55.9401 61.0272 56.2513 173.219
60000 57.6007 61.4991 58.9208 178.021
62000 60.0175 63.2064 60.1736 183.398
64000 63.387 65.5671 62.6776 191.632
66000 65.3064 67.0477 65.5493 197.903
68000 66.7197 69.9284 68.6547 205.303
70000 67.7166 72.8037 71.6303 212.151
72000 70.5878 75.8609 73.4537 219.902
74000 72.6964 78.3344 75.529 226.56
76000 74.7205 80.4412 77.3016 232.463
78000 77.0917 82.4235 79.5027 239.018
80000 80.2057 84.5217 80.9125 245.64
82000 81.0119 86.904 83.11 251.026
84000 81.4063 89.725 84.0456 255.177
86000 82.9755 91.1912 87.3662 261.533
88000 86.1595 92.1576 89.7849 268.102
90000 86.6303 93.5463 91.3368 271.513
92000 89.097 95.7416 93.3795 278.218
94000 91.0261 98.4008 95.5095 284.936
96000 92.6066 100.329 98.119 291.054
98000 93.7555 101.824 101.048 296.628
100000 94.5547 104.076 103.482 302.113
102000 96.8053 105.531 104.886 307.223
104000 99.4899 107.34 106.191 313.021
106000 101.529 109.995 107.319 318.843
108000 103.22 111.718 108.837 323.776
110000 106.029 114.526 110.312 330.866
112000 109.187 116.65 114.376 340.214
114000 110.109 118.66 116.279 345.048
116000 111.368 121.618 117.674 350.66
118000 113.071 123.519 118.633 355.224
120000 115.789 125.865 120.21 361.865
122000 117.643 126.832 122.595 367.071
124000 120.111 129.101 123.607 372.819
126000 123.367 131.207 125.206 379.78
128000 125.933 134.288 128.119 388.34
130000 127.671 135.539 131.207 394.417
132000 129.086 137.658 132.412 399.156
134000 131.358 140.276 134.649 406.283
136000 132.503 142.621 135.382 410.506
138000 134.569 145.481 137.21 417.259
140000 137.261 147.839 138.301 423.4
142000 139.953 151.844 140.582 432.378
144000 143.897 152.715 143.954 440.566
146000 144.657 155.464 145.2 445.321
148000 146.076 158.57 146.83 451.477
150000 149.461 161.991 147.811 459.262
152000 151.372 164.87 150.447 466.689
154000 153.426 167.89 152.734 474.05
156000 155.75 170.692 155.892 482.335
158000 157.693 172.521 158.966 489.18
160000 160.406 174.476 160.35 495.232
162000 162.483 177.231 161.904 501.619
164000 165.508 180.075 164.552 510.135
166000 166.914 182.122 165.563 514.598
168000 167.632 184.079 167.285 518.995
170000 168.848 184.528 169.382 522.758
172000 171.968 189.243 170.113 531.325
174000 174.106 190.25 172.355 536.712
176000 175.758 192.899 174.654 543.311
178000 177.395 193.541 177.923 548.859
180000 180.778 195.203 180.963 556.944
182000 184.153 196.177 183.033 563.363
184000 186.753 198.222 185.581 570.556
186000 187.804 200.363 187.758 575.925
188000 189.056 202.996 189.854 581.906
190000 190.24 202.963 190.529 583.733
192000 191.572 205.236 194.785 591.594
194000 193.387 206.434 195.518 595.339
196000 195.728 208.35 196.101 600.179
198000 197.161 211.775 196.628 605.563
200000 199.667 212.847 198.356 610.87
202000 202.593 214.445 198.58 615.618
204000 204.781 215.793 199.798 620.372
206000 206.444 219.255 201.66 627.359
208000 210.135 220.438 203.115 633.688
210000 211.759 223.997 203.495 639.251
212000 215.306 226.382 205.09 646.778
214000 217.722 228.006 208.075 653.803
216000 219.353 229.558 210.65 659.561
218000 220.353 232.31 213.502 666.164
220000 220.891 233.069 213.968 667.928
222000 222.493 235.063 215.798 673.355
224000 223.003 238.999 218.308 680.31
226000 225.84 242.487 220.298 688.625
228000 227.173 244.364 221.743 693.28
230000 228.414 246.239 223.264 697.917
232000 229.668 247.185 224.492 701.344
234000 230.939 246.897 225.542 703.377
236000 233.105 249.218 227.966 710.29
238000 236.666 251.439 230.013 718.117
240000 239.343 254.247 233.616 727.206
242000 239.334 257.45 234.855 731.639
244000 241.135 259.417 237.971 738.523
246000 244.064 260.74 240.941 745.744
248000 244.841 262.12 244.632 751.593
250000 245.919 265.377 245.88 757.176
252000 248.599 267.975 248.956 765.53
254000 249.044 267.926 251.303 768.274
256000 252.111 268.047 251.548 771.706
258000 255.093 270.022 253.526 778.641
260000 256.579 271.764 257.231 785.573
262000 259.596 274.984 258.815 793.395
264000 263.068 277.811 259.721 800.599
266000 264.669 281.162 261.721 807.553
268000 269.069 284.384 264.86 818.312
270000 270.437 284.276 265.647 820.361
272000 271.674 285.113 266.827 823.614
274000 273.55 287.541 268.186 829.278
276000 276.466 290.268 270.033 836.768
278000 277.107 291.993 272.512 841.612
280000 281.421 292.711 276.163 850.295
282000 284.382 293.751 278.956 857.089
284000 290.741 294.66 281.286 866.687
286000 294.147 296.454 282.619 873.219
288000 297.221 297.218 284.095 878.534
290000 298.785 298.916 288.382 886.084
292000 302.159 302.331 291.001 895.491
294000 303.985 304.759 292.662 901.406
296000 306.013 305.847 292.454 904.314
298000 307.946 307.045 295.775 910.766
300000 306.786 308.453 300.948 916.187
302000 308.252 310.988 302.886 922.127
304000 313.272 311.156 305.702 930.129
306000 315.736 311.705 308.144 935.585
308000 318.391 314.766 311.157 944.314
310000 321.233 316.008 312.482 949.723
312000 322.158 318.387 313.724 954.269
314000 324.76 319.941 316.095 960.796
316000 328.599 322.972 318.983 970.554
318000 329.648 324.05 319.32 973.018
320000 333.733 324.67 319.346 977.748
322000 336.6 327.125 322.196 985.92
324000 337.986 326.579 325.7 990.265
326000 341.812 328.118 327.529 997.46
328000 344.496 329.742 327.79 1002.03
330000 348.762 329.641 330.217 1008.62
332000 351.136 333.293 332.875 1017.3
334000 352.628 333.654 331.613 1017.9
336000 354.919 336.608 338.124 1029.65
338000 359.018 339.599 340.393 1039.01
340000 363.408 343.041 343.696 1050.14
342000 367.038 345.07 345.252 1057.36
344000 368.03 347.881 348.439 1064.35
346000 367.7 350.461 349.698 1067.86
348000 371.717 351.793 351.028 1074.54
350000 373.533 353.895 352.958 1080.39
352000 377.337 357.751 355.162 1090.25
354000 377.833 359.741 357.816 1095.39
356000 378.139 362.561 358.606 1099.31
358000 383.714 364.699 359.602 1108.02
360000 384.344 368.342 360.623 1113.31
362000 385.076 371.658 361.053 1117.79
364000 387.088 374.351 361.707 1123.15
366000 389.123 374.728 362.89 1126.74
368000 391.615 376.188 364.045 1131.85
370000 394.704 376.601 364.725 1136.03
372000 394.904 376.963 366.779 1138.65
374000 396.266 377.858 368.363 1142.49
376000 396.946 380.472 372.836 1150.25
378000 400.384 381.733 375.505 1157.62
380000 402.473 383.778 378.034 1164.28
382000 402.81 386.75 380.728 1170.29
384000 406.52 385.713 381.147 1173.38
386000 406.157 388.847 381.749 1176.75
388000 409.092 389.412 382.776 1181.28
390000 411.963 392.574 384.588 1189.13
392000 413.228 394.91 388.14 1196.28
394000 416.686 398.787 392.132 1207.6
396000 419.275 399.574 394.716 1213.56
398000 420.219 401.062 397.861 1219.14
400000 423.712 402.278 400.252 1226.24
402000 426.85 402.945 401.972 1231.77
404000 429.759 403.53 404.66 1237.95
406000 432.386 405.542 406.446 1244.37
408000 433.076 407.642 408.355 1249.07
410000 432.256 410.102 411.429 1253.79
412000 437.34 414.939 414.26 1266.54
414000 439.106 416.418 415.809 1271.33
416000 439.396 418.692 416.745 1274.83
418000 441.385 418.617 416.44 1276.44
420000 442.363 421.314 418.292 1281.97
422000 443.558 423.017 417.1 1283.68
424000 449.491 426.256 419.218 1294.97
426000 451.871 429.734 421.554 1303.16
428000 452.448 431.488 424.735 1308.67
430000 452.136 432.511 425.967 1310.61
432000 454.72 437.77 426.357 1318.85
434000 458.986 440.67 429.354 1329.01
436000 460.451 445.305 428.095 1333.85
438000 461.477 446.745 429.813 1338.03
440000 464.714 448.14 430.983 1343.84
442000 467.782 450.678 432.616 1351.08
444000 469.717 453.006 434.283 1357.01
446000 469.21 456.174 435.305 1360.69
448000 473.546 456.996 433.929 1364.47
450000 476.525 460.426 437.39 1374.34
452000 478.981 462.441 437.941 1379.36
454000 481.534 462.992 437.891 1382.42
456000 484.598 465.432 438.054 1388.08
458000 486.145 464.984 439.332 1390.46
460000 491.094 468.79 439.762 1399.65
462000 491.321 471.253 440.908 1403.48
464000 494.829 472.472 442.886 1410.19
466000 497.558 475.604 444.157 1417.32
468000 499.96 478.999 446.031 1424.99
470000 502.007 481.222 446.567 1429.8
472000 504.641 485.711 449.208 1439.56
474000 507.731 486.363 450.969 1445.06
476000 510.273 486.018 453.469 1449.76
478000 508.717 488.858 453.764 1451.34
480000 508.24 488.389 454.644 1451.27
482000 510.46 489.292 455.162 1454.91
484000 511.837 491.955 456.23 1460.02
486000 514.698 493.344 455.217 1463.26
488000 517.66 496.182 459.056 1472.9
490000 521.138 495.82 462.929 1479.89
492000 524.458 498.248 462.996 1485.7
494000 526.86 500.26 465.075 1492.19
496000 527.4 502.944 465.041 1495.38
498000 531.357 503.029 468.057 1502.44
500000 533.631 503.598 467.862 1505.09
502000 536.708 508.046 471.112 1515.87
504000 540.692 511.12 472.475 1524.29
506000 546.173 511.831 472.608 1530.61
508000 546.36 513.674 476.087 1536.12
510000 549.669 519.401 479.312 1548.38
512000 549.265 522.339 480.814 1552.42
514000 548.515 525.067 482.094 1555.68
516000 547.145 529.913 481.778 1558.84
518000 549.172 531.545 482.109 1562.83
520000 549.601 533.033 483.765 1566.4
522000 552.226 532.571 484.455 1569.25
524000 555.649 534.83 485.878 1576.36
526000 559.437 539.928 485.678 1585.04
528000 561.72 540.218 488.136 1590.07
530000 562.549 544.047 489.971 1596.57
532000 562.634 545.444 493.46 1601.54
534000 566.129 547.672 495.587 1609.39
536000 569.416 553.191 497.972 1620.58
538000 569.928 557.031 502.443 1629.4
540000 570.44 559.04 503.871 1633.35
542000 573.18 560.519 505.64 1639.34
544000 574.628 562.648 506.946 1644.22
546000 576.579 564.628 510.622 1651.83
548000 577.507 568.174 513.654 1659.33
550000 580.421 569.885 516.278 1666.58
552000 580.978 571.186 517.2 1669.36
554000 579.554 574.525 518.021 1672.1
556000 583.097 576.621 520.327 1680.04
558000 587.29 578.309 523.41 1689.01
560000 592.748 579.208 524.68 1696.64
562000 592.714 580.577 526.961 1700.25
564000 594.897 583.824 529.356 1708.08
566000 596.57 586.773 531.811 1715.15
568000 599.012 588.183 535.001 1722.2
570000 598.443 591.442 536.522 1726.41
572000 601.437 591.841 537.095 1730.37
574000 607.705 592.64 541.052 1741.4
576000 610.499 594.981 544.057 1749.54
578000 613.241 596.847 547.995 1758.08
580000 614.072 598.813 553.01 1765.89
582000 613.69 598.58 549.294 1761.56
584000 616.263 599.444 550.569 1766.28
586000 621.308 603.575 551.068 1775.95
588000 625.513 606.482 551.719 1783.71
590000 627.391 604.454 553.042 1784.89
592000 630.082 606.757 553.861 1790.7
594000 631.502 606.124 554.458 1792.08
596000 631.201 607.277 556.236 1794.71
598000 632.608 608.022 558.244 1798.87
600000 634.252 609.228 558.904 1802.38
602000 633.401 611.011 560.328 1804.74
604000 635.285 613.057 563.252 1811.59
606000 636.002 615.323 564.631 1815.96
608000 640.229 617.017 569.103 1826.35
610000 641.002 621.494 571.609 1834.11
612000 642.479 624.772 575.192 1842.44
614000 644.304 625.912 575.787 1846
616000 644.146 628.339 577.327 1849.81
618000 646.926 628.918 579.837 1855.68
620000 651.129 631.836 582.806 1865.77
622000 656.175 636.117 585.169 1877.46
624000 656.676 640.017 589.878 1886.57
626000 658.153 642.29 593.337 1893.78
628000 661.722 642.699 593.518 1897.94
630000 667.294 644.958 595.634 1907.89
632000 669.416 644.596 594.461 1908.47
634000 669.253 644.186 594.305 1907.74
636000 674.157 643.121 598.48 1915.76
638000 678.4 644.414 600.063 1922.88
640000 678.741 648.066 601.236 1928.04
642000 681.423 651.745 604.636 1937.8
644000 684.556 652.614 604.831 1942
646000 686.8 650.916 607.204 1944.92
648000 687.561 655.553 609.079 1952.19
650000 691.261 660.163 610.685 1962.11
652000 692.04 659.023 611.497 1962.56
654000 695.597 662.172 614.947 1972.72
656000 694.057 662.902 617.342 1974.3
658000 699.479 664.922 618.985 1983.39
660000 699.669 671.833 622.157 1993.66
662000 704.725 672.733 624.6 2002.06
664000 707.131 676.689 629.318 2013.14
666000 708.552 680.913 628.682 2018.15
668000 708.467 681.104 629.527 2019.1
670000 710.379 685.475 629.015 2024.87
672000 713.121 686.733 631.077 2030.93
674000 712.813 687.281 633.572 2033.67
676000 715.037 691.25 632.774 2039.06
678000 713.965 693.462 634.865 2042.29
680000 716.785 696.423 636.654 2049.86
682000 719.032 697.586 639.183 2055.8
684000 722.638 698.696 643.885 2065.22
686000 725.473 703.364 647.638 2076.47
688000 727.433 700.821 648.532 2076.79
690000 729.468 703.224 650.098 2082.79
692000 732.398 704.023 651.441 2087.86
694000 734.961 708.058 657.753 2100.77
696000 738.904 709.821 661.891 2110.62
698000 738.942 711.497 663.374 2113.81
700000 738.562 712.641 662.979 2114.18
702000 740.772 718.97 667.289 2127.03
704000 740.398 723.143 668.213 2131.75
706000 741.847 726.87 668.446 2137.16
708000 741.697 732.437 669.354 2143.49
710000 741.91 735.577 669.396 2146.88
712000 741.404 735.667 670.653 2147.72
714000 745.875 734.337 674.211 2154.42
716000 748.524 739.044 677.14 2164.71
718000 750.241 742.398 680.887 2173.53
720000 751.083 746.13 684.807 2182.02
722000 753.417 747.751 687.862 2189.03
724000 756.998 750.202 691.377 2198.58
726000 754.706 752.631 691.015 2198.35
728000 758.25 752.31 692.325 2202.89
730000 757.804 752.589 694.472 2204.87
732000 762.705 753.78 695.98 2212.46
734000 762.818 755.911 696.928 2215.66
736000 765.27 760.196 700.471 2225.94
738000 769.629 759.265 704.646 2233.54
740000 772.198 767.043 708.651 2247.89
742000 771.138 771.127 712.254 2254.52
744000 772.915 772.748 719.683 2265.35
746000 774.077 774.123 720.402 2268.6
748000 778.754 778.537 723.153 2280.44
750000 782.249 783.262 728.026 2293.54
752000 785.093 786.105 731.703 2302.9
754000 787.22 789.095 729.529 2305.84
756000 789.572 788.669 729.485 2307.73
758000 792.726 790.637 731.261 2314.62
760000 791.911 793.598 732.609 2318.12
762000 793.789 798.621 733.375 2325.79
764000 797.128 800.928 735.17 2333.23
766000 800.469 804.055 735.617 2340.14
768000 802.815 806.789 738.24 2347.84
770000 806.655 806.537 744.221 2357.41
772000 804.767 806.52 746.531 2357.82
774000 810.004 807.047 747.78 2364.83
776000 810.789 811.776 746.613 2369.18
778000 813.999 813.56 749.275 2376.83
780000 820.085 817.078 749.056 2386.22
782000 819.973 818.322 752.221 2390.52
784000 819.169 818.092 752.963 2390.22
786000 821.36 820.346 756.804 2398.51
788000 823.15 822.161 754.985 2400.29
790000 826.145 823.822 760.801 2410.77
792000 826.932 825.043 763.291 2415.27
794000 830.067 825.545 764.35 2419.96
796000 832.263 827.831 765.709 2425.8
798000 830.984 830.209 768.551 2429.74
800000 835.845 835.324 776.13 2447.3
802000 839.849 835.952 777.691 2453.49
804000 845.207 839.001 779.299 2463.51
806000 851.631 841.55 779.702 2472.88
808000 855.475 842.167 783.853 2481.49
810000 857.595 843.39 786.164 2487.15
812000 859.595 845.425 786.464 2491.48
814000 861.743 848.168 786.442 2496.35
816000 863.565 849.829 792.479 2505.87
818000 864.631 851.791 792.678 2509.1
820000 866.169 851.619 796.968 2514.76
822000 872.556 851.965 799.992 2524.51
824000 876.709 852.292 800.304 2529.3
826000 881.959 853.332 804.166 2539.46
828000 884.088 852.875 803.035 2540
830000 887.476 854.048 808.772 2550.3
832000 889.89 853.558 811.129 2554.58
834000 892.644 855.511 814.497 2562.65
836000 894.227 854.865 816.506 2565.6
838000 900.356 853.503 819.955 2573.81
840000 906.237 855.547 822.072 2583.86
842000 908.218 857.663 823.324 2589.21
844000 911.408 861.751 825.493 2598.65
846000 911.242 868.126 829.573 2608.94
848000 914.907 868.352 833.389 2616.65
850000 918.786 870.62 836.26 2625.67
852000 920.274 873.028 840.48 2633.78
854000 922.323 871.901 844.068 2638.29
856000 925.967 871.049 846.696 2643.71
858000 929.233 871.32 847.68 2648.23
860000 929.158 872.949 851.188 2653.3
862000 929.453 875.195 850.611 2655.26
864000 932.31 876.46 849.979 2658.75
866000 934.022 878.098 857.408 2669.53
868000 934.743 882.796 855.42 2672.96
870000 937.336 886.003 853.87 2677.21
872000 937.842 888.62 853.305 2679.77
874000 941.169 891.742 855.625 2688.54
876000 942.749 894.679 855.52 2692.95
878000 947.105 896.773 857.762 2701.64
880000 953.857 899.122 860.559 2713.54
882000 959.981 900.252 861.773 2722.01
884000 963.586 906.518 863.241 2733.35
886000 968.925 908.319 868.529 2745.77
888000 972.285 907.51 874.95 2754.75
890000 976.7 910.162 876.321 2763.18
892000 976.67 909.675 881.785 2768.13
894000 976.879 914.194 884.864 2775.94
896000 974.599 915.434 885.44 2775.47
898000 974.114 916.779 887.151 2778.04
900000 976.995 917.516 890.358 2784.87
902000 979.125 916.183 892.207 2787.51
904000 983.381 918.481 897.177 2799.04
906000 982.205 920.353 903.058 2805.62
908000 985.897 924.887 905.882 2816.67
910000 984.402 924.856 907.319 2816.58
912000 986.984 927.767 910.434 2825.18
914000 997.385 926.511 914.016 2837.91
916000 998.305 929.051 915.196 2842.55
918000 998.247 932.537 918.782 2849.57
920000 1003.76 932.559 919.465 2855.78
922000 1003.21 935.351 918.217 2856.77
924000 1004.84 937.899 919.151 2861.89
926000 1007.77 938.002 919.675 2865.45
928000 1008.39 937.383 920.86 2866.63
930000 1007 936.188 920.673 2863.86
932000 1012.53 938.612 923.543 2874.69
934000 1014.9 938.085 925.036 2878.02
936000 1017.48 942.05 927.542 2887.07
938000 1022.91 944.424 931.247 2898.58
940000 1025.58 946.359 933.941 2905.88
942000 1025.4 947.225 932.99 2905.62
944000 1031.78 945.992 934.135 2911.91
946000 1033.81 948.074 934.734 2916.62
948000 1033.05 951.021 935.693 2919.76
950000 1033.35 954.766 936.117 2924.24
952000 1036.37 961.038 939.806 2937.22
954000 1035.48 964.787 941.12 2941.39
956000 1036.83 968.786 940.387 2946
958000 1042.04 974.827 942.785 2959.66
960000 1047.45 975.425 942.449 2965.32
962000 1049.93 978.021 945.071 2973.02
964000 1047.89 980.871 949.359 2978.12
966000 1051.6 982.756 949.707 2984.06
968000 1049.33 986.31 950.75 2986.39
970000 1052.38 990.985 948.908 2992.28
972000 1054.61 989.294 951.379 2995.28
974000 1054.28 992.494 953.575 3000.35
976000 1055.8 994.611 957.213 3007.62
978000 1059.24 997.823 959.586 3016.65
980000 1057.43 1003.91 964.321 3025.66
982000 1059.83 1006.47 965.733 3032.03
984000 1063.06 1010.99 967.183 3041.23
986000 1064.64 1014.33 966.987 3045.95
988000 1067.62 1015.56 969.209 3052.39
990000 1064.54 1013.46 968.223 3046.22
992000 1067.2 1013.02 969.353 3049.58
994000 1068.67 1010.96 974.693 3054.33
996000 1070.08 1013.38 976.041 3059.5
998000 1066.95 1014.56 975.426 3056.93
1000000 1068.68 1012.3 980.084 3061.07
1002000 1069.7 1016.59 983.324 3069.62
1004000 1072.24 1019.18 986.792 3078.22
1006000 1072.68 1022.82 992.628 3088.12
1008000 1072.47 1025.37 994.019 3091.86
1010000 1074.62 1030.19 996.42 3101.23
1012000 1072.71 1032.13 997.121 3101.96
1014000 1074.86 1034.44 999.162 3108.46
1016000 1076.59 1037.49 1001.5 3115.58
1018000 1077.06 1040.53 1001.7 3119.29
1020000 1076.34 1041.8 1001.43 3119.57
1022000 1078.83 1043 1003.64 3125.46
1024000 1081.16 1040.2 1007.04 3128.4
1026000 1082.94 1040.75 1009.66 3133.35
1028000 1085.22 1041.59 1006.95 3133.76
1030000 1087.12 1044.61 1006.35 3138.08
1032000 1086.07 1046.27 1006.87 3139.21
1034000 1087.45 1049.23 1004.47 3141.14
1036000 1089.16 1050.32 1004.98 3144.46
1038000 1090.55 1050.7 1006.13 3147.38
1040000 1094.12 1050 1005 3149.11
1042000 1091.7 1052.7 1008.89 3153.3
1044000 1093.81 1055.89 1009.58 3159.27
1046000 1095.25 1057.14 1013.45 3165.84
1048000 1095.09 1060.71 1016.19 3171.99
1050000 1094.15 1063.26 1019.74 3177.15
1052000 1094.67 1064.78 1020.99 3180.43
1054000 1095.7 1065.09 1027.83 3188.62
1056000 1095.46 1064.24 1028.26 3187.97
1058000 1098.27 1066.5 1029.03 3193.81
1060000 1102.04 1068.49 1032.34 3202.87
1062000 1109.73 1069.7 1032.81 3212.24
1064000 1112.16 1071.11 1032.6 3215.87
1066000 1112.74 1076.11 1037.4 3226.24
1068000 1118.24 1076.55 1038.66 3233.45
1070000 1122.88 1078.5 1040.74 3242.12
1072000 1126.21 1078.51 1040.43 3245.15
1074000 1129.34 1074.34 1043.1 3246.77
1076000 1130.7 1079.2 1045.29 3255.19
1078000 1133.56 1083.61 1045.55 3262.72
1080000 1134.89 1084.37 1047.87 3267.13
1082000 1137.1 1089.28 1047.25 3273.64
1084000 1135.94 1093.37 1053.86 3283.17
1086000 1140.09 1092.56 1054.95 3287.6
1088000 1141.24 1093.68 1061.62 3296.55
1090000 1141.46 1093.07 1065 3299.52
1092000 1144.25 1095.01 1071.47 3310.73
1094000 1144.95 1097.02 1074.69 3316.67
1096000 1148.4 1100.99 1078.04 3327.42
1098000 1149.86 1104.89 1079.99 3334.74
1100000 1151.09 1110.67 1080.83 3342.59
1102000 1148.9 1114.03 1080.87 3343.8
1104000 1152.37 1117.12 1083.07 3352.57
1106000 1152.19 1122.28 1084.56 3359.04
1108000 1156.9 1126.7 1087.3 3370.9
1110000 1160.37 1129.99 1092.9 3383.27
1112000 1162.96 1132.22 1096.37 3391.56
1114000 1165.18 1132.79 1098.1 3396.07
1116000 1168.17 1132.75 1100.45 3401.37
1118000 1169.54 1130.62 1101.67 3401.82
1120000 1170.34 1130.21 1103.1 3403.65
1122000 1170.83 1131.69 1106.68 3409.2
1124000 1175.3 1134.79 1102.51 3412.6
1126000 1173.92 1134.47 1106.57 3414.96
1128000 1173.99 1135.34 1110.11 3419.44
1130000 1177.73 1138.5 1112.36 3428.59
1132000 1181.88 1144.95 1114.42 3441.24
1134000 1184.68 1147.21 1117.46 3449.34
1136000 1183.23 1151.28 1115.92 3450.43
1138000 1187.3 1157.34 1118.51 3463.14
1140000 1190.01 1161.54 1120.46 3472.01
1142000 1191.81 1163.12 1119.08 3474.01
1144000 1191.76 1168.12 1121.08 3480.96
1146000 1191.7 1171.98 1123.04 3486.71
1148000 1194.5 1173.94 1124.98 3493.42
1150000 1197.5 1176.19 1127.66 3501.36
1152000 1198.19 1174.78 1130.48 3503.45
1154000 1197.07 1179.23 1130.37 3506.68
1156000 1196.68 1179.63 1136.02 3512.32
1158000 1196.63 1183.46 1137.6 3517.69
1160000 1201.78 1187.19 1140.39 3529.35
1162000 1204.02 1188.24 1143.08 3535.34
1164000 1208.3 1192.9 1141.21 3542.41
1166000 1210.08 1192.69 1144.21 3546.98
1168000 1213.39 1191.86 1147.45 3552.71
1170000 1211.92 1190 1151.35 3553.27
1172000 1216.6 1191.17 1156.05 3563.83
1174000 1216.02 1193.9 1156.61 3566.52
1176000 1216.25 1191.11 1156.72 3564.08
1178000 1215.28 1196.52 1159.82 3571.63
1180000 1218.19 1200.64 1162.78 3581.61
1182000 1220.63 1204.23 1163.83 3588.69
1184000 1223.79 1206.5 1166.56 3596.86
1186000 1225.78 1208.87 1169.09 3603.74
1188000 1225.74 1212.42 1170.9 3609.06
1190000 1228.58 1216.18 1166.07 3610.83
1192000 1228.87 1222.04 1168.61 3619.52
1194000 1226.67 1222.44 1169.82 3618.93
1196000 1225.99 1225.89 1171.69 3623.56
1198000 1225.69 1230.72 1176.13 3632.54
1200000 1226.78 1229.86 1183.7 3640.34
1202000 1231 1230.04 1184.5 3645.54
1204000 1232.72 1236.22 1185.93 3654.87
1206000 1231.44 1238.56 1191.29 3661.29
1208000 1229.88 1240.81 1191.83 3662.52
1210000 1230.82 1242.87 1197.21 3670.9
1212000 1231.8 1242.33 1193.98 3668.1
1214000 1233.26 1240.83 1198.02 3672.1
1216000 1232.85 1240.49 1201.27 3674.61
1218000 1234.21 1241.8 1201.25 3677.25
1220000 1236.32 1241.91 1205.23 3683.46
1222000 1239.34 1243.83 1204.28 3687.44
1224000 1237.84 1248.24 1203.79 3689.86
1226000 1235.05 1244.85 1210.17 3690.07
1228000 1234.96 1251.09 1214.69 3700.74
1230000 1236.02 1251.36 1215.4 3702.77
1232000 1238.5 1258.92 1215.82 3713.24
1234000 1240.27 1261.22 1221.29 3722.78
1236000 1239.26 1261.58 1219.33 3720.16
1238000 1238.19 1263.01 1219.24 3720.44
1240000 1237.4 1265.77 1221.04 3724.22
1242000 1237.92 1268.28 1222.26 3728.46
1244000 1239.64 1272.49 1224.76 3736.89
1246000 1244.85 1273.28 1230.87 3749
1248000 1247.75 1275.2 1230 3752.95
1250000 1251.88 1280.55 1228.84 3761.27
1252000 1252.26 1284.82 1230.37 3767.45
1254000 1256.39 1284.63 1230.2 3771.22
1256000 1254.65 1291 1230.45 3776.1
1258000 1258.73 1293.32 1234.94 3786.99
1260000 1256.86 1296.22 1237 3790.08
1262000 1253.79 1297.52 1243.15 3794.46
1264000 1259.22 1299.89 1244.76 3803.87
1266000 1261.87 1303.15 1243.52 3808.55
1268000 1263.71 1304.86 1240.47 3809.04
1270000 1267.3 1303.18 1238.89 3809.37
1272000 1270.81 1304.99 1242.39 3818.2
1274000 1271.12 1304.42 1245.72 3821.26
1276000 1271.57 1305.8 1247.82 3825.19
1278000 1274.9 1310 1248.59 3833.5
1280000 1276.05 1311.7 1251.2 3838.95
1282000 1275.04 1316.88 1255.83 3847.75
1284000 1281.02 1320.65 1258.65 3860.32
1286000 1282.17 1316.17 1260.56 3858.91
1288000 1286.74 1317.15 1261.99 3865.88
1290000 1288.26 1319.77 1264.13 3872.16
1292000 1292.47 1323.62 1267.49 3883.58
1294000 1296.54 1322.94 1271.13 3890.61
1296000 1303.22 1323.49 1269.79 3896.5
1298000 1305.23 1325.25 1274.59 3905.06
1300000 1313.98 1322 1276.65 3912.63
1302000 1322.87 1325.66 1278.14 3926.67
1304000 1326.21 1330.33 1280.64 3937.18
1306000 1330.65 1334.29 1279.02 3943.95
1308000 1330.74 1335.88 1283.17 3949.79
1310000 1329.9 1339.46 1283.32 3952.69
1312000 1331.23 1339.63 1286.26 3957.13
1314000 1336.89 1345.86 1286.66 3969.41
1316000 1336.19 1347.83 1284.26 3968.29
1318000 1334.17 1356.6 1289.23 3979.99
1320000 1334.37 1358.98 1289.08 3982.43
1322000 1336.01 1367.26 1292.17 3995.43
1324000 1338.41 1369.43 1294.3 4002.14
1326000 1341.65 1373.09 1299.45 4014.2
1328000 1343.32 1374.58 1298.4 4016.3
1330000 1350.15 1375.15 1304.76 4030.05
1332000 1355.59 1378.54 1308.34 4042.47
1334000 1361.32 1383.95 1311.41 4056.68
1336000 1364.92 1383.64 1309.31 4057.88
1338000 1369.14 1387.95 1313.19 4070.29
1340000 1373.35 1395.39 1313.45 4082.18
1342000 1373.69 1397.54 1310.85 4082.08
1344000 1377.65 1398.19 1314.14 4089.98
1346000 1379.14 1398.97 1311.06 4089.17
1348000 1383.47 1400.55 1312.88 4096.9
1350000 1382.11 1404.33 1314 4100.44
1352000 1383.12 1411.22 1314.43 4108.77
1354000 1380.33 1416.24 1317.05 4113.62
1356000 1381.77 1417.27 1315.88 4114.93
1358000 1378.26 1420.97 1320.42 4119.65
1360000 1381.99 1426.26 1317.8 4126.05
1362000 1387.79 1424.4 1321.83 4134.02
1364000 1393.04 1426.43 1324 4143.47
1366000 1397.68 1430.73 1323.76 4152.17
1368000 1398.86 1429.32 1320.58 4148.76
1370000 1403.05 1430.84 1323.03 4156.93
1372000 1404.79 1437.24 1320.56 4162.59
1374000 1409.65 1443.79 1325.48 4178.91
1376000 1414.69 1446.93 1326.27 4187.89
1378000 1416.29 1450.78 1327.79 4194.86
1380000 1419.68 1449.73 1321.03 4190.44
1382000 1423.7 1454.1 1324.65 4202.45
1384000 1423.44 1461.65 1325.54 4210.63
1386000 1422.81 1463.71 1327.69 4214.21
1388000 1428.71 1459.46 1330.06 4218.23
1390000 1434.41 1461.24 1328.5 4224.16
1392000 1436.31 1461.45 1329.46 4227.22
1394000 1438.13 1461.57 1327.33 4227.03
1396000 1438.49 1461.95 1326.55 4226.99
1398000 1439.48 1459.5 1327.26 4226.24
1400000 1446.66 1458.22 1328.13 4233.02
1402000 1444.95 1459.57 1328.73 4233.25
1404000 1445.59 1463.09 1328.38 4237.05
1406000 1450.99 1462.68 1328.2 4241.87
1408000 1453.14 1466.22 1331.89 4251.25
1410000 1447.84 1467.2 1331.45 4246.48
1412000 1446.08 1470.45 1333.74 4250.27
1414000 1451.49 1471.64 1329.34 4252.47
1416000 1453.76 1472.33 1332.85 4258.94
1418000 1452.55 1471.23 1336.43 4260.21
1420000 1453.36 1469.77 1335.66 4258.78
1422000 1454.15 1475 1341.4 4270.55
1424000 1453.12 1479.92 1344.29 4277.32
1426000 1457.78 1480.21 1344.86 4282.84
1428000 1465.74 1480.25 1354.05 4300.03
1430000 1466.85 1479.46 1355.29 4301.6
1432000 1469.14 1479.08 1355.72 4303.94
1434000 1471.23 1474.29 1355.28 4300.8
1436000 1472.31 1475.43 1355.12 4302.85
1438000 1475.39 1479.75 1354.18 4309.32
1440000 1479.56 1478.97 1359.07 4317.6
1442000 1481.45 1483.96 1362.71 4328.13
1444000 1480.95 1480.42 1361.66 4323.03
1446000 1480.98 1484.51 1360.82 4326.31
1448000 1479.15 1486.61 1362.54 4328.3
1450000 1481.14 1493.87 1363.9 4338.91
1452000 1478.61 1493.89 1367.76 4340.26
1454000 1475.57 1497.31 1370.89 4343.77
1456000 1475.4 1500.07 1368.17 4343.64
1458000 1478.55 1509.89 1372.83 4361.27
1460000 1476.55 1507.3 1375.35 4359.19
1462000 1480.81 1512.23 1376.35 4369.39
1464000 1483.01 1516.31 1382.77 4382.09
1466000 1485.49 1519.49 1382.1 4387.08
1468000 1490.88 1521.47 1384.45 4396.8
1470000 1493.36 1520.79 1387.07 4401.23
1472000 1495.03 1525.3 1387.14 4407.47
1474000 1496.74 1523 1389.79 4409.53
1476000 1498.85 1526.77 1388.78 4414.4
1478000 1502.33 1531.05 1392.87 4426.24
1480000 1500.62 1532.26 1397.79 4430.67
1482000 1502.24 1536.94 1395.15 4434.34
1484000 1501.06 1535.84 1397.06 4433.96
1486000 1497.88 1536.39 1395.62 4429.88
1488000 1497.43 1537.32 1396.32 4431.07
1490000 1499.4 1538.86 1399.29 4437.54
1492000 1501.49 1539.95 1403.2 4444.64
1494000 1498.77 1545.62 1403.88 4448.27
1496000 1501.98 1549.58 1407.82 4459.38
1498000 1502.12 1546.01 1414.96 4463.09
1500000 1506.77 1552.01 1414.98 4473.76
1502000 1508.82 1556.59 1417.74 4483.15
1504000 1514.17 1564.25 1421.58 4499.99
1506000 1512.92 1563.35 1425.45 4501.72
1508000 1516.51 1565.21 1424.97 4506.7
1510000 1520.59 1562.59 1427.33 4510.5
1512000 1528.2 1564.01 1438.14 4530.34
1514000 1534.09 1562.83 1438.91 4535.83
1516000 1540.31 1563.22 1441.99 4545.51
1518000 1539.77 1561.36 1441.08 4542.21
1520000 1543.2 1566.43 1444.68 4554.31
1522000 1544.06 1567.13 1444.13 4555.33
1524000 1543.02 1570.94 1446.3 4560.27
1526000 1545.31 1574.51 1445.49 4565.32
1528000 1550.91 1577.61 1447.65 4576.17
1530000 1549.45 1579.05 1454.26 4582.75
1532000 1548.42 1576.49 1456.47 4581.39
1534000 1548.21 1580.72 1460.81 4589.74
1536000 1550.06 1582.71 1459.33 4592.1
1538000 1552.03 1583.87 1462.97 4598.87
1540000 1557 1585.75 1465.77 4608.52
1542000 1565.51 1591.51 1466.1 4623.12
1544000 1571.95 1596.39 1465.2 4633.55
1546000 1575.33 1598.39 1467.17 4640.89
1548000 1579.96 1603.8 1468.07 4651.82
1550000 1584.78 1611.38 1470.71 4666.86
1552000 1586.59 1615.81 1472.23 4674.63
1554000 1592.75 1619.92 1470.66 4683.33
1556000 1594.17 1619.81 1468.18 4682.16
1558000 1596.03 1621.45 1473.32 4690.79
1560000 1594.52 1622.83 1478.09 4695.44
1562000 1592.29 1622.38 1479.34 4694.01
1564000 1596.54 1622.54 1480.96 4700.04
1566000 1597.5 1628.14 1481.06 4706.7
1568000 1599.15 1633.07 1487.45 4719.67
1570000 1599.93 1639.64 1485.64 4725.21
1572000 1597.6 1637.63 1484.87 4720.09
1574000 1594.12 1646.23 1489.15 4729.51
1576000 1591.61 1642.74 1493.68 4728.03
1578000 1593.51 1643.14 1497.93 4734.58
1580000 1595.45 1642.13 1503.96 4741.54
1582000 1597.99 1646.75 1511.65 4756.39
1584000 1604.85 1651.77 1513.82 4770.44
1586000 1609.52 1657.82 1517.49 4784.84
1588000 1609.59 1660.82 1524.03 4794.44
1590000 1613.82 1664.67 1524.41 4802.9
1592000 1615.57 1669.13 1526.47 4811.17
1594000 1623.84 1670.3 1529.47 4823.61
1596000 1625.23 1672.87 1526.33 4824.42
1598000 1629.29 1676.47 1531.37 4837.13
1600000 1626.72 1677.25 1533.59 4837.56
1602000 1629.47 1686.08 1536.55 4852.1
1604000 1632.32 1684.49 1536 4852.81
1606000 1634.37 1688.63 1537.7 4860.7
1608000 1639.43 1686.73 1530.64 4856.8
1610000 1644.38 1692.52 1530.14 4867.05
1612000 1653.16 1693 1532.81 4878.97
1614000 1660.52 1698.32 1529.62 4888.46
1616000 1655.96 1700.52 1532.32 4888.8
1618000 1661 1697.77 1536.84 4895.62
1620000 1665.2 1702.14 1536.99 4904.33
1622000 1666.2 1709.24 1540.88 4916.32
1624000 1672.14 1713.8 1546.71 4932.65
1626000 1675.8 1713.66 1550.55 4940.01
1628000 1678.68 1720.73 1555.36 4954.78
1630000 1681.25 1720.34 1556.36 4957.94
1632000 1680.06 1719.72 1560.69 4960.47
1634000 1684.82 1726.88 1568.91 4980.6
1636000 1687.56 1728.75 1570.06 4986.37
1638000 1688.58 1726.95 1573.48 4989.01
1640000 1694.53 1732.91 1575.89 5003.34
1642000 1696.99 1731.17 1578.58 5006.74
1644000 1696.68 1737.35 1576.95 5010.98
1646000 1696.62 1739.22 1576.58 5012.41
1648000 1703.64 1739.73 1583.47 5026.84
1650000 1710.69 1741.88 1585.94 5038.51
1652000 1711.68 1740.71 1586.7 5039.09
1654000 1713.74 1740.42 1591.49 5045.64
1656000 1719.04 1740.73 1592.6 5052.38
1658000 1722.4 1736.94 1593.4 5052.74
1660000 1724.42 1738.48 1600.63 5063.53
1662000 1731.55 1738.64 1602.63 5072.82
1664000 1734.98 1738.98 1605.29 5079.26
1666000 1743.65 1740.24 1606.21 5090.11
1668000 1746.4 1742.48 1608.47 5097.35
1670000 1749.63 1744.63 1608.36 5102.62
1672000 1754.34 1747.55 1611.38 5113.27
1674000 1756.82 1751.09 1617.68 5125.6
1676000 1757.9 1750.33 1616.23 5124.47
1678000 1761.63 1752.16 1616.76 5130.55
1680000 1759.4 1758.63 1618.72 5136.75
1682000 1762.65 1762.77 1621.81 5147.24
1684000 1758.95 1766.02 1621.31 5146.28
1686000 1761.72 1772.27 1621.29 5155.27
1688000 1766.9 1772.65 1619.81 5159.36
1690000 1767.56 1775.28 1618.37 5161.21
1692000 1771.15 1779.41 1615.63 5166.19
1694000 1774.16 1782.6 1615.85 5172.62
1696000 1777.59 1781.41 1621.63 5180.63
1698000 1785.5 1784.24 1620.32 5190.06
1700000 1790.81 1784.35 1619.33 5194.48
1702000 1789.73 1792.23 1625.89 5207.85
1704000 1794.76 1790.85 1625.57 5211.17
1706000 1796.86 1789.98 1625.14 5211.98
1708000 1795.55 1796.4 1622.36 5214.31
1710000 1795.86 1800.38 1624.08 5220.32
1712000 1794.33 1805.17 1629.62 5229.13
1714000 1793.91 1807.86 1632.07 5233.83
1716000 1797.83 1805.06 1630.34 5233.24
1718000 1799.93 1805.43 1635.48 5240.84
1720000 1800.01 1808.14 1637.22 5245.38
1722000 1800.82 1812.68 1639.08 5252.57
1724000 1797.25 1814.45 1640.85 5252.55
1726000 1804.24 1820.39 1642.44 5267.08
1728000 1810.53 1819.74 1647.3 5277.57
1730000 1811.8 1827.66 1650.79 5290.25
1732000 1811.7 1837.38 1652.66 5301.74
1734000 1810.53 1851.65 1653.3 5315.48
1736000 1809.84 1851.93 1654.19 5315.95
1738000 1816.39 1851.45 1652.19 5320.03
1740000 1815.97 1855.2 1654.44 5325.61
1742000 1814.87 1859.33 1658.29 5332.49
1744000 1818.38 1861.84 1662.79 5343.01
1746000 1823.01 1865.88 1666.01 5354.9
1748000 1821.1 1868.15 1667.21 5356.46
1750000 1824.65 1870.46 1671.92 5367.03
1752000 1827.14 1870.97 1674.63 5372.74
1754000 1831.93 1874.35 1674.91 5381.18
1756000 1833.07 1869.98 1677.95 5380.99
1758000 1836.34 1871.55 1679.62 5387.51
1760000 1838.68 1868.68 1680.31 5387.67
1762000 1843.82 1868.87 1685.13 5397.82
1764000 1840.86 1871.77 1687.39 5400.02
1766000 1842.88 1872.93 1685.08 5400.89
1768000 1840.56 1878.64 1685.53 5404.73
1770000 1846.26 1885.69 1681.99 5413.95
1772000 1847.4 1886.46 1686.89 5420.74
1774000 1850.65 1888.7 1686.85 5426.19
1776000 1851.74 1887.54 1689.63 5428.9
1778000 1850.61 1893.35 1693.19 5437.16
1780000 1857.03 1893.97 1696.62 5447.62
1782000 1858.24 1892.53 1694.88 5445.65
1784000 1860.23 1895.49 1698.71 5454.42
1786000 1865.96 1891.71 1703.82 5461.49
1788000 1868.94 1895.92 1702.59 5467.45
1790000 1871.22 1897.51 1710.48 5479.22
1792000 1873.19 1903.52 1711.92 5488.63
1794000 1871.4 1901.26 1714.15 5486.8
1796000 1870.85 1903.43 1718.61 5492.89
1798000 1872.63 1906.76 1722.98 5502.37
1800000 1872.95 1904.67 1727.74 5505.36
1802000 1877.52 1908.22 1725.87 5511.62
1804000 1881.81 1909.15 1734.02 5524.98
1806000 1882.95 1907.69 1737.32 5527.96
1808000 1884.13 1905.29 1740.1 5529.51
1810000 1887.26 1901.71 1741.46 5530.44
1812000 1890.79 1903.37 1742.28 5536.45
1814000 1896.18 1908.61 1744.19 5548.98
1816000 1897.58 1910.04 1746.32 5553.94
1818000 1898.32 1916.86 1747.48 5562.66
1820000 1902.46 1920.56 1752.44 5575.46
1822000 1904.89 1919.37 1753.74 5577.99
1824000 1911 1924.02 1762.8 5597.81
1826000 1908.94 1925.65 1763.52 5598.11
1828000 1908.9 1927.31 1766.96 5603.17
1830000 1914.2 1930.45 1768.86 5613.51
1832000 1916.45 1934.64 1770.24 5621.33
1834000 1915.23 1932.59 1777.18 5625.01
1836000 1920.02 1938.67 1778.63 5637.31
1838000 1922.76 1940.33 1782.75 5645.84
1840000 1926.23 1945.23 1782.64 5654.1
1842000 1933.24 1946.53 1784.89 5664.66
1844000 1939.1 1944.1 1787.63 5670.83
1846000 1938.32 1945.69 1793.9 5677.92
1848000 1945.32 1946.55 1792.91 5684.78
1850000 1944.6 1951.12 1793.99 5689.71
1852000 1945.68 1953.58 1794.01 5693.27
1854000 1946.48 1957.75 1802.33 5706.57
1856000 1949.1 1965.29 1806.54 5720.93
1858000 1947.5 1967.79 1804.51 5719.8
1860000 1948.66 1967.65 1805.92 5722.22
1862000 1952.51 1970.85 1810.15 5733.51
1864000 1949.88 1972.25 1811.33 5733.46
1866000 1951.77 1972.35 1815.88 5740
1868000 1955.31 1975.68 1815.52 5746.5
1870000 1954.23 1985.62 1817.11 5756.95
1872000 1954.08 1983.04 1822.24 5759.36
1874000 1960.71 1984.82 1823.38 5768.91
1876000 1960.27 1991.06 1826.7 5778.02
1878000 1955.36 1994.69 1827.83 5777.89
1880000 1954.05 2001.06 1825.33 5780.45
1882000 1955.98 2003.14 1824.91 5784.03
1884000 1952.35 2003.3 1821.99 5777.65
1886000 1954.28 2001.27 1822.92 5778.47
1888000 1955.86 2003.59 1824.67 5784.12
1890000 1959.34 2005.95 1830.12 5795.41
1892000 1963.16 2008.43 1834.64 5806.23
1894000 1967.53 2012.33 1840.99 5820.85
1896000 1967.33 2013.46 1843.01 5823.8
1898000 1967.97 2019.7 1842.73 5830.4
1900000 1969.95 2019.52 1849.56 5839.03
1902000 1967.52 2020.79 1848.7 5837
1904000 1966.6 2030.5 1850.56 5847.66
1906000 1967.71 2030.41 1852.27 5850.4
1908000 1969.94 2029.59 1857.62 5857.15
1910000 1971.73 2024.07 1860.92 5856.73
1912000 1977.16 2026.9 1863.43 5867.49
1914000 1983.94 2031.36 1869.46 5884.76
1916000 1987.48 2028.99 1874.69 5891.16
1918000 1984.59 2032.38 1879 5895.97
1920000 1982.56 2036.2 1882.51 5901.27
1922000 1985.72 2043.85 1883.62 5913.18
1924000 1985.65 2043.79 1881.7 5911.15
1926000 1980.77 2046.53 1883.79 5911.09
1928000 1981.21 2048.3 1884.37 5913.88
1930000 1979.1 2047.48 1893.85 5920.42
1932000 1978.57 2051.52 1892.48 5922.57
1934000 1979.41 2055.72 1890.75 5925.88
1936000 1985.36 2058.81 1888.33 5932.5
1938000 1990.91 2059.04 1888.44 5938.39
1940000 1995.8 2061.78 1896.03 5953.6
1942000 1999.13 2058.93 1897.92 5955.98
1944000 1992.53 2061.36 1896.92 5950.81
1946000 1993.43 2067.79 1899.49 5960.71
1948000 1994.83 2069.79 1898.76 5963.38
1950000 1996.78 2078.66 1899.59 5975.04
1952000 2000.33 2076.08 1899.96 5976.38
1954000 2001.1 2080.83 1899.96 5981.89
1956000 2001.37 2081.61 1904.2 5987.18
1958000 2004.21 2084.51 1906.46 5995.17
1960000 2010.33 2086.64 1906.58 6003.56
1962000 2013.56 2090.16 1908.67 6012.39
1964000 2019.96 2087.05 1910.01 6017.02
1966000 2022.59 2088.8 1909.8 6021.19
1968000 2030.5 2089.47 1916.43 6036.4
1970000 2029.88 2088.59 1918 6036.47
1972000 2029.89 2090.43 1920.55 6040.86
1974000 2039.35 2093.64 1926.59 6059.58
1976000 2039.92 2097 1929.57 6066.49
1978000 2041.02 2098.38 1930.32 6069.71
1980000 2042.25 2105.4 1931.34 6078.98
1982000 2043.86 2105.7 1932.73 6082.29
1984000 2044.86 2111.44 1935.03 6091.33
1986000 2045.24 2113.19 1943.47 6101.91
1988000 2048.91 2108.84 1952.54 6110.29
1990000 2056.13 2114.01 1955.97 6126.11
1992000 2057.49 2117.25 1954.17 6128.91
1994000 2059.64 2119.86 1963.93 6143.43
1996000 2061.7 2125.56 1966.52 6153.78
1998000 2067.41 2134.65 1969.55 6171.6
2000000 2066.59 2134.36 1974.47 6175.42
