# Time-averaged data for fix savemsd
# TimeStep c_msd[1] c_msd[2] c_msd[3] c_msd[4]
0 0 1.82607e-33 1.82607e-33 3.65213e-33
2000 4.27476 4.51563 4.52091 13.3113
4000 9.2995 9.26848 8.84698 27.415
6000 13.1973 13.8165 13.0082 40.0221
8000 17.6168 17.8892 16.7487 52.2548
10000 23.284 22.3182 20.9552 66.5574
12000 27.1309 25.9617 26.7671 79.8597
14000 32.5986 29.4536 30.0875 92.1397
16000 36.6136 33.9343 35.0715 105.619
18000 42.0293 37.4518 40.7875 120.269
20000 44.7063 40.5713 44.1855 129.463
22000 49.3094 44.1105 48.6598 142.08
24000 51.9696 48.7333 52.8437 153.547
26000 56.0297 53.2156 59.3246 168.57
28000 59.2246 57.1206 63.2366 179.582
30000 61.5824 59.768 68.812 190.162
32000 66.1566 64.7682 74.4103 205.335
34000 71.8519 69.1065 78.4942 219.453
36000 77.6759 74.1322 82.572 234.38
38000 81.8861 79.002 87.8522 248.74
40000 85.9449 82.8383 92.1966 260.98
42000 89.7488 85.6934 95.868 271.31
44000 95.8547 91.66 100.8 288.314
46000 100.299 98.2837 104.944 303.527
48000 105.648 100.934 109.523 316.105
50000 108.671 104.207 114.005 326.883
52000 113.797 108.644 118.812 341.254
54000 117.66 112.004 120.385 350.049
56000 122.453 116.181 123.29 361.924
58000 126.197 122.207 127.066 375.469
60000 131.599 126.048 131.16 388.807
62000 134.715 129.733 134.464 398.912
64000 137.438 134.726 138.283 410.447
66000 141.88 138.591 142.171 422.642
68000 144.483 141.478 144.431 430.392
70000 148.36 146.46 148.564 443.384
72000 153.921 149.286 150.412 453.619
74000 158.881 152.899 154.836 466.616
76000 163.001 157.992 159.317 480.31
78000 167.503 162.212 162.389 492.105
80000 171.683 168.659 165.123 505.465
82000 175.329 172.648 171.649 519.626
84000 180.853 179.054 177.261 537.168
86000 185.862 186.461 180.589 552.912
88000 189.017 190.577 182.244 561.838
90000 195.22 196.156 186.992 578.367
92000 204.373 200.832 192.456 597.66
94000 207.932 205.781 197.066 610.78
96000 211.906 206.214 200.708 618.828
98000 214.86 209.181 205.134 629.175
100000 218.783 214.782 210.162 643.727
102000 223.128 220.347 215.028 658.503
104000 229.528 223.891 219.209 672.627
106000 232.531 228.583 222.074 683.188
108000 237.353 234.394 226.157 697.904
110000 242.708 237.638 232.223 712.569
112000 249.486 242.512 239.013 731.011
114000 256.442 244.696 242.23 743.368
116000 263.229 249.966 247.203 760.398
118000 267.468 254.52 248.113 770.101
120000 273.692 258.88 249.969 782.541
122000 278.58 263.46 253.912 795.952
124000 282.206 268.582 255.791 806.579
126000 286.569 273.618 261.107 821.293
128000 290.652 277.923 265.071 833.646
130000 297.09 281.423 268.996 847.509
132000 303.073 287.662 271.107 861.842
134000 309.277 290.437 276.123 875.838
136000 312.191 295.038 279.475 886.703
138000 314.644 299.764 283.099 897.507
140000 319.626 302.059 288.515 910.199
142000 324.37 306.422 294.645 925.437
144000 327.896 310.959 296.425 935.281
146000 330.858 316.138 301.863 948.86
148000 335.139 321.963 306.789 963.89
150000 337.467 327.623 312.867 977.958
152000 344.738 328.566 320.151 993.455
154000 347.66 330.417 324.312 1002.39
156000 353.922 332.976 331.297 1018.2
158000 354.876 339.415 335.075 1029.37
160000 358.529 344.027 339.92 1042.48
162000 365.032 349.363 345.267 1059.66
164000 372.123 352.464 349.022 1073.61
166000 378.702 355.872 353.997 1088.57
168000 384.88 362.58 357.771 1105.23
170000 387.509 365.842 364.962 1118.31
172000 394.5 371.428 367.397 1133.33
174000 397.874 373.666 371.55 1143.09
176000 396.588 377.64 375.145 1149.37
178000 399.25 383.244 377.358 1159.85
180000 402.381 387.542 381.59 1171.51
182000 410.876 391.809 382.943 1185.63
184000 415.955 395.635 391.687 1203.28
186000 420.675 397.32 396.274 1214.27
188000 425.62 402.729 401.422 1229.77
190000 433.42 403.42 404.705 1241.54
192000 438.572 408.613 409.292 1256.48
194000 443.976 414.051 411.994 1270.02
196000 448.4 419.368 417.104 1284.87
198000 452.624 426.021 423.697 1302.34
200000 457.099 432.049 428.581 1317.73
202000 463.763 436.994 435.248 1336
204000 467.819 444.763 437.664 1350.25
206000 476.207 450.987 444.356 1371.55
208000 477.658 457.843 446.481 1381.98
210000 481.205 464.137 451.213 1396.55
212000 484.448 474.674 457.688 1416.81
214000 493.799 480.391 463.915 1438.11
216000 497.482 486.944 468.403 1452.83
218000 502.148 486.856 473.291 1462.29
220000 503.5 490.394 475.016 1468.91
222000 511.12 494.713 481.917 1487.75
224000 515.675 499.092 489.692 1504.46
226000 518.931 507.276 493.123 1519.33
228000 523.427 510.324 496.656 1530.41
230000 524.484 513.18 503.633 1541.3
232000 527.118 516.232 506.889 1550.24
234000 533.757 524.113 511.55 1569.42
236000 536.811 525.221 511.129 1573.16
238000 546.008 531.613 516.061 1593.68
240000 553.661 535.464 518.557 1607.68
242000 557.915 540.893 520.646 1619.45
244000 560.817 546.417 527.866 1635.1
246000 566.191 548.907 533.942 1649.04
248000 567.655 552.285 534.184 1654.12
250000 572.957 553.559 544.075 1670.59
252000 576.466 559.956 546.991 1683.41
254000 578.119 565.26 550.257 1693.64
256000 580.992 565.798 553.432 1700.22
258000 582.772 572.042 557.065 1711.88
260000 590.438 574.164 562.748 1727.35
262000 595.424 578.628 563.531 1737.58
264000 598.485 584.866 567.054 1750.41
266000 601.881 589.333 573.297 1764.51
268000 607.408 596.14 575.339 1778.89
270000 612.297 598.664 580.285 1791.25
272000 620.205 601.037 583.097 1804.34
274000 624.757 607.492 587.078 1819.33
276000 630.318 612.195 589.086 1831.6
278000 632.76 618.626 597.109 1848.49
280000 640.836 618.728 600.742 1860.31
282000 643.914 621.907 604.045 1869.87
284000 651.394 625.358 609.315 1886.07
286000 657.495 630.674 610.921 1899.09
288000 662.097 634.077 615.458 1911.63
290000 671.445 635.832 618.72 1926
292000 677.121 636.782 625.663 1939.57
294000 680.494 640.281 633.558 1954.33
296000 682.69 650.001 636.292 1968.98
298000 687.68 652.244 643.612 1983.54
300000 690.874 656.901 643.656 1991.43
302000 696.336 666.648 645.637 2008.62
304000 701.607 669.321 651.296 2022.22
306000 703.785 672.742 658.394 2034.92
308000 706.724 677.393 663.757 2047.87
310000 709.872 683.296 667.12 2060.29
312000 711.265 688.031 672.33 2071.63
314000 716.862 692.296 679.55 2088.71
316000 726.019 703.529 682.122 2111.67
318000 732.749 707.023 689.035 2128.81
320000 735.422 710.875 693.723 2140.02
322000 743.89 720.349 700.085 2164.32
324000 747.299 724.68 704.744 2176.72
326000 750.451 734.882 713.661 2198.99
328000 752.774 741.753 716.112 2210.64
330000 755.76 752.821 717.07 2225.65
332000 759.101 764.129 722.997 2246.23
334000 764.535 769.329 729.793 2263.66
336000 764.834 776.035 736.736 2277.6
338000 770.158 785.677 742.696 2298.53
340000 769.497 794.905 744.196 2308.6
342000 779.863 797.182 749.292 2326.34
344000 786.849 805.406 750.338 2342.59
346000 793.364 805.093 753.026 2351.48
348000 794.919 807.238 757.237 2359.39
350000 800.951 811.487 762.842 2375.28
352000 804.32 816.38 772.75 2393.45
354000 804.582 823.733 777.148 2405.46
356000 807.307 834.321 784.106 2425.73
358000 812.254 838.684 789.423 2440.36
360000 816.045 845.763 795.182 2456.99
362000 822.484 852.17 799.737 2474.39
364000 829.825 856.213 803.372 2489.41
366000 838.219 859.218 809.653 2507.09
368000 842.708 864.435 809.027 2516.17
370000 846.193 869.595 812.044 2527.83
372000 852.202 877.749 811.868 2541.82
374000 854.757 885.563 821.016 2561.34
376000 855.043 891.486 822.469 2569
378000 857.392 893.46 827.889 2578.74
380000 863.649 897.235 834.258 2595.14
382000 869.124 900.366 839.713 2609.2
384000 878.548 906.425 841.807 2626.78
386000 883.929 910.313 839.887 2634.13
388000 888.766 919.728 844.601 2653.09
390000 895.319 928.349 851.377 2675.05
392000 898.975 934.63 851.906 2685.51
394000 905.461 939.745 857.246 2702.45
396000 910.932 947.68 866.071 2724.68
398000 915.859 950.443 870.391 2736.69
400000 923.652 954.721 873.371 2751.74
402000 930.064 962.302 876.996 2769.36
404000 935.886 970.164 876.465 2782.51
406000 938.505 974.07 880.198 2792.77
408000 943.652 974.007 882.461 2800.12
410000 945.338 979.93 889.213 2814.48
412000 951.942 987.531 891.615 2831.09
414000 956.298 991.639 896.362 2844.3
416000 960.597 1000.8 901.796 2863.2
418000 960.129 1002.16 907.151 2869.44
420000 962.866 1004.3 917.178 2884.34
422000 966.191 1005.6 918.541 2890.33
424000 967.455 1009.26 920.768 2897.48
426000 971.369 1013.07 922.884 2907.33
428000 973.092 1016.12 926.359 2915.57
430000 972.501 1015.21 933.859 2921.57
432000 979.983 1019.85 935.424 2935.25
434000 988.686 1028.39 942.889 2959.96
436000 994.776 1037.55 947.581 2979.9
438000 997.102 1044.79 947.577 2989.47
440000 996.758 1051.02 947.48 2995.26
442000 1001.1 1052.73 955.316 3009.15
444000 1008.57 1056.26 961.527 3026.36
446000 1013.42 1064.01 963.91 3041.34
448000 1012.74 1066.65 964.837 3044.23
450000 1012.16 1078.24 967.152 3057.56
452000 1017.99 1080.81 969.747 3068.54
454000 1025.71 1084.21 976.988 3086.91
456000 1028.87 1087.28 984.58 3100.73
458000 1035.88 1096.12 996.519 3128.51
460000 1046.27 1096 997.27 3139.54
462000 1051.18 1097.02 1004.43 3152.63
464000 1062.79 1100.87 1008.16 3171.81
466000 1071.79 1097.8 1013.05 3182.64
468000 1081.76 1102.4 1015.09 3199.24
470000 1086.53 1108.33 1019.55 3214.41
472000 1088.7 1107.68 1022.53 3218.91
474000 1094.46 1109.81 1031.07 3235.34
476000 1096.9 1112.39 1030.09 3239.38
478000 1096.5 1117.64 1032.78 3246.91
480000 1103.96 1122 1029.05 3255.01
482000 1107.16 1129.99 1033.17 3270.32
484000 1110.4 1129.44 1036.94 3276.77
486000 1113.39 1137.83 1045.61 3296.82
488000 1114.21 1140.85 1043.77 3298.83
490000 1119.68 1141.31 1050.12 3311.1
492000 1122.87 1142.13 1053.71 3318.72
494000 1128.07 1146.53 1053.76 3328.36
496000 1131.33 1151.41 1062.09 3344.82
498000 1138.77 1157.85 1063.38 3360
500000 1142.98 1162.97 1061.06 3367.01
502000 1152.97 1166.8 1066.63 3386.39
504000 1158 1166.19 1070.07 3394.25
506000 1165.83 1177.19 1076.38 3419.4
508000 1166.77 1179.14 1077.01 3422.92
510000 1172.02 1180.61 1086.88 3439.5
512000 1184.49 1184.11 1085.97 3454.57
514000 1188.02 1185.89 1088.19 3462.1
516000 1183.05 1189.99 1088.57 3461.61
518000 1177.62 1193.8 1094.16 3465.58
520000 1180.95 1192.63 1101.2 3474.78
522000 1190.74 1193.84 1102.08 3486.66
524000 1194.61 1200.6 1106.67 3501.88
526000 1196.36 1199.96 1110.26 3506.57
528000 1204.4 1199.56 1116.91 3520.87
530000 1213.05 1202.23 1120.51 3535.79
532000 1216.73 1215.82 1127.47 3560.02
534000 1227.78 1213.05 1133.05 3573.88
536000 1235.33 1215.48 1138.8 3589.61
538000 1238.83 1217.51 1145.91 3602.25
540000 1244.23 1226.74 1153.18 3624.14
542000 1248.28 1230.6 1158.2 3637.07
544000 1249.88 1235.65 1166.26 3651.8
546000 1247.5 1236.79 1171.39 3655.68
548000 1245.47 1242.98 1177.51 3665.96
550000 1249.49 1249.08 1177.75 3676.31
552000 1248.32 1252.93 1182.27 3683.51
554000 1251.89 1255.14 1191.83 3698.86
556000 1254.77 1250.19 1197.93 3702.89
558000 1261 1256.16 1205.64 3722.79
560000 1265.91 1259.31 1211.96 3737.18
562000 1268.81 1259.62 1212.5 3740.93
564000 1272.6 1263.57 1214.79 3750.96
566000 1281.34 1267.97 1222.33 3771.64
568000 1284.58 1268.68 1227.99 3781.25
570000 1282.72 1275.07 1233.67 3791.46
572000 1284.46 1276.43 1235 3795.88
574000 1289.74 1284.56 1247.62 3821.93
576000 1293.03 1288.48 1246.71 3828.22
578000 1292.4 1286.65 1246.53 3825.58
580000 1294.81 1292.67 1251.74 3839.22
582000 1305.97 1299.54 1252.31 3857.82
584000 1307.47 1308.63 1253.19 3869.29
586000 1314.6 1310.84 1260.16 3885.6
588000 1319.29 1310.86 1264.94 3895.1
590000 1326.34 1316.33 1272.36 3915.03
592000 1335.27 1316.99 1281.19 3933.45
594000 1339.81 1320.22 1286.44 3946.46
596000 1341.17 1323.88 1286.78 3951.83
598000 1343.88 1324.99 1293.16 3962.02
600000 1345.62 1326.52 1300.42 3972.56
602000 1355.38 1333.66 1305.62 3994.66
604000 1365.46 1339.92 1301.05 4006.43
606000 1367.56 1345.62 1300.93 4014.11
608000 1368.67 1351.44 1304.29 4024.4
610000 1377.62 1352.55 1313.67 4043.84
612000 1383.49 1360.52 1311.56 4055.57
614000 1384.71 1364.7 1311.88 4061.29
616000 1391.74 1359.57 1313.89 4065.2
618000 1390.94 1361.47 1324.95 4077.36
620000 1393.18 1368.79 1329.38 4091.35
622000 1400.64 1373.55 1337.04 4111.24
624000 1398.36 1383.17 1345.83 4127.36
626000 1398.34 1389.66 1349.8 4137.8
628000 1398.14 1392.45 1350.37 4140.97
630000 1404.84 1398.28 1352.35 4155.47
632000 1412.51 1406.04 1353.87 4172.42
634000 1418.9 1408.99 1356.57 4184.47
636000 1422.51 1413.17 1356.77 4192.45
638000 1426.55 1417.23 1364.89 4208.66
640000 1433.69 1425.69 1372.73 4232.11
642000 1442.23 1434.6 1374.26 4251.09
644000 1449.63 1442.51 1375.96 4268.1
646000 1458.9 1448.28 1380.37 4287.54
648000 1456.88 1455.18 1392.13 4304.19
650000 1464.82 1463.3 1402.54 4330.66
652000 1468.53 1472.5 1411.04 4352.07
654000 1468.37 1484.37 1419.24 4371.98
656000 1474.29 1492.57 1426.32 4393.19
658000 1481.56 1493.07 1423.64 4398.27
660000 1488.29 1497.52 1434.6 4420.4
662000 1488.98 1499.5 1439.67 4428.15
664000 1490.62 1510.86 1445.76 4447.24
666000 1493.23 1521.32 1441.43 4455.99
668000 1492.47 1526.93 1452.3 4471.7
670000 1499.93 1536.69 1460.59 4497.21
672000 1498.74 1537.92 1460.22 4496.88
674000 1507.37 1541.85 1472.79 4522.02
676000 1510.07 1546.53 1478.16 4534.76
678000 1517.59 1549.92 1484.94 4552.45
680000 1520.88 1559.29 1492.53 4572.7
682000 1535.64 1560.41 1491.87 4587.92
684000 1546.57 1564.58 1502.02 4613.17
686000 1556.12 1572.06 1516.77 4644.94
688000 1563.15 1574.09 1519.83 4657.07
690000 1566.64 1581.36 1526.36 4674.35
692000 1567.86 1579 1525.59 4672.46
694000 1576.28 1582.38 1525.96 4684.61
696000 1582.35 1588.49 1526.88 4697.72
698000 1584.7 1593.78 1521.29 4699.77
700000 1588.7 1599.54 1521.11 4709.36
702000 1593.77 1605.97 1525.01 4724.75
704000 1596.35 1607.32 1528.08 4731.75
706000 1593.59 1618.71 1535.84 4748.14
708000 1604.26 1627.58 1544.24 4776.08
710000 1604.17 1636.77 1547.81 4788.75
712000 1617.04 1639.85 1545.31 4802.2
714000 1623.05 1635.78 1549.55 4808.38
716000 1622.71 1640.64 1553.15 4816.5
718000 1622.64 1640.9 1559.26 4822.8
720000 1629.38 1651.5 1561.82 4842.69
722000 1631.39 1657.66 1568.55 4857.59
724000 1639.31 1662.02 1570.7 4872.03
726000 1645.55 1662.31 1567.42 4875.28
728000 1654.5 1667.38 1574.72 4896.59
730000 1663.07 1665.27 1580.12 4908.46
732000 1665.49 1665.59 1582.03 4913.11
734000 1672.31 1672.36 1584.95 4929.62
736000 1669.36 1678.71 1592.23 4940.31
738000 1668.56 1674.71 1598.99 4942.26
740000 1677.22 1681.99 1609.37 4968.59
742000 1679.2 1686.62 1613.15 4978.97
744000 1685.17 1684.53 1618.91 4988.61
746000 1692.96 1686.23 1627.37 5006.56
748000 1700.61 1680.64 1637.92 5019.17
750000 1698.59 1687.63 1643.45 5029.67
752000 1695.38 1692.41 1639.95 5027.75
754000 1700.66 1701.9 1653.51 5056.07
756000 1708.58 1705.55 1661.93 5076.06
758000 1719.48 1712.51 1665.56 5097.54
760000 1725.59 1715.35 1671.59 5112.53
762000 1734.35 1717.03 1680.1 5131.47
764000 1739.04 1718.73 1683.54 5141.31
766000 1735.83 1730.47 1683.27 5149.57
768000 1745.66 1739.86 1687.11 5172.64
770000 1748.55 1743.45 1686.81 5178.81
772000 1754.02 1756.28 1685.17 5195.46
774000 1759.29 1756.71 1696.21 5212.21
776000 1766.27 1762.8 1696.5 5225.57
778000 1767.09 1770.63 1697.2 5234.93
780000 1773.84 1784.09 1700.82 5258.75
782000 1788.56 1787.96 1702.33 5278.85
784000 1795.79 1794.95 1705.13 5295.87
786000 1798.57 1796.52 1710.61 5305.7
788000 1806.27 1805.99 1711.46 5323.73
790000 1816.14 1806.59 1713.74 5336.46
792000 1823.77 1817.79 1714.81 5356.37
794000 1832.53 1831.62 1716.37 5380.52
796000 1840.8 1828.95 1723.54 5393.29
798000 1846.58 1833.91 1728.61 5409.1
800000 1852.36 1826.71 1730.83 5409.9
802000 1864.08 1831.88 1736.02 5431.98
804000 1865.95 1832.6 1736.27 5434.82
806000 1864.54 1835.1 1737.94 5437.58
808000 1865.05 1839.91 1742.64 5447.6
810000 1873.76 1839.59 1752.45 5465.79
812000 1871.99 1840.15 1753.55 5465.69
814000 1876.94 1838.77 1752.96 5468.67
816000 1881.38 1843.79 1753.6 5478.77
818000 1890.96 1851.32 1765.48 5507.76
820000 1900.86 1861.18 1769.6 5531.64
822000 1911.93 1869.84 1771.53 5553.3
824000 1919.49 1873.7 1782.78 5575.97
826000 1914.53 1880.34 1791.29 5586.17
828000 1917.95 1881.25 1796.35 5595.55
830000 1917.44 1890.74 1799.54 5607.73
832000 1925.62 1894.51 1802.93 5623.06
834000 1933.46 1898.41 1811.25 5643.11
836000 1930.81 1902.89 1824.09 5657.79
838000 1939.63 1909.27 1826.39 5675.29
840000 1942.05 1916.93 1835.74 5694.71
842000 1944.07 1919.83 1833.3 5697.2
844000 1945.89 1920.1 1836.82 5702.82
846000 1946.72 1925.17 1841.17 5713.06
848000 1959.53 1932.76 1852.97 5745.25
850000 1962.03 1937.71 1861.82 5761.55
852000 1969.07 1943.86 1871.07 5784
854000 1972.26 1941.34 1876.38 5789.97
856000 1969.07 1944.77 1881.5 5795.34
858000 1975.41 1951.29 1889.49 5816.19
860000 1978.83 1952.72 1897.88 5829.42
862000 1984.03 1952.75 1903.28 5840.07
864000 1988.23 1952.92 1913.55 5854.7
866000 1988.74 1961.67 1909.66 5860.07
868000 2002.16 1967.21 1914.89 5884.27
870000 2007.07 1975.84 1919.67 5902.59
872000 2008.29 1980.78 1917.81 5906.88
874000 2016.35 1976.74 1917.97 5911.07
876000 2019.92 1977.81 1920.21 5917.95
878000 2020.21 1983.83 1933.62 5937.66
880000 2033.36 1986.92 1938.76 5959.03
882000 2043.31 1990.24 1942.25 5975.79
884000 2050.64 1994.9 1950.44 5995.98
886000 2056.62 2004.33 1963.86 6024.81
888000 2051.75 2007.59 1977.27 6036.6
890000 2061.18 2011.97 1981.29 6054.44
892000 2056.21 2025.06 1990.31 6071.57
894000 2065.27 2033.63 1992.8 6091.71
896000 2063.94 2047.87 2000.41 6112.21
898000 2070.61 2059.09 2006.46 6136.16
900000 2078.37 2065.98 2009.01 6153.36
902000 2086.74 2074.47 2013.99 6175.2
904000 2091.97 2077.92 2014.98 6184.87
906000 2096.24 2089.19 2007.51 6192.94
908000 2107.39 2087.29 2011.57 6206.25
910000 2113.54 2099.1 2013.05 6225.68
912000 2122.14 2107.87 2010.53 6240.54
914000 2127.98 2113.04 2013.73 6254.75
916000 2128.52 2105.04 2021.55 6255.1
918000 2136.11 2112.56 2023.46 6272.13
920000 2139.7 2119.42 2030.6 6289.72
922000 2137.36 2124.92 2037.6 6299.89
924000 2141.45 2134.53 2038 6313.98
926000 2138.59 2132.85 2042.73 6314.18
928000 2142.89 2140.65 2044.49 6328.02
930000 2149.56 2145.81 2046.21 6341.58
932000 2160.15 2140.26 2055.53 6355.95
934000 2158.79 2141.19 2066.48 6366.46
936000 2156.5 2141.3 2076.76 6374.56
938000 2167.75 2147.21 2079.44 6394.4
940000 2174.17 2145.14 2087.09 6406.4
942000 2176.78 2148.61 2087.84 6413.24
944000 2185.39 2152.66 2085.87 6423.92
946000 2188.36 2148.51 2096.68 6433.55
948000 2197.13 2153.95 2096.88 6447.97
950000 2199.42 2159.19 2094.81 6453.42
952000 2209.79 2165.88 2101.64 6477.31
954000 2223.01 2172.09 2109.93 6505.02
956000 2231.98 2178.79 2108.06 6518.84
958000 2238.31 2183.07 2117.79 6539.16
960000 2243.87 2184.84 2120.3 6549.01
962000 2243.73 2189.57 2121.84 6555.14
964000 2248.38 2190.21 2122.87 6561.45
966000 2257.24 2196.08 2124.45 6577.77
968000 2251.78 2213.54 2132.95 6598.27
970000 2255.08 2218.42 2139.48 6612.99
972000 2261.33 2223.32 2129.37 6614.02
974000 2263.89 2229.52 2129.91 6623.32
976000 2260.89 2232.72 2125.65 6619.26
978000 2269.28 2235.25 2127.66 6632.2
980000 2266.22 2242.86 2133.98 6643.06
982000 2269.18 2248.44 2143.58 6661.2
984000 2277.43 2248.98 2152.51 6678.92
986000 2278.81 2249.13 2150.8 6678.75
988000 2284.01 2260.08 2145.77 6689.86
990000 2284.92 2263.4 2153.62 6701.94
992000 2293.97 2269.14 2154.36 6717.47
994000 2290.53 2274.34 2145.69 6710.56
996000 2298.2 2274.16 2149.59 6721.96
998000 2305.91 2280.99 2157.68 6744.57
1000000 2301.53 2287.25 2164.94 6753.73
1002000 2297.98 2285.79 2160.64 6744.42
1004000 2300.77 2286.79 2166.64 6754.2
1006000 2305.36 2294.2 2177.84 6777.4
1008000 2315.65 2302.56 2184.62 6802.83
1010000 2328.66 2311.46 2184.38 6824.49
1012000 2334.85 2317.46 2182.13 6834.44
1014000 2339.53 2331.57 2187.29 6858.39
1016000 2345.06 2329.36 2195.13 6869.55
1018000 2343.5 2341.73 2201.64 6886.86
1020000 2342.29 2339.25 2196.29 6877.83
1022000 2344.47 2354.83 2204.79 6904.1
1024000 2359.66 2366.67 2201.09 6927.42
1026000 2356.69 2373.06 2219.14 6948.89
1028000 2363.07 2379.42 2221.87 6964.36
1030000 2374.05 2383.76 2221.42 6979.23
1032000 2383.29 2384.82 2231.29 6999.4
1034000 2384.44 2384.17 2230.86 6999.46
1036000 2393.33 2389.98 2232.27 7015.58
1038000 2389.94 2397.8 2235.88 7023.63
1040000 2381.51 2401.2 2239.65 7022.36
1042000 2392.47 2400.87 2245.16 7038.5
1044000 2401.98 2405.63 2249.87 7057.47
1046000 2407.63 2409.95 2241.6 7059.18
1048000 2418.76 2414.51 2246.59 7079.85
1050000 2420.92 2417.3 2244.45 7082.66
1052000 2423.78 2420.5 2246.04 7090.32
1054000 2430.97 2430.44 2247.99 7109.41
1056000 2436.06 2429.4 2258.41 7123.87
1058000 2438.78 2439.87 2264.86 7143.52
1060000 2439.35 2444.37 2268.87 7152.59
1062000 2437.73 2453.32 2277.01 7168.06
1064000 2439.81 2454.37 2283.52 7177.69
1066000 2448.71 2463.12 2289.31 7201.15
1068000 2450.93 2468.1 2293.89 7212.91
1070000 2449.35 2473.03 2303.31 7225.69
1072000 2451.48 2485.75 2303 7240.23
1074000 2457.05 2486.63 2314.45 7258.12
1076000 2463.14 2494.26 2315.37 7272.76
1078000 2464.77 2498.61 2319.06 7282.44
1080000 2473.92 2509 2327.53 7310.45
1082000 2479.98 2515.64 2331.93 7327.55
1084000 2483.17 2525.06 2342.95 7351.17
1086000 2482.83 2523.55 2350.78 7357.15
1088000 2480.35 2523.37 2352.15 7355.87
1090000 2485.13 2531.7 2356.05 7372.88
1092000 2487.42 2534.87 2366.74 7389.03
1094000 2499.86 2543.17 2372.97 7416
1096000 2505.5 2556.94 2376.35 7438.79
1098000 2520.22 2563.48 2387.2 7470.9
1100000 2520.78 2568.44 2384.46 7473.67
1102000 2523.03 2578.76 2394.71 7496.51
1104000 2530.84 2587.51 2396.37 7514.72
1106000 2534.23 2591.93 2387.92 7514.07
1108000 2542.36 2594.35 2392.46 7529.18
1110000 2549.26 2600.31 2394.54 7544.11
1112000 2557.06 2614.54 2394.93 7566.53
1114000 2561.57 2612.77 2394.52 7568.86
1116000 2569.42 2616.03 2399.03 7584.48
1118000 2576.39 2616.33 2410.89 7603.61
1120000 2570.34 2624.8 2414.84 7609.98
1122000 2567.46 2624.78 2420.36 7612.6
1124000 2570.7 2627.4 2420.37 7618.47
1126000 2575.31 2629.85 2421.15 7626.32
1128000 2582.34 2643.36 2425.87 7651.57
1130000 2586.92 2649.69 2431.16 7667.77
1132000 2588.06 2655.72 2439.64 7683.42
1134000 2591.83 2663.08 2444.65 7699.56
1136000 2607.65 2661.79 2447.43 7716.87
1138000 2617.51 2668.61 2451.89 7738
1140000 2623.2 2675.3 2464.24 7762.74
1142000 2622.35 2684.71 2466.67 7773.74
1144000 2631.4 2686.05 2472.99 7790.44
1146000 2640.81 2691.59 2476.2 7808.6
1148000 2643.31 2700.5 2478.09 7821.91
1150000 2638.84 2700.96 2482.77 7822.57
1152000 2640.03 2698.07 2479.18 7817.28
1154000 2639.42 2699.81 2488.46 7827.69
1156000 2652.03 2705.81 2494.36 7852.2
1158000 2660.35 2708.27 2506.03 7874.64
1160000 2660.42 2721.22 2506.73 7888.37
1162000 2662.58 2724.45 2510.56 7897.59
1164000 2664.49 2726.3 2501.46 7892.25
1166000 2671.83 2720.05 2507.36 7899.24
1168000 2675.99 2721.34 2515.33 7912.66
1170000 2685.25 2734.7 2522.73 7942.67
1172000 2688.73 2746.48 2528.14 7963.36
1174000 2685.81 2751.37 2526.89 7964.07
1176000 2685.07 2764.2 2529.2 7978.46
1178000 2684.89 2771.6 2527.98 7984.47
1180000 2689.82 2777.55 2535.81 8003.18
1182000 2694.51 2783.43 2545.42 8023.35
1184000 2704.32 2783.57 2557.19 8045.08
1186000 2704.11 2788.28 2553.84 8046.23
1188000 2705.36 2791.56 2558.09 8055.01
1190000 2709.23 2801.43 2559.34 8070
1192000 2709.28 2806.03 2567.01 8082.31
1194000 2717.89 2815.47 2570.45 8103.81
1196000 2722.94 2822.45 2574.17 8119.56
1198000 2729.69 2818.21 2579.59 8127.49
1200000 2728.08 2830.08 2586.21 8144.37
1202000 2736.33 2836.08 2591.8 8164.22
1204000 2745.65 2835.35 2600.63 8181.63
1206000 2751.34 2835.41 2611.08 8197.83
1208000 2756.8 2833.53 2619.41 8209.74
1210000 2767.46 2841.74 2628.51 8237.72
1212000 2773.65 2844.41 2643.5 8261.55
1214000 2777.53 2851.87 2647.99 8277.38
1216000 2776.23 2878.36 2648.49 8303.08
1218000 2788.63 2878.48 2656.41 8323.53
1220000 2784.87 2877.09 2662.2 8324.17
1222000 2788.6 2881.97 2666.3 8336.87
1224000 2789.08 2892.85 2680.36 8362.3
1226000 2783.5 2885.78 2689.23 8358.51
1228000 2789.52 2904.98 2700.55 8395.04
1230000 2791.96 2900.37 2704.25 8396.59
1232000 2792.41 2906.43 2714.05 8412.9
1234000 2799.6 2908.14 2727.82 8435.56
1236000 2806.14 2914.22 2735.81 8456.17
1238000 2806.43 2908.96 2734.71 8450.1
1240000 2821.2 2909.83 2742.96 8473.98
1242000 2825.1 2915.49 2748.8 8489.39
1244000 2826.15 2921.63 2751.13 8498.91
1246000 2828.41 2925.54 2750.62 8504.57
1248000 2829.52 2925.07 2754.6 8509.19
1250000 2824.95 2939.13 2749.61 8513.69
1252000 2834.34 2945.61 2746.91 8526.87
1254000 2846.2 2938.84 2756.67 8541.72
1256000 2852.73 2939.49 2758.05 8550.27
1258000 2856.35 2950.07 2769.54 8575.97
1260000 2868.74 2951.13 2774.17 8594.05
1262000 2879.08 2955.82 2777.96 8612.86
1264000 2878.29 2966.13 2775.94 8620.36
1266000 2879.85 2970.83 2772.96 8623.64
1268000 2874.82 2978.11 2776.47 8629.41
1270000 2878.41 2988.71 2779.09 8646.21
1272000 2872.71 2992.3 2785.17 8650.19
1274000 2882.03 3002.09 2796.21 8680.33
1276000 2887.14 3003.83 2795.67 8686.64
1278000 2894.96 3017.03 2791.62 8703.6
1280000 2899.01 3015.32 2791.82 8706.15
1282000 2899.69 3026.96 2799.88 8726.53
1284000 2905.05 3030.35 2805.43 8740.83
1286000 2909.62 3041.73 2799.31 8750.65
1288000 2907.52 3038.34 2812.55 8758.41
1290000 2919.78 3045.69 2820.18 8785.65
1292000 2921.81 3051.71 2826.31 8799.83
1294000 2931.55 3049.06 2828.65 8809.26
1296000 2937.9 3038.81 2832.83 8809.54
1298000 2943.12 3051.18 2844.88 8839.18
1300000 2944.97 3054.39 2855.75 8855.1
1302000 2947.1 3057.78 2853.68 8858.56
1304000 2954.05 3055.28 2853.09 8862.42
1306000 2961.3 3065.1 2862.85 8889.25
1308000 2965.06 3061.48 2867.66 8894.2
1310000 2960.59 3061.84 2869.6 8892.03
1312000 2964.94 3069.68 2869.36 8903.97
1314000 2968.9 3076.36 2869.89 8915.15
1316000 2972.11 3077.71 2872.96 8922.78
1318000 2976.01 3081.98 2874.31 8932.3
1320000 2987.7 3089.39 2883.27 8960.36
1322000 2990.48 3093.59 2886.87 8970.93
1324000 2995 3089.93 2891.48 8976.41
1326000 3004.64 3090.71 2895.37 8990.72
1328000 3009.26 3092.15 2900.01 9001.42
1330000 3018.01 3099.36 2898.68 9016.05
1332000 3021.69 3102.62 2915.61 9039.92
1334000 3015.74 3104.79 2916.74 9037.28
1336000 3018.73 3109.58 2910.15 9038.46
1338000 3022.2 3098.63 2926.65 9047.48
1340000 3020.68 3097.89 2925.9 9044.47
1342000 3020.9 3105.55 2930.58 9057.03
1344000 3024.82 3109.68 2933.45 9067.95
1346000 3029.97 3103.44 2934.21 9067.62
1348000 3032.86 3098.73 2939.01 9070.59
1350000 3041.74 3109.86 2941.88 9093.47
1352000 3047.34 3113.19 2952.84 9113.37
1354000 3044.47 3108.03 2957.6 9110.1
1356000 3046.01 3111.05 2961.92 9118.98
1358000 3044.56 3111.78 2963.06 9119.4
1360000 3044.52 3106.6 2965.41 9116.53
1362000 3051.01 3109.2 2977.15 9137.36
1364000 3058.68 3114.6 2979.64 9152.92
1366000 3068.31 3116.34 2985.41 9170.06
1368000 3067.42 3121.28 2984.8 9173.51
1370000 3074.73 3126.65 2985.47 9186.84
1372000 3082.02 3130.79 2987.34 9200.15
1374000 3084.97 3145.86 2993.28 9224.1
1376000 3086.93 3149.49 3000.89 9237.31
1378000 3080.55 3150.48 3000.25 9231.27
1380000 3080.49 3156.01 3005.5 9242.01
1382000 3084.91 3168.23 3015.69 9268.83
1384000 3089.31 3166.33 3027.12 9282.77
1386000 3087.74 3162.12 3025.3 9275.16
1388000 3092.38 3161.43 3036.33 9290.14
1390000 3096.31 3157.42 3039.51 9293.24
1392000 3097.48 3154.29 3045.89 9297.67
1394000 3102.58 3155.24 3049.66 9307.47
1396000 3116.3 3153.62 3052.75 9322.67
1398000 3116.2 3163.75 3066.19 9346.14
1400000 3110.85 3165.15 3071.31 9347.3
1402000 3111.96 3162.25 3074.85 9349.07
1404000 3115.72 3166.62 3074.82 9357.16
1406000 3123.46 3166.84 3081.85 9372.15
1408000 3128.55 3168.56 3083.34 9380.45
1410000 3139.88 3177.59 3086.03 9403.5
1412000 3140.56 3189.4 3095.29 9425.24
1414000 3149.83 3203.49 3107.2 9460.52
1416000 3158.13 3210.47 3113.1 9481.71
1418000 3149.67 3217.22 3122.29 9489.18
1420000 3154.19 3223 3134.22 9511.41
1422000 3150.86 3216.96 3135.53 9503.34
1424000 3149.41 3218.58 3150.79 9518.78
1426000 3147.2 3221.94 3153.13 9522.27
1428000 3152.97 3229.17 3163.41 9545.55
1430000 3159.28 3240.76 3157.56 9557.61
1432000 3160.7 3241.5 3163.04 9565.24
1434000 3164.47 3245.83 3166.9 9577.2
1436000 3174.14 3252.66 3162.35 9589.15
1438000 3182.14 3257.29 3160.98 9600.41
1440000 3179.27 3259.17 3163.22 9601.65
1442000 3186.11 3265.43 3169.44 9620.98
1444000 3201.07 3274.84 3171.18 9647.09
1446000 3212.55 3276.82 3172.74 9662.11
1448000 3206.16 3278.91 3177.5 9662.58
1450000 3212.56 3296.58 3178.34 9687.47
1452000 3214.77 3295.77 3177.03 9687.57
1454000 3215.15 3308.68 3180.16 9703.99
1456000 3217.42 3319.81 3185.13 9722.36
1458000 3221.27 3324.37 3189.89 9735.54
1460000 3224.44 3327.38 3197.14 9748.97
1462000 3220 3320.97 3198.17 9739.14
1464000 3230.15 3323.04 3196.56 9749.76
1466000 3238.03 3326.1 3200.99 9765.11
1468000 3242.79 3339.17 3211.71 9793.67
1470000 3250.97 3346.46 3209.44 9806.86
1472000 3253.01 3345.87 3214.72 9813.6
1474000 3261.65 3347.69 3227.01 9836.35
1476000 3266.15 3352.68 3229.52 9848.35
1478000 3267.35 3354.19 3239.14 9860.68
1480000 3269.98 3359.62 3250.43 9880.02
1482000 3276.14 3362.99 3255.87 9895
1484000 3282.25 3363.14 3261.68 9907.07
1486000 3295.49 3368.28 3268 9931.78
1488000 3301.91 3370.88 3274.49 9947.28
1490000 3302.64 3387.81 3271.39 9961.84
1492000 3304.84 3397.11 3285.54 9987.48
1494000 3312.41 3398.58 3289.23 10000.2
1496000 3322.79 3398.98 3296.88 10018.6
1498000 3329.9 3415.35 3304.9 10050.2
1500000 3335.52 3417.48 3313.58 10066.6
1502000 3347.03 3418.06 3325.16 10090.3
1504000 3348.11 3423.6 3327.76 10099.5
1506000 3352.86 3425.77 3328.03 10106.7
1508000 3353.77 3420.82 3325.78 10100.4
1510000 3355.02 3430.6 3324.67 10110.3
1512000 3356.59 3435.8 3325.81 10118.2
1514000 3364.87 3429.65 3332.08 10126.6
1516000 3365.85 3445.01 3337.09 10147.9
1518000 3370.4 3452.04 3346.33 10168.8
1520000 3365.74 3462.68 3354.03 10182.5
1522000 3368.24 3469.93 3357.8 10196
1524000 3370.74 3469.93 3357.95 10198.6
1526000 3370.78 3473.11 3364.93 10208.8
1528000 3369.88 3481.06 3376.56 10227.5
1530000 3371.91 3491.71 3383.13 10246.7
1532000 3377.06 3499.12 3387.85 10264
1534000 3383.62 3496.84 3394.57 10275
1536000 3388.11 3506.96 3404.93 10300
1538000 3391.25 3504.8 3409.5 10305.5
1540000 3391.28 3509.84 3420.12 10321.2
1542000 3402.41 3517.39 3429.85 10349.7
1544000 3411.25 3512.46 3432.33 10356
1546000 3417.52 3498.7 3426.53 10342.8
1548000 3418.9 3501.18 3429.39 10349.5
1550000 3432.94 3502.38 3442.5 10377.8
1552000 3436.97 3503.86 3454.45 10395.3
1554000 3447.78 3510.37 3460.61 10418.8
1556000 3470.22 3512.71 3451.79 10434.7
1558000 3482.87 3513.62 3450.8 10447.3
1560000 3473.76 3516.23 3445.84 10435.8
1562000 3478.85 3527.76 3452.57 10459.2
1564000 3482.38 3526.36 3466.26 10475
1566000 3483.91 3532.71 3464.55 10481.2
1568000 3492.07 3540.82 3460.82 10493.7
1570000 3495.24 3547.61 3469.07 10511.9
1572000 3497.51 3564.45 3469.11 10531.1
1574000 3503.39 3568.09 3468.62 10540.1
1576000 3502.53 3576.8 3475.84 10555.2
1578000 3511.36 3577.82 3481.87 10571.1
1580000 3516.56 3574.22 3489.56 10580.3
1582000 3521.14 3585.85 3499.59 10606.6
1584000 3523.28 3585.65 3503.25 10612.2
1586000 3529.3 3586.26 3509.61 10625.2
1588000 3532.56 3586.91 3513.15 10632.6
1590000 3544.23 3599.93 3521.96 10666.1
1592000 3542.82 3602.57 3532.46 10677.9
1594000 3543.67 3602.95 3538.51 10685.1
1596000 3540.63 3601.26 3543.01 10684.9
1598000 3552.41 3603.39 3544.65 10700.4
1600000 3549.68 3616.52 3545.51 10711.7
1602000 3553.13 3624.73 3536.91 10714.8
1604000 3551.7 3636.76 3543.53 10732
1606000 3554.34 3625.7 3545.86 10725.9
1608000 3564.05 3626.27 3541.76 10732.1
1610000 3566.08 3624.08 3540.88 10731
1612000 3574.54 3627.14 3554.02 10755.7
1614000 3566.71 3624.76 3555.37 10746.8
1616000 3573.87 3611.67 3563.43 10749
1618000 3585.02 3629.36 3561 10775.4
1620000 3586.47 3637.57 3568.87 10792.9
1622000 3590.57 3629.34 3573.92 10793.8
1624000 3589.72 3627.64 3570.87 10788.2
1626000 3583.83 3630.94 3583.45 10798.2
1628000 3586.13 3629.91 3587.25 10803.3
1630000 3592.61 3638.15 3605.18 10835.9
1632000 3587.77 3641.18 3608.29 10837.2
1634000 3594.59 3641.96 3612.3 10848.9
1636000 3593.76 3643.26 3615.69 10852.7
1638000 3609.85 3643.63 3617.78 10871.3
1640000 3617.63 3643.26 3620.92 10881.8
1642000 3615.9 3637.9 3631.73 10885.5
1644000 3616.38 3642.59 3637.57 10896.5
1646000 3616.07 3640.89 3641.83 10898.8
1648000 3624.29 3638.67 3639.5 10902.5
1650000 3628.25 3639.5 3638.76 10906.5
1652000 3625.92 3640.43 3651.96 10918.3
1654000 3628.16 3641.04 3657.72 10926.9
1656000 3623.06 3636.79 3651.58 10911.4
1658000 3643.16 3644.74 3658.59 10946.5
1660000 3647.5 3656.96 3658.78 10963.2
1662000 3662.15 3675.31 3663.41 11000.9
1664000 3667.29 3674.06 3672.43 11013.8
1666000 3662.44 3680.95 3670.64 11014
1668000 3665.86 3691.18 3694.67 11051.7
1670000 3667.77 3690.33 3691.03 11049.1
1672000 3672.78 3695.15 3691.3 11059.2
1674000 3681.99 3697.86 3701.17 11081
1676000 3691.65 3696.76 3705.26 11093.7
1678000 3699.77 3700.12 3724.1 11124
1680000 3699.97 3696.02 3725.9 11121.9
1682000 3706.6 3697.75 3726.06 11130.4
1684000 3718.45 3707.08 3732.26 11157.8
1686000 3719.93 3713.42 3739.41 11172.8
1688000 3725.82 3716.28 3740.9 11183
1690000 3726.64 3720.14 3736.34 11183.1
1692000 3735.58 3718.81 3737.73 11192.1
1694000 3738.11 3722.63 3742.39 11203.1
1696000 3753.06 3732.34 3748.61 11234
1698000 3757.61 3737.62 3761.77 11257
1700000 3756.7 3743.69 3768.5 11268.9
1702000 3760.74 3744.51 3771.47 11276.7
1704000 3757.1 3741.22 3780.44 11278.8
1706000 3761.17 3739.65 3780.94 11281.8
1708000 3761.89 3743.56 3784.21 11289.7
1710000 3749.97 3749.55 3793.44 11293
1712000 3753.78 3747.21 3802.2 11303.2
1714000 3755.55 3763.57 3808.46 11327.6
1716000 3763.85 3770.63 3819.97 11354.4
1718000 3764.79 3782.58 3829.39 11376.8
1720000 3770.53 3797.1 3828.36 11396
1722000 3786.3 3795.49 3839.79 11421.6
1724000 3794.9 3802.51 3855.41 11452.8
1726000 3797.68 3816.75 3861.65 11476.1
1728000 3803.38 3821.04 3869.79 11494.2
1730000 3813.9 3813.99 3877.27 11505.2
1732000 3820.15 3819.34 3884.02 11523.5
1734000 3831.77 3827.93 3894.52 11554.2
1736000 3827.45 3840.28 3889.65 11557.4
1738000 3827.41 3844.5 3891.41 11563.3
1740000 3833.48 3839.89 3894.23 11567.6
1742000 3841.53 3841.65 3904.73 11587.9
1744000 3842.55 3841.44 3900.5 11584.5
1746000 3854.34 3838.77 3904.53 11597.6
1748000 3857.53 3837.99 3903.47 11599
1750000 3863.11 3845.89 3901.73 11610.7
1752000 3871 3854.47 3914.95 11640.4
1754000 3874.22 3854.81 3925.88 11654.9
1756000 3878.59 3854.88 3918.78 11652.2
1758000 3882.92 3855.06 3927.75 11665.7
1760000 3886.77 3853.56 3932.99 11673.3
1762000 3890.02 3862.12 3931.69 11683.8
1764000 3900.51 3866.68 3938.21 11705.4
1766000 3902.42 3872.03 3942.24 11716.7
1768000 3907.84 3888.69 3947.23 11743.8
1770000 3903.15 3897.97 3949.12 11750.2
1772000 3907.96 3903.4 3946.1 11757.5
1774000 3911.75 3912.17 3949.99 11773.9
1776000 3924.46 3913.88 3974.12 11812.5
1778000 3925.33 3920.67 3985.28 11831.3
1780000 3930.74 3928.69 3993.23 11852.7
1782000 3928.23 3936.88 4005.94 11871.1
1784000 3938.76 3942.26 4014.62 11895.6
1786000 3938.66 3944.08 4017.21 11899.9
1788000 3942.77 3948.64 4028.03 11919.4
1790000 3945.34 3952.44 4035.5 11933.3
1792000 3953.4 3958.75 4046.06 11958.2
1794000 3950.13 3962.45 4045.89 11958.5
1796000 3953.34 3965.93 4056.71 11976
1798000 3965.39 3959.13 4069.96 11994.5
1800000 3965.91 3962.42 4067.32 11995.6
1802000 3977.02 3968.62 4066.62 12012.3
1804000 3973.57 3983.97 4050.05 12007.6
1806000 3969.09 3986.54 4052.13 12007.8
1808000 3973.79 3996.22 4051.37 12021.4
1810000 3995.12 3998.08 4053.52 12046.7
1812000 4014.91 3994.26 4065.48 12074.7
1814000 4014.35 3987.52 4054.41 12056.3
1816000 4011.29 3983.2 4055.03 12049.5
1818000 4026.4 3977.28 4052.99 12056.7
1820000 4030.54 3982.39 4051.6 12064.5
1822000 4049.18 3976.08 4049.96 12075.2
1824000 4056.61 3986.65 4052.28 12095.5
1826000 4061.62 3987.6 4056.89 12106.1
1828000 4058.67 3993.48 4058.17 12110.3
1830000 4058.89 3991.14 4055.13 12105.2
1832000 4058.49 3988.25 4064.73 12111.5
1834000 4068.79 3989.92 4064.4 12123.1
1836000 4079.41 3992.72 4064.9 12137
1838000 4082.48 3996.13 4057.96 12136.6
1840000 4083.01 3991.71 4068.92 12143.6
1842000 4082.74 3994.45 4068.87 12146.1
1844000 4083.27 3993.03 4079.63 12155.9
1846000 4090.62 3996.85 4083.37 12170.8
1848000 4092.63 4000.3 4089.75 12182.7
1850000 4097.53 4010.18 4096.47 12204.2
1852000 4113.97 4008.87 4101.34 12224.2
1854000 4123.97 4013.93 4105.6 12243.5
1856000 4127.99 4014.41 4116.95 12259.3
1858000 4129.78 4020.49 4128.52 12278.8
1860000 4137.71 4022.76 4135.6 12296.1
1862000 4138.67 4026.45 4145.12 12310.2
1864000 4146.48 4031.74 4158.35 12336.6
1866000 4163.1 4042.8 4164.4 12370.3
1868000 4163.9 4045.44 4174.04 12383.4
1870000 4176.04 4042.35 4178.8 12397.2
1872000 4175.05 4044.52 4192.9 12412.5
1874000 4178.01 4049.92 4192.02 12419.9
1876000 4175.46 4048.57 4198.92 12423
1878000 4175.55 4036.11 4204.68 12416.3
1880000 4175.2 4033.36 4208.71 12417.3
1882000 4187.03 4036.45 4209.44 12432.9
1884000 4180.42 4034.15 4212.87 12427.4
1886000 4192.01 4031.98 4213.41 12437.4
1888000 4194.97 4028.69 4214.54 12438.2
1890000 4203.57 4024.46 4214.1 12442.1
1892000 4202.55 4035.88 4215 12453.4
1894000 4207.59 4036.96 4223.68 12468.2
1896000 4214.79 4041.62 4239.17 12495.6
1898000 4230.93 4056.51 4240.49 12527.9
1900000 4239.97 4054.85 4245.87 12540.7
1902000 4244.7 4066.35 4252.82 12563.9
1904000 4246.29 4074.8 4256.13 12577.2
1906000 4254.52 4080.19 4268.9 12603.6
1908000 4263.92 4079.77 4282.75 12626.4
1910000 4260 4078.52 4269.42 12607.9
1912000 4262.24 4087.97 4265.85 12616.1
1914000 4263.47 4097.72 4270.17 12631.4
1916000 4266.72 4105.95 4283.34 12656
1918000 4272.29 4114.26 4291.21 12677.8
1920000 4275.66 4120.21 4293.37 12689.2
1922000 4285.59 4124.42 4300.72 12710.7
1924000 4283.27 4124.37 4313.56 12721.2
1926000 4279.34 4125.54 4316.87 12721.8
1928000 4295.27 4123.69 4326.91 12745.9
1930000 4300.37 4132.91 4335.94 12769.2
1932000 4301.14 4130.4 4336.13 12767.7
1934000 4311.88 4129.13 4339.1 12780.1
1936000 4317.98 4131.93 4325.28 12775.2
1938000 4322.13 4148.77 4319.45 12790.3
1940000 4326.37 4146.24 4336.52 12809.1
1942000 4336.68 4150.23 4349.5 12836.4
1944000 4344.11 4143.96 4357.95 12846
1946000 4348.66 4159.84 4353.88 12862.4
1948000 4349.63 4161.28 4359.2 12870.1
1950000 4354.01 4169.02 4368.81 12891.8
1952000 4354.9 4186.86 4369.62 12911.4
1954000 4366.54 4188.91 4362.29 12917.7
1956000 4386.76 4211.57 4371.7 12970
1958000 4393.3 4228 4373.2 12994.5
1960000 4396.48 4231.37 4369.84 12997.7
1962000 4398.51 4243.27 4376.75 13018.5
1964000 4399.82 4241.83 4366.93 13008.6
1966000 4403.74 4253.51 4373.62 13030.9
1968000 4409.01 4277.62 4378.27 13064.9
1970000 4402.73 4275.21 4378.81 13056.8
1972000 4410.81 4274.39 4383.83 13069
1974000 4426.21 4272.76 4390.18 13089.2
1976000 4430.38 4278.29 4404.91 13113.6
1978000 4433.29 4291.3 4393.22 13117.8
1980000 4438.71 4279.51 4422.38 13140.6
1982000 4429.94 4277.61 4417.34 13124.9
1984000 4431.43 4277.21 4416.26 13124.9
1986000 4438.19 4278.15 4416.86 13133.2
1988000 4451.26 4285.26 4424.52 13161
1990000 4465.94 4288.55 4432.93 13187.4
1992000 4475.54 4295.38 4447.35 13218.3
1994000 4480.88 4310.08 4455.3 13246.3
1996000 4499.47 4313.31 4453.07 13265.8
1998000 4491.67 4325.86 4449.6 13267.1
2000000 4494.85 4348.8 4455.82 13299.5
