0 1703669.2
2000 1714913.1
4000 1714503
6000 1705340.2
8000 1727296.5
10000 1711953.1
12000 1726721
14000 1714842.9
16000 1707244.4
18000 1711648.3
20000 1719638
22000 1714107.9
24000 1717043.6
26000 1711832.1
28000 1716719.6
30000 1697710.4
32000 1728999.9
34000 1712601.3
36000 1716756.9
38000 1706797.2
40000 1710093.3
42000 1710346.3
44000 1729881.3
46000 1719223
48000 1709590.6
50000 1706930.3
52000 1722768.6
54000 1710490.2
56000 1709328.9
58000 1723468.8
60000 1723478.1
62000 1712219
64000 1713275.2
66000 1721401.2
68000 1717280.8
70000 1721064.9
72000 1709642.7
74000 1703652
76000 1717927.1
78000 1718909.8
80000 1718095.9
82000 1725502.2
84000 1715560.1
86000 1726716.1
88000 1708965.9
90000 1725310.7
92000 1732583
94000 1721936.9
96000 1726438.7
98000 1722072.5
100000 1705713.4
102000 1717390.2
104000 1717967.9
106000 1713645.9
108000 1717384.1
110000 1720936.7
112000 1715826.8
114000 1715602.9
116000 1711724.5
118000 1717646.9
120000 1713826.9
122000 1712200.8
124000 1721181.3
126000 1723189.7
128000 1704587
130000 1714571.9
132000 1708639.9
134000 1728391.3
136000 1714596.2
138000 1712399
140000 1729568
142000 1716901.2
144000 1702144.7
146000 1718630.3
148000 1726827.8
150000 1716893.7
152000 1716249.8
154000 1713712.5
156000 1726358.7
158000 1723402.2
160000 1712027.6
162000 1719811.5
164000 1723594.2
166000 1701195.3
168000 1711981.8
170000 1716409.2
172000 1713663.7
174000 1725457.5
176000 1727780.4
178000 1712808.4
180000 1732554.2
182000 1708067.8
184000 1711335.8
186000 1717174.6
188000 1717367.9
190000 1712437.6
192000 1710254.3
194000 1716874.9
196000 1714835.8
198000 1714845.8
200000 1716396.9
202000 1717144.8
204000 1725962.3
206000 1722703
208000 1720132.4
210000 1713394.3
212000 1716404.3
214000 1703762.3
216000 1727578
218000 1710939.4
220000 1715290.6
222000 1706713
224000 1706986.7
226000 1717272.7
228000 1718498.9
230000 1711992.3
232000 1719517.3
234000 1707255.4
236000 1718032.1
238000 1718286.6
240000 1716955.4
242000 1711733
244000 1721961.6
246000 1713910.9
248000 1715834.6
250000 1711183.5
252000 1717142.4
254000 1726335.8
256000 1722376.3
258000 1709173.3
260000 1709439.8
262000 1716732
264000 1729818.5
266000 1715708.9
268000 1710177.8
270000 1701596.8
272000 1709407.1
274000 1702211.2
276000 1709025.1
278000 1726473.9
280000 1716892.7
282000 1710865.3
284000 1712400.8
286000 1712636.3
288000 1718370.4
290000 1708391.7
292000 1709437.4
294000 1719679.9
296000 1721336.5
298000 1718099.6
300000 1720458.9
302000 1719023
304000 1717250.1
306000 1704226.6
308000 1703759.1
310000 1728255.2
312000 1710907.4
314000 1718567.1
316000 1725432.5
318000 1710033.5
320000 1716143.9
322000 1715092.3
324000 1722881
326000 1715177.3
328000 1692136.5
330000 1712637.8
332000 1719957.3
334000 1715980.7
336000 1711459.6
338000 1708838.1
340000 1705820.6
342000 1725150.6
344000 1710966.8
346000 1708628.8
348000 1711725
350000 1697679.1
352000 1729053.6
354000 1715595.1
356000 1726915.6
358000 1706970.9
360000 1711535.2
362000 1719380.7
364000 1719673.5
366000 1719353.3
368000 1722213.2
370000 1711627.8
372000 1716422.7
374000 1708207.7
376000 1720124.5
378000 1728921
380000 1719788.4
382000 1714229.5
384000 1715216.5
386000 1719299.4
388000 1725835.6
390000 1709799.2
392000 1721213.7
394000 1702278
396000 1710228.3
398000 1717042.3
400000 1700216
402000 1719534.5
404000 1728541.1
406000 1712593
408000 1702091.1
410000 1715103.4
412000 1718753.4
414000 1705957.6
416000 1711896.4
418000 1706809.3
420000 1707724.8
422000 1719733.7
424000 1724281.4
426000 1708347.3
428000 1701554.3
430000 1711633.9
432000 1713529.3
434000 1718515.7
436000 1727847.7
438000 1700949.6
440000 1709594.2
442000 1716177.9
444000 1708299.8
446000 1727286.4
448000 1726819.4
450000 1713821
452000 1718448.4
454000 1714811.4
456000 1706398.9
458000 1725454.4
460000 1723948.5
462000 1708960.3
464000 1705232.2
466000 1709272.9
468000 1726347.1
470000 1730049.9
472000 1729077.7
474000 1707341.9
476000 1716637.9
478000 1716073.2
480000 1713468.2
482000 1707923.5
484000 1710326.2
486000 1712981
488000 1727585.9
490000 1718088.1
492000 1717313.8
494000 1722588.9
496000 1720825.1
498000 1712047.4
500000 1723146.1
502000 1720707.1
504000 1727182.2
506000 1719047.3
508000 1710854.8
510000 1726388
512000 1721059
514000 1710064.9
516000 1709107.7
518000 1722266.2
520000 1714288
522000 1713441.6
524000 1710122.7
526000 1720890
528000 1710243.6
530000 1721758.6
532000 1719856.5
534000 1711332.9
536000 1711284.1
538000 1729153.6
540000 1713827.8
542000 1704988.5
544000 1718772.3
546000 1723027.5
548000 1719956.9
550000 1710062.2
552000 1723411
554000 1710593.3
556000 1712573
558000 1727867.3
560000 1709724.9
562000 1724182.3
564000 1721799.8
566000 1721092
568000 1724561.2
570000 1709840.3
572000 1710611.6
574000 1718032.9
576000 1719207.3
578000 1738981
580000 1717117
582000 1711117.7
584000 1708056.3
586000 1702955.9
588000 1716378.4
590000 1706453
592000 1717607.4
594000 1701169.7
596000 1712675.1
598000 1715972.1
600000 1712028.1
602000 1712362.2
604000 1729172
606000 1704394.8
608000 1716758
610000 1710912.2
612000 1712110.6
614000 1714721.1
616000 1724239.4
618000 1709310.7
620000 1713131.6
622000 1706597.6
624000 1721999.2
626000 1708681.8
628000 1717183.3
630000 1713356.5
632000 1728693
634000 1702074.4
636000 1707775.6
638000 1721614.1
640000 1725840.6
642000 1728208.7
644000 1715636.3
646000 1729337.2
648000 1706665.8
650000 1712755.2
652000 1727010.2
654000 1697859.9
656000 1699037.2
658000 1706968.4
660000 1719118.1
662000 1714710.3
664000 1705283.7
666000 1712939.5
668000 1727451.6
670000 1704503.3
672000 1707057.2
674000 1728107.1
676000 1725017.1
678000 1722375.6
680000 1712020.5
682000 1716235.6
684000 1720508.6
686000 1714108.7
688000 1715013
690000 1720746.1
692000 1717297.4
694000 1705092.6
696000 1714719.3
698000 1713578.1
700000 1712158.8
702000 1731355.1
704000 1713177.2
706000 1710460.9
708000 1731836.3
710000 1709126.7
712000 1712816.3
714000 1723108.6
716000 1724674.4
718000 1720206.3
720000 1718604.6
722000 1717877.2
724000 1713658.4
726000 1711268.6
728000 1707096.8
730000 1728530.8
732000 1704051.8
734000 1710714.9
736000 1726689.7
738000 1728505.4
740000 1705812
742000 1731148.6
744000 1724685.8
746000 1729917.6
748000 1720567.9
750000 1713953.3
752000 1723870.7
754000 1701787.5
756000 1735086.4
758000 1730008.2
760000 1705217.4
762000 1699546.1
764000 1704504.9
766000 1712937.2
768000 1717348.2
770000 1722753.3
772000 1711841.9
774000 1709102.9
776000 1712565.7
778000 1723253.4
780000 1722518.1
782000 1708854.2
784000 1715163.6
786000 1730402.3
788000 1724639.2
790000 1706540
792000 1711513.8
794000 1705820.3
796000 1718654.5
798000 1712826.3
800000 1730819.5
802000 1723770.1
804000 1696336.3
806000 1714876.1
808000 1719432.3
810000 1715420.9
812000 1707225.8
814000 1707161.7
816000 1718810
818000 1716786.4
820000 1707894.6
822000 1721807.5
824000 1710807.8
826000 1724411.3
828000 1706533.4
830000 1728961.6
832000 1728286
834000 1728455.6
836000 1709074.1
838000 1726175.7
840000 1694458.2
842000 1721254
844000 1723038.6
846000 1710922
848000 1723035.8
850000 1719688.4
852000 1720836.9
854000 1726175.8
856000 1713442.4
858000 1725098.3
860000 1702781.3
862000 1715846.5
864000 1719271.6
866000 1712317.6
868000 1730879.6
870000 1728650.3
872000 1709609.1
874000 1719811.7
876000 1729554.3
878000 1714062.7
880000 1711378.6
882000 1721586.4
884000 1713213.9
886000 1724577.1
888000 1712489.5
890000 1705797.4
892000 1721323
894000 1710925.5
896000 1705736.4
898000 1706843.7
900000 1723682.3
902000 1708758.3
904000 1709814
906000 1727024.4
908000 1715562.5
910000 1714581.2
912000 1712156.9
914000 1713491.8
916000 1724696.8
918000 1726064.7
920000 1707785.4
922000 1707844.8
924000 1716146.3
926000 1707858
928000 1717252
930000 1704021.3
932000 1728719.5
934000 1709699.1
936000 1699941.1
938000 1707572.3
940000 1723341.6
942000 1718291.9
944000 1718914.4
946000 1713304.9
948000 1716169.7
950000 1731168
952000 1719506
954000 1720174.5
956000 1713300.6
958000 1720602.5
960000 1702719
962000 1717168.5
964000 1717813.2
966000 1720206.4
968000 1705537.8
970000 1709879
972000 1714538.8
974000 1715330.5
976000 1726666.1
978000 1724501.8
980000 1708982.2
982000 1700876.3
984000 1703259.1
986000 1722660.3
988000 1712160.6
990000 1703326.8
992000 1702284.5
994000 1712730.3
996000 1734240
998000 1719398.2
1000000 1704908.1
1002000 1728325.4
1004000 1723707.7
1006000 1717605.1
1008000 1718599.1
1010000 1723861.3
1012000 1718994.5
1014000 1714384.7
1016000 1719171.6
1018000 1706222.3
1020000 1707134.3
1022000 1725405.2
1024000 1722476.9
1026000 1717345.8
1028000 1704928.7
1030000 1715617.9
1032000 1713618
1034000 1705360.9
1036000 1722127.6
1038000 1719503.5
1040000 1722680.2
1042000 1720203
1044000 1709623.9
1046000 1709234.2
1048000 1721846
1050000 1712832.4
1052000 1717261.5
1054000 1717627.9
1056000 1715216.2
1058000 1713240.5
1060000 1723823.8
1062000 1725529.8
1064000 1714756.4
1066000 1714899.2
1068000 1712154.3
1070000 1719664.5
1072000 1708402
1074000 1708698.7
1076000 1707888
1078000 1722996.2
1080000 1709543.7
1082000 1722599.5
1084000 1717143.1
1086000 1722774.5
1088000 1726182.5
1090000 1712409.3
1092000 1713866.7
1094000 1709238.1
1096000 1718678
1098000 1713387.1
1100000 1709357.1
1102000 1721277.5
1104000 1718750.8
1106000 1712955.9
1108000 1720162.9
1110000 1723464
1112000 1715060.1
1114000 1715734.2
1116000 1708455.2
1118000 1712299.4
1120000 1731050.9
1122000 1718745.4
1124000 1720047.1
1126000 1713014.3
1128000 1730801
1130000 1709271
1132000 1731615.5
1134000 1711048.8
1136000 1722853.9
1138000 1723371.8
1140000 1702294.9
1142000 1716194.3
1144000 1720004.7
1146000 1710912.1
1148000 1721645
1150000 1722631.4
1152000 1704007.9
1154000 1708862
1156000 1731044.1
1158000 1714997.2
1160000 1727661.8
1162000 1711279.4
1164000 1712188.7
1166000 1709466.5
1168000 1712687.3
1170000 1723442.5
1172000 1706359.4
1174000 1707113.9
1176000 1725420.2
1178000 1721498.9
1180000 1716795.2
1182000 1718174.2
1184000 1720780.6
1186000 1710920.2
1188000 1711233.1
1190000 1697266.1
1192000 1716196
1194000 1704344
1196000 1713732.1
1198000 1707225.8
1200000 1714280.2
1202000 1714441
1204000 1711071
1206000 1715571.7
1208000 1724369.6
1210000 1732738.7
1212000 1710595.1
1214000 1697972.5
1216000 1712764.7
1218000 1727256.9
1220000 1730408.8
1222000 1721890.7
1224000 1706402.8
1226000 1716628.4
1228000 1721952
1230000 1716130.5
1232000 1717324.7
1234000 1723843.3
1236000 1725903
1238000 1717508.7
1240000 1712376.9
1242000 1727293.4
1244000 1719062.5
1246000 1716381.5
1248000 1716378.1
1250000 1710079.7
1252000 1708588.5
1254000 1708695.4
1256000 1709166.6
1258000 1725696.6
1260000 1719873.2
1262000 1723785.3
1264000 1715661.3
1266000 1708112.4
1268000 1708698.4
1270000 1727309.9
1272000 1712689.6
1274000 1709674.2
1276000 1702204.9
1278000 1710092.9
1280000 1713847.7
1282000 1718067.7
1284000 1709306.6
1286000 1725812.9
1288000 1712752.7
1290000 1716854.3
1292000 1723742.8
1294000 1707701
1296000 1718643.3
1298000 1702850.8
1300000 1707922.3
1302000 1706715.6
1304000 1710388
1306000 1715922.8
1308000 1712872.4
1310000 1703252.6
1312000 1723937.6
1314000 1711552.5
1316000 1726206.3
1318000 1714809.4
1320000 1719718.7
1322000 1699744.8
1324000 1707700.8
1326000 1712283.8
1328000 1711392.5
1330000 1719154
1332000 1720199.5
1334000 1723137.4
1336000 1720901.7
1338000 1712027.5
1340000 1710203.1
1342000 1699954.6
1344000 1723815.6
1346000 1718248.5
1348000 1730360.5
1350000 1714182.3
1352000 1708977.9
1354000 1717615.5
1356000 1708749.5
1358000 1729225.5
1360000 1731187.6
1362000 1723843.3
1364000 1710087.7
1366000 1711803
1368000 1712504.4
1370000 1717630
1372000 1713265.3
1374000 1727254.5
1376000 1706217.7
1378000 1723867.7
1380000 1714820.7
1382000 1734408.2
1384000 1725697.5
1386000 1717139.6
1388000 1715544.9
1390000 1709382.6
1392000 1711835.7
1394000 1716777.9
1396000 1728590.8
1398000 1717484.2
1400000 1712264
1402000 1707127.9
1404000 1703941.2
1406000 1702498.3
1408000 1710137
1410000 1707792.2
1412000 1713171.9
1414000 1714944.8
1416000 1706561.6
1418000 1727275
1420000 1717063.1
1422000 1716546.1
1424000 1712294.8
1426000 1705440.8
1428000 1718061.2
1430000 1697484.9
1432000 1704550.5
1434000 1718619.7
1436000 1720419.8
1438000 1713537.2
1440000 1721782.1
1442000 1715472.8
1444000 1714216.2
1446000 1702375.4
1448000 1702895
1450000 1738244.1
1452000 1721090.8
1454000 1707754.8
1456000 1712244.9
1458000 1700815.2
1460000 1690323.6
1462000 1707457.5
1464000 1705078.5
1466000 1716279.8
1468000 1715289
1470000 1713316.3
1472000 1720987.3
1474000 1718968
1476000 1713005.7
1478000 1723393.8
1480000 1719601.8
1482000 1717907.7
1484000 1719221.6
1486000 1714146.4
1488000 1708602.2
1490000 1722857.2
1492000 1725278.2
1494000 1699943.2
1496000 1716039.8
1498000 1709752.8
1500000 1713470
1502000 1718368.4
1504000 1712352.6
1506000 1717139.2
1508000 1712178.8
1510000 1722119.1
1512000 1722935.6
1514000 1711730.4
1516000 1734623.6
1518000 1715861.3
1520000 1717939.6
1522000 1707134.2
1524000 1726550.7
1526000 1727738.6
1528000 1715265.3
1530000 1727944.9
1532000 1724744.3
1534000 1715089.4
1536000 1699143.5
1538000 1722835.1
1540000 1719305.3
1542000 1716494.3
1544000 1715889.5
1546000 1725729.1
1548000 1715461
1550000 1712986.7
1552000 1702726.9
1554000 1709716.9
1556000 1724499.9
1558000 1719892.8
1560000 1720537
1562000 1698170
1564000 1715758.4
1566000 1716807.9
1568000 1717726.4
1570000 1718845.1
1572000 1708868.8
1574000 1706554.8
1576000 1725668
1578000 1705244.2
1580000 1716024.8
1582000 1701693.7
1584000 1715913.8
1586000 1709760.2
1588000 1708067.7
1590000 1717502.1
1592000 1714243.7
1594000 1727475.7
1596000 1714548.2
1598000 1715576.5
1600000 1710849.2
1602000 1718024.9
1604000 1724949
1606000 1716417.3
1608000 1721364.9
1610000 1723243.2
1612000 1715217.5
1614000 1714416
1616000 1701861.8
1618000 1729801
1620000 1721913.3
1622000 1707000.8
1624000 1699572.1
1626000 1721735.2
1628000 1714016
1630000 1704968.3
1632000 1720472.4
1634000 1713629.9
1636000 1717299.1
1638000 1717130.8
1640000 1710428.8
1642000 1714198
1644000 1713549.2
1646000 1711023.9
1648000 1694785.9
1650000 1718722.3
1652000 1714679.2
1654000 1709227.2
1656000 1709474.4
1658000 1708487.6
1660000 1717295.9
1662000 1706202.7
1664000 1708810.9
1666000 1717576.7
1668000 1709793.8
1670000 1705468.2
1672000 1702919
1674000 1707942.5
1676000 1720478.1
1678000 1721136.9
1680000 1710783.4
1682000 1711831.8
1684000 1716967.4
1686000 1710736.7
1688000 1712333.9
1690000 1716584.1
1692000 1717486.9
1694000 1704260.9
1696000 1722952.8
1698000 1710306
1700000 1713918.5
1702000 1711124.3
1704000 1719771.8
1706000 1717403
1708000 1711292.7
1710000 1714846.7
1712000 1708244.5
1714000 1713603.5
1716000 1715403.6
1718000 1712253.1
1720000 1692321.6
1722000 1729701.8
1724000 1712835.4
1726000 1716204.2
1728000 1713308.3
1730000 1704019
1732000 1714385.4
1734000 1716812.7
1736000 1716346.5
1738000 1713965
1740000 1700302.9
1742000 1704692.3
1744000 1722480.2
1746000 1709493.4
1748000 1724772.9
1750000 1712496.2
1752000 1714392.2
1754000 1726038.9
1756000 1706408.1
1758000 1701271
1760000 1723835.3
1762000 1722221.8
1764000 1719587.5
1766000 1719824.3
1768000 1730253
1770000 1714916.1
1772000 1704451.3
1774000 1711875.1
1776000 1730539.3
1778000 1717226.3
1780000 1713508.3
1782000 1714222.9
1784000 1728635
1786000 1710045.5
1788000 1715425.8
1790000 1720953.2
1792000 1733523.3
1794000 1713077.7
1796000 1720051.7
1798000 1722368.5
1800000 1719135
1802000 1718003.3
1804000 1731253.7
1806000 1713418.7
1808000 1712038.2
1810000 1718956.5
1812000 1722936.8
1814000 1708753.1
1816000 1721794.5
1818000 1722921.1
1820000 1704631.1
1822000 1732534
1824000 1701285.2
1826000 1718248.6
1828000 1704368.7
1830000 1726257.5
1832000 1710089.5
1834000 1714248.2
1836000 1709980.2
1838000 1711416.6
1840000 1692664.5
1842000 1706971.2
1844000 1713492.6
1846000 1711877.4
1848000 1724467.5
1850000 1733885.7
1852000 1723630.3
1854000 1708744.6
1856000 1706276.6
1858000 1715642.6
1860000 1721690.6
1862000 1741499.7
1864000 1716538.9
1866000 1721177.9
1868000 1732596.7
1870000 1705380.2
1872000 1717567.3
1874000 1708615.9
1876000 1725344.1
1878000 1706342.6
1880000 1715879.1
1882000 1704792.4
1884000 1722596.7
1886000 1725859.2
1888000 1731218.7
1890000 1721083.6
1892000 1712035.3
1894000 1712427.8
1896000 1719941
1898000 1720048.5
1900000 1701739.8
1902000 1722703.6
1904000 1716136.3
1906000 1723192.4
1908000 1707086.7
1910000 1710744
1912000 1711355.7
1914000 1714949.2
1916000 1726629.9
1918000 1702232.6
1920000 1728626.1
1922000 1718074.8
1924000 1706106.6
1926000 1724199.3
1928000 1716623.6
1930000 1730048
1932000 1714633.1
1934000 1703792
1936000 1716543.8
1938000 1711345.8
1940000 1724545.9
1942000 1711736.8
1944000 1723216
1946000 1722943.6
1948000 1709097.8
1950000 1715937.8
1952000 1719867.4
1954000 1713021.1
1956000 1716239.3
1958000 1709956
1960000 1717658.2
1962000 1710128.5
1964000 1718093.2
1966000 1708983.3
1968000 1716968.5
1970000 1715964.5
1972000 1711121.2
1974000 1728977.4
1976000 1710918.1
1978000 1722703.1
1980000 1723121.9
1982000 1708740.2
1984000 1725420.7
1986000 1714406.7
1988000 1709950.3
1990000 1705593.6
1992000 1706653.7
1994000 1732365.5
1996000 1718037
1998000 1716042.9
2000000 1716747.2
