# integrated auto-correlation of: jx jy jz avg
0 0 0 0 0
0.00501433 0.000874307 0.000868712 0.000892743 0.000878587
0.0100287 0.00171472 0.00170344 0.00175158 0.00172325
0.015043 0.00249556 0.00247843 0.00255082 0.00250827
0.0200573 0.00320326 0.00318009 0.00327692 0.00322009
0.0250716 0.00383559 0.00380618 0.00392763 0.00385647
0.030086 0.00439814 0.0043623 0.0045085 0.00442298
0.0351003 0.00490044 0.00485797 0.00502902 0.00492914
0.0401146 0.00535295 0.00530354 0.00549955 0.00538535
0.0451289 0.00576517 0.00570844 0.00592959 0.00580107
0.0501433 0.00614506 0.00608053 0.00632711 0.00618423
0.0551576 0.00649899 0.00642617 0.00669863 0.00654126
0.0601719 0.00683201 0.00675045 0.00704936 0.00687728
0.0651862 0.00714801 0.00705742 0.00738339 0.00719627
0.0702006 0.00744983 0.00735012 0.00770373 0.00750123
0.0752149 0.00773938 0.00763068 0.0080124 0.00779415
0.0802292 0.00801781 0.00790042 0.00831058 0.00807627
0.0852436 0.0082858 0.00816016 0.0085989 0.00834829
0.0902579 0.00854386 0.00841043 0.00887778 0.00861069
0.0952722 0.0087926 0.00865182 0.00914761 0.00886401
0.100287 0.00903278 0.00888504 0.00940894 0.00910892
0.105301 0.00926536 0.00911097 0.00966247 0.00934627
0.110315 0.00949135 0.00933067 0.00990899 0.009577
0.11533 0.00971175 0.00954521 0.0101493 0.00980208
0.120344 0.00992749 0.00975565 0.0103841 0.0100224
0.125358 0.0101393 0.00996289 0.0106141 0.0102388
0.130372 0.0103478 0.0101676 0.0108399 0.0104518
0.135387 0.0105533 0.0103702 0.0110617 0.0106618
0.140401 0.0107558 0.0105708 0.0112799 0.0108688
0.145415 0.0109553 0.0107691 0.0114943 0.0110729
0.15043 0.0111515 0.0109647 0.0117051 0.0112738
0.155444 0.0113442 0.0111572 0.0119121 0.0114712
0.160458 0.0115333 0.0113461 0.0121153 0.0116649
0.165473 0.0117187 0.0115312 0.0123149 0.011855
0.170487 0.0119005 0.0117124 0.0125111 0.0120414
0.175501 0.0120789 0.0118898 0.0127041 0.0122243
0.180516 0.0122543 0.0120634 0.0128942 0.012404
0.18553 0.012427 0.0122335 0.0130815 0.0125807
0.190544 0.0125975 0.0124004 0.0132664 0.0127548
0.195559 0.0127662 0.0125643 0.0134491 0.0129265
0.200573 0.0129333 0.0127252 0.0136298 0.0130961
0.205587 0.013099 0.0128833 0.0138086 0.0132636
0.210602 0.0132634 0.0130387 0.0139854 0.0134292
0.215616 0.0134262 0.0131912 0.0141605 0.0135926
0.22063 0.0135874 0.0133412 0.0143335 0.013754
0.225645 0.0137465 0.0134886 0.0145044 0.0139132
0.230659 0.0139035 0.0136337 0.014673 0.0140701
0.235673 0.0140582 0.0137767 0.0148393 0.0142247
0.240688 0.0142107 0.0139177 0.015003 0.0143771
0.245702 0.0143608 0.0140568 0.0151639 0.0145272
0.250716 0.0145087 0.0141942 0.0153221 0.014675
0.255731 0.0146544 0.0143301 0.0154775 0.0148206
0.260745 0.0147978 0.0144645 0.01563 0.0149641
0.265759 0.0149392 0.0145974 0.0157799 0.0151055
0.270774 0.0150787 0.0147289 0.0159274 0.015245
0.275788 0.0152164 0.0148587 0.0160729 0.0153827
0.280802 0.0153525 0.0149868 0.0162166 0.0155186
0.285817 0.0154871 0.015113 0.016359 0.015653
0.290831 0.0156204 0.0152371 0.0165001 0.0157859
0.295845 0.0157522 0.0153591 0.01664 0.0159171
0.30086 0.0158826 0.0154791 0.0167786 0.0160468
0.305874 0.0160114 0.015597 0.0169158 0.0161747
0.310888 0.0161385 0.0157129 0.0170515 0.016301
0.315903 0.0162637 0.015827 0.0171853 0.0164254
0.320917 0.016387 0.0159392 0.0173173 0.0165479
0.325931 0.0165083 0.0160497 0.0174474 0.0166685
0.330946 0.0166274 0.0161585 0.0175754 0.0167871
0.33596 0.0167444 0.0162655 0.0177015 0.0169038
0.340974 0.0168593 0.0163708 0.0178258 0.0170186
0.345989 0.0169721 0.0164741 0.0179484 0.0171316
0.351003 0.0170829 0.0165757 0.0180695 0.0172427
0.356017 0.0171918 0.0166755 0.018189 0.0173521
0.361032 0.017299 0.0167738 0.0183069 0.0174599
0.366046 0.0174045 0.0168706 0.0184232 0.0175661
0.37106 0.0175085 0.0169662 0.0185376 0.0176708
0.376074 0.0176111 0.0170606 0.0186501 0.0177739
0.381089 0.0177122 0.017154 0.0187605 0.0178755
0.386103 0.0178119 0.0172464 0.0188686 0.0179756
0.391117 0.0179103 0.0173381 0.0189744 0.0180743
0.396132 0.0180074 0.0174291 0.019078 0.0181715
0.401146 0.0181032 0.0175197 0.0191795 0.0182675
0.40616 0.0181979 0.0176099 0.019279 0.0183623
0.411175 0.0182916 0.0176998 0.0193767 0.018456
0.416189 0.0183843 0.0177894 0.0194731 0.0185489
0.421203 0.0184762 0.0178787 0.0195681 0.018641
0.426218 0.0185674 0.0179675 0.0196622 0.0187323
0.431232 0.0186577 0.0180559 0.0197552 0.0188229
0.436246 0.0187474 0.0181435 0.0198472 0.0189127
0.441261 0.0188361 0.0182304 0.019938 0.0190015
0.446275 0.018924 0.0183163 0.0200274 0.0190892
0.451289 0.0190108 0.0184012 0.0201154 0.0191758
0.456304 0.0190965 0.018485 0.020202 0.0192612
0.461318 0.019181 0.018568 0.0202872 0.0193454
0.466332 0.0192644 0.0186501 0.0203714 0.0194286
0.471347 0.0193467 0.0187315 0.0204547 0.019511
0.476361 0.0194278 0.0188122 0.0205376 0.0195925
0.481375 0.0195079 0.0188922 0.0206202 0.0196734
0.48639 0.0195869 0.0189715 0.0207024 0.0197536
0.491404 0.0196651 0.01905 0.0207843 0.0198331
0.496418 0.0197424 0.0191275 0.0208656 0.0199119
0.501433 0.019819 0.0192039 0.0209463 0.0199897
0.506447 0.0198947 0.0192791 0.0210261 0.0200666
0.511461 0.0199696 0.0193528 0.0211049 0.0201424
0.516476 0.0200434 0.0194249 0.0211825 0.020217
0.52149 0.0201162 0.0194956 0.0212588 0.0202902
0.526504 0.0201879 0.0195648 0.0213336 0.0203621
0.531519 0.0202585 0.0196328 0.0214071 0.0204328
0.536533 0.0203281 0.0196997 0.0214793 0.0205024
0.541547 0.0203967 0.0197657 0.0215503 0.0205709
0.546562 0.0204644 0.0198311 0.0216202 0.0206386
0.551576 0.0205311 0.0198958 0.0216892 0.0207054
0.55659 0.0205968 0.01996 0.0217574 0.0207714
0.561605 0.0206615 0.0200235 0.0218248 0.0208366
0.566619 0.020725 0.0200864 0.0218915 0.0209009
0.571633 0.0207873 0.0201484 0.0219576 0.0209644
0.576648 0.0208487 0.0202097 0.0220231 0.0210271
0.581662 0.0209092 0.0202701 0.0220881 0.0210891
0.586676 0.0209689 0.0203297 0.0221527 0.0211504
0.591691 0.0210279 0.0203887 0.022217 0.0212112
0.596705 0.0210861 0.0204469 0.0222811 0.0212714
0.601719 0.0211436 0.0205045 0.0223451 0.0213311
0.606734 0.0212003 0.0205614 0.0224089 0.0213902
0.611748 0.0212564 0.0206177 0.0224727 0.0214489
0.616762 0.0213117 0.0206732 0.0225362 0.021507
0.621777 0.0213665 0.0207281 0.0225993 0.0215646
0.626791 0.0214209 0.0207822 0.0226618 0.0216217
0.631805 0.0214748 0.0208357 0.0227237 0.0216781
0.636819 0.0215284 0.0208886 0.0227846 0.0217339
0.641834 0.0215814 0.020941 0.0228444 0.0217889
0.646848 0.0216339 0.0209929 0.0229031 0.0218433
0.651862 0.0216857 0.0210444 0.0229606 0.0218969
0.656877 0.0217369 0.0210957 0.0230168 0.0219498
0.661891 0.0217875 0.0211469 0.0230718 0.0220021
0.666905 0.0218376 0.0211982 0.0231256 0.0220538
0.67192 0.0218873 0.0212495 0.0231783 0.0221051
0.676934 0.0219369 0.021301 0.0232301 0.022156
0.681948 0.0219865 0.0213525 0.0232812 0.0222067
0.686963 0.0220361 0.0214039 0.0233316 0.0222572
0.691977 0.022086 0.0214552 0.0233817 0.0223076
0.696991 0.0221359 0.0215061 0.0234315 0.0223579
0.702006 0.0221857 0.0215566 0.0234812 0.0224078
0.70702 0.0222352 0.0216064 0.0235307 0.0224574
0.712034 0.0222842 0.0216554 0.02358 0.0225065
0.717049 0.0223325 0.0217036 0.0236292 0.0225551
0.722063 0.02238 0.0217508 0.0236781 0.022603
0.727077 0.0224268 0.0217971 0.0237268 0.0226502
0.732092 0.0224728 0.0218426 0.0237753 0.0226969
0.737106 0.0225181 0.0218871 0.0238236 0.0227429
0.74212 0.0225627 0.0219308 0.0238717 0.0227884
0.747135 0.0226067 0.0219734 0.0239195 0.0228332
0.752149 0.02265 0.0220152 0.0239669 0.0228774
0.757163 0.0226926 0.0220561 0.0240138 0.0229208
0.762178 0.0227344 0.0220962 0.0240599 0.0229635
0.767192 0.0227754 0.0221357 0.0241052 0.0230055
0.772206 0.0228158 0.0221748 0.0241495 0.0230467
0.777221 0.0228555 0.0222133 0.0241927 0.0230872
0.782235 0.0228948 0.0222513 0.0242348 0.023127
0.787249 0.0229339 0.0222887 0.0242757 0.0231661
0.792264 0.0229728 0.0223253 0.0243154 0.0232045
0.797278 0.0230117 0.0223609 0.024354 0.0232422
0.802292 0.0230506 0.0223956 0.0243914 0.0232792
0.807307 0.0230894 0.0224292 0.0244277 0.0233154
0.812321 0.0231281 0.0224616 0.0244631 0.0233509
0.817335 0.0231668 0.0224929 0.0244976 0.0233857
0.82235 0.0232053 0.0225231 0.0245313 0.0234199
0.827364 0.0232438 0.0225522 0.0245645 0.0234535
0.832378 0.0232823 0.0225804 0.0245972 0.0234866
0.837393 0.0233206 0.0226077 0.0246296 0.0235193
0.842407 0.023359 0.0226344 0.0246616 0.0235517
0.847421 0.0233972 0.0226604 0.0246934 0.0235837
0.852436 0.0234354 0.022686 0.0247248 0.0236154
0.85745 0.0234736 0.0227112 0.0247559 0.0236469
0.862464 0.0235117 0.0227361 0.0247867 0.0236782
0.867479 0.0235496 0.0227608 0.0248172 0.0237092
0.872493 0.0235872 0.0227853 0.0248476 0.02374
0.877507 0.0236243 0.0228099 0.0248779 0.0237707
0.882521 0.0236609 0.0228344 0.0249082 0.0238012
0.887536 0.0236968 0.0228589 0.0249387 0.0238314
0.89255 0.0237321 0.0228833 0.0249692 0.0238615
0.897564 0.0237669 0.0229074 0.0249997 0.0238913
0.902579 0.0238013 0.0229313 0.0250302 0.0239209
0.907593 0.0238354 0.022955 0.0250605 0.0239503
0.912607 0.0238694 0.0229786 0.0250905 0.0239795
0.917622 0.0239036 0.023002 0.0251203 0.0240086
0.922636 0.023938 0.0230252 0.0251499 0.0240377
0.92765 0.0239729 0.0230483 0.0251792 0.0240668
0.932665 0.0240082 0.0230712 0.0252085 0.024096
0.937679 0.0240442 0.0230936 0.0252376 0.0241252
0.942693 0.0240806 0.0231157 0.0252668 0.0241544
0.947708 0.0241176 0.0231372 0.025296 0.0241836
0.952722 0.0241549 0.0231581 0.0253252 0.0242127
0.957736 0.0241925 0.0231785 0.0253544 0.0242418
0.962751 0.0242301 0.0231984 0.0253836 0.0242707
0.967765 0.0242675 0.0232179 0.0254127 0.0242993
0.972779 0.0243046 0.023237 0.0254415 0.0243277
0.977794 0.0243412 0.0232558 0.0254699 0.0243556
0.982808 0.0243771 0.0232745 0.0254978 0.0243831
0.987822 0.0244124 0.023293 0.0255249 0.0244101
0.992837 0.0244469 0.0233114 0.0255511 0.0244365
0.997851 0.0244806 0.0233295 0.0255764 0.0244622
1.00287 0.0245136 0.0233471 0.0256008 0.0244872
1.00788 0.0245459 0.0233642 0.0256241 0.0245114
1.01289 0.0245778 0.0233804 0.0256467 0.024535
1.01791 0.0246095 0.0233959 0.0256685 0.0245579
1.02292 0.0246411 0.0234105 0.0256897 0.0245804
1.02794 0.0246728 0.0234244 0.0257106 0.0246026
1.03295 0.0247046 0.0234376 0.0257313 0.0246245
1.03797 0.0247366 0.0234501 0.0257518 0.0246462
1.04298 0.0247685 0.023462 0.0257725 0.0246677
1.04799 0.0248002 0.0234732 0.0257933 0.0246889
1.05301 0.0248316 0.0234838 0.0258144 0.0247099
1.05802 0.0248625 0.0234936 0.0258358 0.0247306
1.06304 0.0248927 0.0235028 0.0258575 0.024751
1.06805 0.0249222 0.0235115 0.0258795 0.024771
1.07307 0.0249509 0.0235199 0.0259016 0.0247908
1.07808 0.0249789 0.0235283 0.0259239 0.0248104
1.08309 0.0250061 0.0235369 0.0259461 0.0248297
1.08811 0.0250328 0.023546 0.0259681 0.024849
1.09312 0.025059 0.0235557 0.0259897 0.0248682
1.09814 0.025085 0.023566 0.0260109 0.0248873
1.10315 0.0251107 0.0235769 0.0260316 0.0249064
1.10817 0.0251362 0.0235884 0.0260519 0.0249255
1.11318 0.0251614 0.0236003 0.0260719 0.0249445
1.11819 0.0251862 0.0236124 0.0260918 0.0249635
1.12321 0.0252105 0.0236246 0.0261116 0.0249822
1.12822 0.0252342 0.0236365 0.0261316 0.0250008
1.13324 0.0252574 0.0236478 0.0261519 0.025019
1.13825 0.02528 0.0236584 0.0261726 0.025037
1.14327 0.0253021 0.023668 0.0261936 0.0250546
1.14828 0.025324 0.0236765 0.026215 0.0250718
1.1533 0.0253456 0.0236841 0.0262366 0.0250888
1.15831 0.0253674 0.0236906 0.0262584 0.0251055
1.16332 0.0253893 0.0236964 0.0262803 0.025122
1.16834 0.0254118 0.0237014 0.0263022 0.0251385
1.17335 0.0254348 0.0237059 0.0263242 0.0251549
1.17837 0.0254584 0.0237099 0.0263461 0.0251715
1.18338 0.0254823 0.0237134 0.0263681 0.0251879
1.1884 0.0255064 0.0237165 0.0263901 0.0252043
1.19341 0.0255303 0.0237192 0.0264119 0.0252205
1.19842 0.0255536 0.0237215 0.0264335 0.0252362
1.20344 0.0255761 0.0237236 0.0264549 0.0252516
1.20845 0.0255977 0.0237253 0.026476 0.0252664
1.21347 0.0256182 0.0237269 0.0264968 0.0252806
1.21848 0.0256377 0.0237284 0.0265172 0.0252944
1.2235 0.0256562 0.0237299 0.0265371 0.0253078
1.22851 0.0256741 0.0237315 0.0265566 0.0253207
1.23352 0.0256913 0.0237333 0.0265758 0.0253335
1.23854 0.0257081 0.0237353 0.0265945 0.025346
1.24355 0.0257247 0.0237375 0.0266131 0.0253584
1.24857 0.0257412 0.0237401 0.0266314 0.0253709
1.25358 0.0257579 0.023743 0.0266497 0.0253835
1.2586 0.0257746 0.0237463 0.026668 0.0253963
1.26361 0.0257914 0.0237498 0.0266862 0.0254091
1.26862 0.0258082 0.0237535 0.0267044 0.025422
1.27364 0.0258247 0.0237571 0.0267225 0.0254348
1.27865 0.0258408 0.0237607 0.0267403 0.0254473
1.28367 0.0258562 0.0237639 0.0267578 0.0254593
1.28868 0.0258707 0.0237668 0.0267747 0.0254707
1.2937 0.0258841 0.0237694 0.0267911 0.0254815
1.29871 0.0258966 0.0237715 0.0268069 0.0254917
1.30372 0.0259083 0.0237731 0.0268223 0.0255012
1.30874 0.0259193 0.0237743 0.0268373 0.0255103
1.31375 0.02593 0.0237748 0.0268523 0.025519
1.31877 0.0259406 0.0237748 0.0268672 0.0255275
1.32378 0.0259512 0.0237743 0.0268822 0.0255359
1.3288 0.025962 0.0237733 0.0268973 0.0255442
1.33381 0.0259728 0.0237719 0.0269126 0.0255524
1.33883 0.0259834 0.0237704 0.0269279 0.0255606
1.34384 0.0259938 0.0237687 0.0269434 0.0255686
1.34885 0.0260039 0.0237669 0.0269591 0.0255766
1.35387 0.0260135 0.0237651 0.026975 0.0255845
1.35888 0.0260227 0.0237634 0.0269913 0.0255925
1.3639 0.0260314 0.0237618 0.027008 0.0256004
1.36891 0.0260396 0.0237606 0.0270253 0.0256085
1.37393 0.0260473 0.0237599 0.0270431 0.0256168
1.37894 0.0260544 0.02376 0.0270614 0.0256253
1.38395 0.026061 0.023761 0.0270801 0.025634
1.38897 0.0260673 0.023763 0.027099 0.0256431
1.39398 0.0260732 0.0237661 0.0271181 0.0256525
1.399 0.026079 0.0237702 0.0271372 0.0256621
1.40401 0.026085 0.023775 0.0271563 0.0256721
1.40903 0.0260913 0.0237806 0.0271754 0.0256824
1.41404 0.0260982 0.0237865 0.0271946 0.0256931
1.41905 0.0261059 0.0237927 0.027214 0.0257042
1.42407 0.0261146 0.0237989 0.0272334 0.0257156
1.42908 0.0261242 0.023805 0.027253 0.0257274
1.4341 0.0261348 0.0238108 0.0272726 0.0257394
1.43911 0.0261464 0.0238162 0.0272923 0.0257516
1.44413 0.0261587 0.0238214 0.0273119 0.025764
1.44914 0.0261717 0.0238264 0.0273317 0.0257766
1.45415 0.026185 0.0238313 0.0273515 0.0257893
1.45917 0.0261984 0.0238361 0.0273715 0.025802
1.46418 0.0262117 0.0238409 0.0273917 0.0258147
1.4692 0.0262246 0.0238456 0.027412 0.0258274
1.47421 0.0262369 0.0238503 0.0274322 0.0258398
1.47923 0.0262485 0.0238549 0.0274523 0.0258519
1.48424 0.0262593 0.0238595 0.027472 0.0258636
1.48926 0.0262695 0.0238642 0.0274913 0.025875
1.49427 0.0262791 0.0238689 0.0275102 0.0258861
1.49928 0.0262884 0.0238736 0.0275287 0.0258969
1.5043 0.0262975 0.0238783 0.0275469 0.0259076
1.50931 0.0263065 0.0238829 0.0275646 0.025918
1.51433 0.0263154 0.0238875 0.0275818 0.0259282
1.51934 0.0263241 0.0238919 0.0275986 0.0259382
1.52436 0.0263326 0.023896 0.027615 0.0259479
1.52937 0.026341 0.0238997 0.0276309 0.0259572
1.53438 0.0263492 0.023903 0.0276465 0.0259662
1.5394 0.0263576 0.0239056 0.0276617 0.025975
1.54441 0.0263662 0.0239077 0.0276765 0.0259835
1.54943 0.0263751 0.0239093 0.027691 0.0259918
1.55444 0.0263844 0.0239106 0.027705 0.026
1.55946 0.0263943 0.0239118 0.0277186 0.0260082
1.56447 0.0264048 0.0239129 0.0277316 0.0260164
1.56948 0.0264158 0.0239143 0.0277441 0.0260247
1.5745 0.0264274 0.0239162 0.0277559 0.0260332
1.57951 0.0264394 0.0239186 0.0277672 0.0260418
1.58453 0.0264517 0.0239219 0.0277781 0.0260505
1.58954 0.0264639 0.0239259 0.0277887 0.0260595
1.59456 0.0264758 0.0239307 0.0277993 0.0260686
1.59957 0.0264872 0.0239361 0.0278101 0.0260778
1.60458 0.026498 0.023942 0.0278211 0.026087
1.6096 0.0265079 0.0239483 0.0278325 0.0260962
1.61461 0.026517 0.0239549 0.0278442 0.0261054
1.61963 0.0265253 0.0239616 0.0278562 0.0261143
1.62464 0.0265327 0.0239685 0.0278683 0.0261232
1.62966 0.0265394 0.0239755 0.0278805 0.0261318
1.63467 0.0265455 0.0239827 0.0278926 0.0261403
1.63968 0.0265513 0.0239899 0.0279044 0.0261485
1.6447 0.0265569 0.023997 0.0279159 0.0261566
1.64971 0.0265625 0.0240039 0.0279272 0.0261645
1.65473 0.0265683 0.0240106 0.0279383 0.0261724
1.65974 0.0265742 0.0240171 0.0279491 0.0261801
1.66476 0.0265804 0.0240236 0.0279599 0.026188
1.66977 0.0265868 0.0240303 0.0279705 0.0261959
1.67479 0.0265934 0.0240371 0.027981 0.0262038
1.6798 0.0266001 0.0240442 0.0279912 0.0262119
1.68481 0.0266068 0.0240515 0.0280013 0.0262199
1.68983 0.0266135 0.024059 0.028011 0.0262278
1.69484 0.0266201 0.0240668 0.0280203 0.0262357
1.69986 0.0266266 0.0240747 0.0280293 0.0262435
1.70487 0.026633 0.0240829 0.028038 0.0262513
1.70989 0.0266395 0.0240912 0.0280464 0.026259
1.7149 0.0266461 0.0240996 0.0280546 0.0262668
1.71991 0.026653 0.0241078 0.0280629 0.0262745
1.72493 0.0266602 0.0241158 0.0280712 0.0262824
1.72994 0.0266679 0.0241234 0.0280796 0.0262903
1.73496 0.0266761 0.0241306 0.0280884 0.0262984
1.73997 0.026685 0.0241373 0.0280974 0.0263066
1.74499 0.0266944 0.0241433 0.0281067 0.0263148
1.75 0.0267044 0.0241486 0.0281163 0.0263231
