# Time-averaged data for fix savemsd
# TimeStep c_msd[1] c_msd[2] c_msd[3] c_msd[4]
0 5.4782e-33 7.91783e-30 1.82607e-33 7.92513e-30
2000 2.0376 2.0274 1.90124 5.96624
4000 4.10621 3.72589 3.7133 11.5454
6000 5.83204 5.49746 5.41023 16.7397
8000 7.81082 7.46686 7.10024 22.3779
10000 10.1848 9.27676 9.32526 28.7869
12000 11.3698 10.9865 11.4728 33.829
14000 12.8171 13.0111 13.1663 38.9945
16000 14.3572 15.0275 15.1479 44.5326
18000 15.5841 17.4452 17.3481 50.3774
20000 17.3734 19.2265 19.2013 55.8012
22000 18.6636 22.0393 20.4934 61.1963
24000 20.4713 23.8282 21.945 66.2445
26000 21.9221 25.8337 23.736 71.4918
28000 23.3704 27.3023 25.0498 75.7226
30000 24.8706 30.2078 26.8868 81.9652
32000 26.7153 32.0876 28.5118 87.3148
34000 28.7651 33.6846 30.2773 92.727
36000 30.1913 36.4372 31.5949 98.2234
38000 31.8508 37.4481 33.9196 103.218
40000 33.6698 40.1854 36.1189 109.974
42000 35.8353 41.9236 37.4864 115.245
44000 37.9715 44.4031 38.7555 121.13
46000 40.46 46.3247 40.6354 127.42
48000 43.2439 49.5484 42.5964 135.389
50000 46.0371 51.7427 44.1585 141.938
52000 47.5135 53.8917 47.0921 148.497
54000 49.0796 55.3143 47.1797 151.574
56000 51.804 57.5409 49.313 158.658
58000 53.8917 57.652 51.6977 163.241
60000 55.5384 58.7769 53.8574 168.173
62000 56.9556 60.5936 55.5928 173.142
64000 59.8374 62.2749 57.115 179.227
66000 61.9133 63.8202 58.603 184.337
68000 63.534 65.277 60.6748 189.486
70000 65.695 68.4074 63.1128 197.215
72000 66.3843 70.4798 64.4647 201.329
74000 69.657 71.4643 67.3082 208.43
76000 70.9191 73.7123 68.8459 213.477
78000 73.102 76.1938 71.5787 220.875
80000 76.3202 77.9812 74.1153 228.417
82000 77.3061 79.7099 75.7048 232.721
84000 79.4645 82.497 77.6052 239.567
86000 81.0583 84.4025 77.595 243.056
88000 83.249 86.5 79.9668 249.716
90000 86.2508 88.1027 82.0076 256.361
92000 87.6937 89.6089 83.433 260.736
94000 90.6337 91.7412 86.494 268.869
96000 92.6618 93.794 88.7862 275.242
98000 94.5792 95.7946 90.6184 280.992
100000 95.262 97.4979 93.2722 286.032
102000 97.9136 99.9442 95.5945 293.452
104000 99.0646 102.383 98.7071 300.155
106000 100.904 104.017 100.836 305.757
108000 104.022 106.432 104.017 314.471
110000 106.674 110.058 106.675 323.408
112000 108.572 113.416 108.795 330.782
114000 110.816 114.79 109.361 334.966
116000 113.323 117.479 109.649 340.451
118000 115.876 119.174 112.997 348.048
120000 117.904 121.464 114.626 353.994
122000 119.36 123.03 116.235 358.625
124000 120.731 125.03 120.006 365.767
126000 124.571 127.413 120.89 372.874
128000 126.294 129.689 122.247 378.23
130000 127.806 133.11 123.845 384.761
132000 128.942 134.497 124.756 388.195
134000 130.292 136.609 126.309 393.21
136000 132.172 138.909 127.811 398.893
138000 134.844 138.789 130.247 403.88
140000 136.024 140.31 132.631 408.965
142000 138.674 141.341 134.647 414.662
144000 139.877 144.145 137.044 421.066
146000 141.03 144.866 139.833 425.73
148000 142.741 145.7 140.575 429.016
150000 144.341 149.278 143.649 437.267
152000 146.2 151.606 144.511 442.317
154000 147.7 153.528 146.399 447.627
156000 150.247 155.397 149.005 454.649
158000 152.579 157.187 149.006 458.772
160000 154.282 157.507 151.677 463.465
162000 155.329 158.824 151.913 466.067
164000 157.153 160.219 154.465 471.838
166000 158.621 161.832 156.457 476.909
168000 161.875 163.262 157.506 482.643
170000 163.075 165.965 158.611 487.651
172000 164.134 168.248 160.239 492.621
174000 165.486 169.993 161.673 497.152
176000 168.566 171.659 162.793 503.017
178000 170.352 171.939 163.647 505.938
180000 171.603 176.3 165.855 513.758
182000 173.458 178.691 167.844 519.992
184000 175.287 179.761 170.28 525.328
186000 176.787 181.96 172.263 531.01
188000 176.744 184.079 173.328 534.151
190000 178.418 186.188 176.45 541.056
192000 180.904 188.103 179.457 548.463
194000 182.32 188.946 179.758 551.024
196000 182.968 190.989 180.925 554.881
198000 184.682 192.738 183.269 560.689
200000 185.93 195.461 185.97 567.361
202000 187.571 197.343 185.405 570.32
204000 189.239 199.48 187.479 576.198
206000 192.065 201.21 190.296 583.572
208000 194.245 204.269 192.899 591.413
210000 196.578 206.16 194.128 596.867
212000 197.367 209.759 195.738 602.864
214000 198.948 211.052 197.988 607.988
216000 200.075 213.163 201.159 614.397
218000 202.118 216.591 203.192 621.901
220000 204.823 217.03 206.745 628.597
222000 205.364 218.336 209.196 632.897
224000 207.706 221.299 210.955 639.959
226000 210.439 224.122 212.69 647.251
228000 211.366 225.458 213.803 650.627
230000 213.33 227.177 214.933 655.439
232000 214.766 229.074 216.374 660.214
234000 216.324 231.008 217.677 665.009
236000 220.831 234.437 218.9 674.168
238000 221.808 235.198 219.431 676.436
240000 222.73 237.057 220.826 680.613
242000 222.401 239.584 221.404 683.388
244000 223.921 240.65 222.912 687.483
246000 226.733 241.049 225.566 693.348
248000 232.63 244.022 227.179 703.83
250000 235.952 247.452 229.024 712.428
252000 238.529 248.676 232.679 719.884
254000 241.183 251.451 234.051 726.685
256000 243.776 253.96 237.367 735.102
258000 244.102 255.663 239.884 739.648
260000 246.139 257.347 241.95 745.436
262000 248.239 260.823 243.892 752.954
264000 248.773 261.905 244.368 755.045
266000 250.094 264.642 247.003 761.739
268000 254.252 266.511 248.346 769.109
270000 255.961 268.735 249.846 774.542
272000 259.629 269.425 250.308 779.362
274000 261.093 270.115 251.511 782.719
276000 263.141 271.582 252.804 787.527
278000 264.995 275.597 254.365 794.958
280000 266.255 278.611 256.709 801.575
282000 268.614 279.177 259.072 806.863
284000 271.407 282.033 261.387 814.827
286000 273.971 284.797 264.2 822.968
288000 276.69 287.112 263.9 827.703
290000 277.428 287.707 264.416 829.55
292000 280.967 289.366 265.658 835.991
294000 283.681 290.544 267.523 841.748
296000 286.089 290.567 270.611 847.267
298000 286.907 293.301 272.421 852.629
300000 288.525 296.82 274.247 859.592
302000 290.219 297.909 275.051 863.179
304000 291.063 298.602 278.744 868.409
306000 290.914 302.328 281.006 874.247
308000 293.549 304.837 282.924 881.31
310000 296.658 305.804 285.559 888.02
312000 299.173 307.594 289.315 896.082
314000 299.622 309.205 290.426 899.253
316000 300.468 309.464 293.426 903.358
318000 302.62 311.376 295.51 909.506
320000 304.112 313.423 297.542 915.077
322000 304.783 316.197 300.781 921.761
324000 304.537 319.344 302.984 926.865
326000 306.036 321.076 308.107 935.219
328000 308.475 322.129 310.701 941.305
330000 310.909 322.448 310.334 943.69
332000 314.635 324.025 312.838 951.498
334000 318.531 327.169 313.972 959.672
336000 321.202 328.081 314.021 963.304
338000 322.699 330.785 316.938 970.421
340000 325.171 333.293 320.203 978.668
342000 327.087 335.724 320.582 983.394
344000 328.504 336.937 325.557 990.999
346000 330.311 338.045 325.304 993.659
348000 331.186 339.255 327.367 997.808
350000 334.076 341.748 328.821 1004.64
352000 336.164 343.513 331.85 1011.53
354000 337.915 344.81 333.448 1016.17
356000 340.161 348.019 335.666 1023.85
358000 342.703 348.851 338.984 1030.54
360000 343.618 350.866 337.216 1031.7
362000 344.276 351.747 341.164 1037.19
364000 346.467 355.134 341.841 1043.44
366000 349.35 357.673 344.155 1051.18
368000 351.949 360.328 347.153 1059.43
370000 351.55 361.528 348.564 1061.64
372000 351.464 365.198 351.328 1067.99
374000 354.816 366.014 353.024 1073.85
376000 358.258 366.984 352.582 1077.82
378000 360.84 369.41 354.42 1084.67
380000 363.531 373.051 357.076 1093.66
382000 365.065 374.056 359.242 1098.36
384000 364.998 375.456 362.197 1102.65
386000 367.228 379.24 365.237 1111.7
388000 367.925 380.361 366.232 1114.52
390000 372.071 379.477 367.293 1118.84
392000 373.131 383.489 367.52 1124.14
394000 374.208 382.4 370.012 1126.62
396000 375.051 383.927 373.92 1132.9
398000 375.144 384.703 374.481 1134.33
400000 376.465 383.895 377.267 1137.63
402000 377.619 384.708 379.05 1141.38
404000 381.237 385.603 380.506 1147.35
406000 381.608 387.882 384.761 1154.25
408000 383.035 389.155 385.923 1158.11
410000 384.209 391.452 387.294 1162.95
412000 385.993 394.396 388.941 1169.33
414000 387.213 397.149 388.318 1172.68
416000 388.603 397.823 389.942 1176.37
418000 390.52 399.264 388.771 1178.56
420000 391.543 399.959 389.776 1181.28
422000 392.883 403.436 390.847 1187.17
424000 394.696 404.564 393.118 1192.38
426000 397.023 408.184 395.162 1200.37
428000 397.859 410.302 397.379 1205.54
430000 399.834 412.948 400.473 1213.26
432000 401.584 411.308 401.726 1214.62
434000 403.982 411.366 401.451 1216.8
436000 406.078 413.426 404.764 1224.27
438000 407.559 416.316 405.63 1229.51
440000 409.163 418.971 407.818 1235.95
442000 408.764 419.515 407.824 1236.1
444000 411.965 421.31 410.968 1244.24
446000 416.059 422.107 414.589 1252.76
448000 418.294 424.689 415.805 1258.79
450000 420.569 425.805 417.829 1264.2
452000 421.076 426.358 417.754 1265.19
454000 422.055 428.02 420.745 1270.82
456000 425.815 430.649 425.227 1281.69
458000 428.429 431.938 429.059 1289.43
460000 430.23 431.617 431.159 1293.01
462000 433.316 432.21 432.332 1297.86
464000 434.873 434.005 432.106 1300.98
466000 438.828 437.606 433.166 1309.6
468000 442.429 441.932 433.748 1318.11
470000 447.03 446.083 433.655 1326.77
472000 448.091 450.699 435.337 1334.13
474000 448.317 453.825 439.978 1342.12
476000 448.68 455.06 441.383 1345.12
478000 449.365 456.024 443.181 1348.57
480000 451.744 457.861 446.297 1355.9
482000 453.535 462.226 447.716 1363.48
484000 455.936 464.392 449.596 1369.92
486000 457.504 469.302 452.39 1379.2
488000 460.5 472.192 454.22 1386.91
490000 463.246 474.486 456.128 1393.86
492000 465.851 476.356 455.417 1397.62
494000 468.509 481.434 459.044 1408.99
496000 472.237 481.299 461.951 1415.49
498000 474.652 484.902 462.52 1422.07
500000 476.911 484.483 464.009 1425.4
502000 478.879 488.009 465.151 1432.04
504000 477.597 490.452 465.516 1433.57
506000 482.287 493.315 468.569 1444.17
508000 485.336 497.89 472.781 1456.01
510000 486.951 499.051 476.522 1462.52
512000 485.404 499.154 476.824 1461.38
514000 488.599 500.133 479.612 1468.34
516000 491.314 500.977 481.179 1473.47
518000 494.14 504.293 484.701 1483.13
520000 495.574 504.867 488.71 1489.15
522000 497.381 507.568 489.927 1494.88
524000 499.137 507.176 493.846 1500.16
526000 499.86 507.82 495.982 1503.66
528000 500.647 510.186 497.176 1508.01
530000 503.847 514.482 500.236 1518.56
532000 502.742 516.541 504.537 1523.82
534000 503.299 515.478 504.581 1523.36
536000 505.807 515.716 504.013 1525.54
538000 506.375 519.288 505.153 1530.82
540000 508.341 522.868 507.442 1538.65
542000 511.248 524.962 510.395 1546.61
544000 515.056 526.415 510.22 1551.69
546000 518.835 528.861 512.828 1560.52
548000 520.111 529.749 514.109 1563.97
550000 522.8 533.827 514.695 1571.32
552000 522.451 533.324 518.47 1574.24
554000 526.836 534.954 520.028 1581.82
556000 530.932 537.703 524.653 1593.29
558000 531.943 540.327 524.394 1596.66
560000 536.454 543.073 528.131 1607.66
562000 539.21 544.615 531.424 1615.25
564000 538.779 545.637 534.159 1618.57
566000 542.52 544.369 536.72 1623.61
568000 544.232 547.147 539.517 1630.9
570000 544.341 551.188 542.256 1637.79
572000 547.189 552.406 546.254 1645.85
574000 551.399 554.123 550.117 1655.64
576000 555.218 554.71 551.471 1661.4
578000 554.494 555.216 553.177 1662.89
580000 556.658 557.681 553.265 1667.6
582000 557.89 558.302 555.072 1671.26
584000 556.585 559.452 553.848 1669.89
586000 557.299 561.118 553.36 1671.78
588000 558.244 561.84 554.727 1674.81
590000 560.221 564.851 556.675 1681.75
592000 561.495 566.425 559.193 1687.11
594000 566.042 566.516 562.043 1694.6
596000 567.391 567.507 564.138 1699.04
598000 570.816 567.066 566.293 1704.17
600000 571.51 569.04 569.475 1710.02
602000 572.907 569.893 571.66 1714.46
604000 573.78 569.149 573.695 1716.62
606000 574.13 571.273 577.757 1723.16
608000 573.962 575.687 579.405 1729.05
610000 579.659 579.752 579.229 1738.64
612000 582.119 581.947 583.026 1747.09
614000 582.893 584.429 583.983 1751.31
616000 585.392 587.599 585.093 1758.08
618000 587.693 590.19 587.579 1765.46
620000 589.292 592.235 586.781 1768.31
622000 593.116 593.804 584.954 1771.87
624000 597.689 593.842 585.485 1777.02
626000 599.502 596.049 585.136 1780.69
628000 601.32 596.545 589.754 1787.62
630000 606.805 598.241 592.474 1797.52
632000 609.311 597.794 593.996 1801.1
634000 611.111 599.168 595.223 1805.5
636000 613.734 600.152 598.049 1811.94
638000 618.294 602.195 600.412 1820.9
640000 618.346 604.614 599.365 1822.33
642000 621.127 607.421 601.572 1830.12
644000 622.525 607.066 604.111 1833.7
646000 622.854 607.246 605.028 1835.13
648000 626.031 611.133 607.738 1844.9
650000 627.035 613.076 609.078 1849.19
652000 627.62 614.257 611.344 1853.22
654000 628.749 617.344 612.827 1858.92
656000 629.596 620.398 611.979 1861.97
658000 631.692 620.569 613.227 1865.49
660000 633.108 619.822 617.312 1870.24
662000 635.669 624.639 615.374 1875.68
664000 637.791 628.171 617.148 1883.11
666000 639.769 629.935 620.334 1890.04
668000 637.558 631.151 622.941 1891.65
670000 639.111 634.474 625.047 1898.63
672000 643.117 634.904 625.557 1903.58
674000 646.703 636.968 629.263 1912.93
676000 650.383 638.039 629.616 1918.04
678000 655.188 639.151 629.063 1923.4
680000 658.24 640.805 629.294 1928.34
682000 661.559 643.178 635.059 1939.8
684000 663.06 646.263 636.444 1945.77
686000 666.844 646.881 637.461 1951.19
688000 667.256 652.498 640.423 1960.18
690000 668.389 653.234 641.924 1963.55
692000 672.356 655.056 644.256 1971.67
694000 672.398 658.442 646.978 1977.82
696000 678.868 656.587 648.844 1984.3
698000 684.534 657.521 653.439 1995.49
700000 686.633 657.95 652.269 1996.85
702000 688.215 658.742 655.896 2002.85
704000 690.235 659.019 659.41 2008.66
706000 690.082 663.762 662.085 2015.93
708000 690.234 665.467 664.697 2020.4
710000 691.189 667.176 664.214 2022.58
712000 692.186 671.285 665.928 2029.4
714000 696.639 672.477 668.688 2037.8
716000 699.508 672.3 669.392 2041.2
718000 702.835 674.944 674.909 2052.69
720000 705.871 678.736 676.458 2061.07
722000 711.669 680.858 677.911 2070.44
724000 712.652 681.744 683.233 2077.63
726000 713.881 684.301 685.733 2083.91
728000 715.717 685.283 689.947 2090.95
730000 718.905 684.85 693.075 2096.83
732000 720.16 683.614 695.211 2098.98
734000 719.736 684.439 695.654 2099.83
736000 718.381 686.686 697.077 2102.14
738000 720.379 687.857 700.901 2109.14
740000 719.995 686.954 704.14 2111.09
742000 721.822 688.071 705.428 2115.32
744000 723.378 692.974 706.869 2123.22
746000 726.344 700.139 709.437 2135.92
748000 727.743 700.148 705.755 2133.65
750000 726.51 702.818 707.629 2136.96
752000 725.432 705.505 705.949 2136.89
754000 730.708 706.054 708.102 2144.86
756000 732.619 706.585 707.54 2146.74
758000 735.126 708.122 706.464 2149.71
760000 737.922 712.166 708.801 2158.89
762000 739.518 712.982 711.731 2164.23
764000 742.714 716.604 713.476 2172.79
766000 746.481 717.67 712.777 2176.93
768000 748.044 720.012 715.662 2183.72
770000 751.978 725.508 715.134 2192.62
772000 754.783 726.156 716.562 2197.5
774000 760.472 728.705 720.647 2209.82
776000 762.408 733.921 721.548 2217.88
778000 764.756 736.381 723.903 2225.04
780000 766.004 737.291 725.085 2228.38
782000 768.706 741.601 725.552 2235.86
784000 771.165 747.073 727.405 2245.64
786000 772.352 749.298 727.159 2248.81
788000 776.285 751.116 728.741 2256.14
790000 778.68 752.176 734.067 2264.92
792000 782.166 754.508 736.574 2273.25
794000 784.235 756.034 738.49 2278.76
796000 785.342 757.086 742.345 2284.77
798000 785.801 758.509 746.36 2290.67
800000 785.972 759.578 748.38 2293.93
802000 790.313 762.566 752.509 2305.39
804000 793.856 764.512 754.047 2312.42
806000 798.013 768.447 756.382 2322.84
808000 800.412 769.915 758 2328.33
810000 800.771 770.966 759.75 2331.49
812000 805.166 771.404 761.422 2337.99
814000 804.794 773.625 767.441 2345.86
816000 805.711 775.243 767.778 2348.73
818000 805.463 777.097 772.44 2355
820000 806.389 779.195 771.899 2357.48
822000 810.457 779.266 773.91 2363.63
824000 810.302 782.023 776.613 2368.94
826000 812.294 782.754 777.221 2372.27
828000 813.377 787.4 777.441 2378.22
830000 816.299 784.136 781.046 2381.48
832000 820.939 786.691 781.41 2389.04
834000 820.112 786.226 783.238 2389.58
836000 821.853 784.977 783.141 2389.97
838000 822.825 790.59 786.462 2399.88
840000 824.639 792.43 787.14 2404.21
842000 828.244 797.133 785.103 2410.48
844000 831.273 796.994 787.566 2415.83
846000 834.464 800.912 790.661 2426.04
848000 838.485 802.318 787.819 2428.62
850000 841.895 804.013 787.702 2433.61
852000 844.469 805.366 791.103 2440.94
854000 844.61 807.402 794.693 2446.7
856000 846.656 813.885 796.61 2457.15
858000 848.301 815.255 795.756 2459.31
860000 848.563 817.607 798.388 2464.56
862000 851.087 820.264 801.691 2473.04
864000 854.854 823.796 803.087 2481.74
866000 852.636 824.785 807.159 2484.58
868000 859.523 828.478 803.565 2491.57
870000 861.562 830.141 804.315 2496.02
872000 864.148 831.388 811.398 2506.93
874000 869.064 834.852 811.723 2515.64
876000 872.571 835.078 815.323 2522.97
878000 876.219 837.597 820.039 2533.85
880000 877.725 835.148 821.312 2534.19
882000 880.583 836.329 822.428 2539.34
884000 881.08 840.197 823.839 2545.12
886000 883.313 841.045 825.313 2549.67
888000 880.851 843.869 831.561 2556.28
890000 882.377 845.062 835.39 2562.83
892000 882.205 843.854 836.749 2562.81
894000 884.888 847.023 839.286 2571.2
896000 886.759 849.385 843.888 2580.03
898000 893 847.058 847.835 2587.89
900000 893.926 846.307 849.93 2590.16
902000 895.565 849.416 851.877 2596.86
904000 897.498 850.615 852.635 2600.75
906000 898.051 853.86 855.308 2607.22
908000 898.818 857.013 855.912 2611.74
910000 900.722 859.678 856.233 2616.63
912000 902.587 862.289 854.88 2619.76
914000 903.054 861.976 861.827 2626.86
916000 907.001 865.179 863.886 2636.07
918000 912.237 866.813 866.737 2645.79
920000 914.314 868.79 866.783 2649.89
922000 916.938 868.514 868.215 2653.67
924000 918.29 869.151 873.252 2660.69
926000 920.886 870.227 873.067 2664.18
928000 924.319 871.131 872.89 2668.34
930000 927.431 875.666 873.609 2676.71
932000 928.527 875.56 876.861 2680.95
934000 928.48 879.891 882.989 2691.36
936000 930.938 880.727 885.009 2696.67
938000 931.746 882.519 887.193 2701.46
940000 933.073 886.466 889.652 2709.19
942000 935.782 884.139 894.009 2713.93
944000 934.687 887.177 893.734 2715.6
946000 937.24 890.735 896.417 2724.39
948000 938.418 895.756 893.528 2727.7
950000 939.989 900.051 896.141 2736.18
952000 941.338 902.955 896.314 2740.61
954000 944.219 904.769 896.904 2745.89
956000 945.472 904.211 900.999 2750.68
958000 947.172 904.239 902.549 2753.96
960000 951.426 905.744 903.9 2761.07
962000 951.442 909.451 907.268 2768.16
964000 951.488 912.064 908.67 2772.22
966000 952.767 914.086 910.064 2776.92
968000 956.203 915.579 908.591 2780.37
970000 956.904 916.675 905.805 2779.38
972000 952.839 922.945 907.283 2783.07
974000 950.863 922.61 907.871 2781.34
976000 954.538 922.669 911.64 2788.85
978000 957.196 923.029 909.349 2789.57
980000 956.641 922.097 913.422 2792.16
982000 955.331 920.09 917.757 2793.18
984000 958.647 920.18 918.295 2797.12
986000 962.715 922.059 920.486 2805.26
988000 965.616 925.094 922.205 2812.91
990000 964.666 930.566 927.712 2822.94
992000 962.889 932.021 928.963 2823.87
994000 963.058 935.871 930.618 2829.55
996000 965.646 935.432 933.111 2834.19
998000 971.013 936.829 935.207 2843.05
1000000 970.107 937.403 939.277 2846.79
1002000 974.653 945.492 941.496 2861.64
1004000 974.884 947.046 944.221 2866.15
1006000 979.106 949.917 943.351 2872.37
1008000 980.686 955.351 942.703 2878.74
1010000 983.724 959.681 945.401 2888.81
1012000 987.024 960.136 948.826 2895.99
1014000 984.98 962.64 947.782 2895.4
1016000 987.834 960.873 952.321 2901.03
1018000 992.1 961.844 954.608 2908.55
1020000 993.926 963.962 957.594 2915.48
1022000 993.88 966.09 960.495 2920.46
1024000 994.168 968.294 958.992 2921.45
1026000 997.352 968.766 961.55 2927.67
1028000 996.888 968.909 964.535 2930.33
1030000 998.07 969.4 964.585 2932.06
1032000 1003.34 972.301 964.997 2940.63
1034000 1005.44 974.184 966.889 2946.51
1036000 1004.95 975.816 971.925 2952.7
1038000 1003.14 978.265 973.788 2955.19
1040000 1003.36 981.671 973.897 2958.93
1042000 1004.59 986.024 973.714 2964.33
1044000 1006.76 987.479 976.06 2970.3
1046000 1009.63 989.23 979.121 2977.98
1048000 1008.54 987.163 982.348 2978.05
1050000 1014.61 989.643 985.244 2989.5
1052000 1015.42 993.367 989.721 2998.51
1054000 1019.48 997.121 991.203 3007.8
1056000 1021.84 995.347 995.428 3012.61
1058000 1022.25 998.514 1001.9 3022.67
1060000 1024.63 1002.81 1005.58 3033.02
1062000 1028.85 1006.6 1007.35 3042.8
1064000 1031.41 1010.92 1001.5 3043.84
1066000 1032.68 1013.91 1000.87 3047.45
1068000 1033.78 1014.54 1002.72 3051.04
1070000 1035.31 1017.86 1009.91 3063.08
1072000 1040.3 1020.71 1008.23 3069.24
1074000 1043.33 1024.47 1010.22 3078.02
1076000 1042.37 1023.51 1011.31 3077.19
1078000 1044.6 1029.9 1011.55 3086.04
1080000 1047.42 1032.94 1009.61 3089.97
1082000 1049.06 1039.45 1009.33 3097.84
1084000 1053.71 1044.02 1008.74 3106.48
1086000 1054.07 1044.88 1013.37 3112.33
1088000 1055.44 1050.19 1016.01 3121.64
1090000 1057.95 1053.24 1018.86 3130.05
1092000 1057.19 1049.35 1020.3 3126.83
1094000 1060.85 1048.89 1018.17 3127.91
1096000 1066.01 1051.44 1020.46 3137.91
1098000 1068.5 1053.85 1026.01 3148.36
1100000 1068.8 1055.02 1026.28 3150.1
1102000 1070.65 1057.48 1028.31 3156.43
1104000 1074.09 1056.99 1034.23 3165.31
1106000 1077.58 1060.36 1036.41 3174.35
1108000 1079.35 1058.26 1039.09 3176.7
1110000 1081.58 1062.74 1041.36 3185.67
1112000 1082.75 1065.49 1047 3195.24
1114000 1085.64 1067.26 1049.78 3202.68
1116000 1090.18 1069.73 1047.95 3207.86
1118000 1092.58 1069.17 1052.02 3213.77
1120000 1097.62 1071.1 1053.49 3222.21
1122000 1099.82 1077.2 1058.04 3235.06
1124000 1101.11 1078.26 1056.3 3235.67
1126000 1105.7 1079.15 1060.79 3245.64
1128000 1104.45 1078.96 1064.68 3248.09
1130000 1108.43 1081.05 1066.65 3256.13
1132000 1111.31 1083.39 1065.91 3260.61
1134000 1116.1 1085.51 1068.51 3270.11
1136000 1117.48 1091.34 1070.27 3279.09
1138000 1116.11 1095.36 1071.34 3282.81
1140000 1116.58 1097.73 1074.02 3288.33
1142000 1115.77 1100.07 1072.49 3288.32
1144000 1121.36 1103.5 1078.13 3302.99
1146000 1126.13 1105.68 1079.63 3311.45
1148000 1130.52 1112.06 1082.54 3325.12
1150000 1127.97 1114.47 1086.83 3329.27
1152000 1128.67 1117.46 1089.19 3335.32
1154000 1131.8 1120.11 1090.99 3342.9
1156000 1133.92 1126.82 1093.61 3354.36
1158000 1130.6 1131.22 1096.95 3358.77
1160000 1132.99 1133.24 1097.75 3363.98
1162000 1137.21 1134.14 1097.45 3368.79
1164000 1135.84 1136.39 1100.52 3372.75
1166000 1138.61 1133.94 1102.28 3374.84
1168000 1142.64 1137.23 1101.74 3381.61
1170000 1144.31 1137.85 1101.57 3383.74
1172000 1146.17 1142.21 1104.92 3393.3
1174000 1149.02 1146.54 1103.5 3399.05
1176000 1147.84 1149.04 1104.14 3401.03
1178000 1150.71 1150.61 1105.06 3406.38
1180000 1152.26 1152.05 1107.03 3411.34
1182000 1153.83 1153.51 1111.01 3418.35
1184000 1154.41 1158.68 1113.8 3426.9
1186000 1156.43 1160.11 1120.26 3436.81
1188000 1159.25 1159.87 1124.12 3443.24
1190000 1155.69 1160.76 1123.59 3440.03
1192000 1157.34 1161.61 1124.02 3442.98
1194000 1158.13 1161.87 1126.53 3446.54
1196000 1159.92 1163.49 1128.36 3451.77
1198000 1160.77 1161.33 1131.36 3453.46
1200000 1165.02 1159.5 1131.94 3456.45
1202000 1163.06 1160.92 1134.09 3458.06
1204000 1164.87 1160.84 1137.36 3463.06
1206000 1169.05 1162.92 1139.8 3471.77
1208000 1171.46 1166.22 1141.54 3479.22
1210000 1175.78 1169.05 1144.51 3489.34
1212000 1176.39 1172.21 1146.54 3495.14
1214000 1177.75 1172.42 1147.69 3497.85
1216000 1179.17 1174.73 1146.22 3500.12
1218000 1183.14 1180.86 1151.04 3515.04
1220000 1186.28 1183.49 1151.78 3521.55
1222000 1188.54 1188.41 1152.81 3529.76
1224000 1190.74 1186.86 1154.46 3532.06
1226000 1189.92 1185.56 1158.43 3533.91
1228000 1192.16 1187.28 1160.11 3539.55
1230000 1195.35 1186.74 1167.94 3550.02
1232000 1196.98 1187.56 1167.73 3552.28
1234000 1197.52 1190.88 1169.86 3558.26
1236000 1201.85 1190.69 1171.31 3563.85
1238000 1205.17 1192.15 1177.67 3574.99
1240000 1210.95 1194.91 1180.4 3586.27
1242000 1211.18 1199.03 1182.6 3592.81
1244000 1214.79 1199.17 1180.56 3594.52
1246000 1212.49 1207.48 1182.61 3602.58
1248000 1221.68 1207.3 1183.53 3612.51
1250000 1228.08 1208.82 1185 3621.9
1252000 1226.9 1214.99 1186.63 3628.52
1254000 1225.31 1217.53 1188.44 3631.28
1256000 1225.25 1217.71 1190.08 3633.04
1258000 1225.49 1216.65 1192.92 3635.06
1260000 1226.88 1220.94 1194.07 3641.89
1262000 1226.26 1222.13 1204.09 3652.48
1264000 1228.57 1225.58 1207.55 3661.7
1266000 1228.58 1227.72 1208.08 3664.38
1268000 1226.67 1228.61 1211.93 3667.22
1270000 1225.58 1232.19 1210.12 3667.89
1272000 1228.39 1233.63 1211.81 3673.83
1274000 1230.78 1238.73 1215.38 3684.89
1276000 1230.98 1240 1219.59 3690.57
1278000 1232.14 1241.12 1219.88 3693.14
1280000 1233 1240.37 1221.71 3695.07
1282000 1233.94 1245.86 1224.1 3703.9
1284000 1235.65 1249.06 1223.04 3707.76
1286000 1236.52 1249.71 1226.57 3712.81
1288000 1238.56 1255.24 1232.91 3726.7
1290000 1241.97 1253.68 1240.66 3736.31
1292000 1243.9 1257.28 1243.29 3744.47
1294000 1247.47 1259.26 1242.84 3749.57
1296000 1254.63 1259.31 1246.76 3760.7
1298000 1254.26 1259.43 1248.76 3762.45
1300000 1255.16 1262.23 1249.42 3766.81
1302000 1255.06 1264.5 1252.07 3771.64
1304000 1255.62 1264.62 1251.29 3771.54
1306000 1261.43 1266.4 1254.3 3782.13
1308000 1266.39 1269.48 1254.65 3790.52
1310000 1267.3 1270.12 1253.93 3791.35
1312000 1271.46 1276.54 1254.16 3802.17
1314000 1270.48 1277.35 1258.53 3806.36
1316000 1275.82 1277.69 1262.95 3816.47
1318000 1273.91 1276.19 1265.21 3815.31
1320000 1274.35 1276.08 1261.42 3811.85
1322000 1276.81 1276.62 1263.02 3816.45
1324000 1281.02 1281.61 1262.24 3824.87
1326000 1282.07 1283.79 1262.16 3828.03
1328000 1282.31 1282.8 1268.95 3834.06
1330000 1285.52 1285.93 1270.2 3841.65
1332000 1289.49 1285.09 1274.32 3848.9
1334000 1291.71 1284.33 1280.77 3856.81
1336000 1296.09 1289.18 1284.09 3869.36
1338000 1295.3 1297.36 1288.22 3880.88
1340000 1298.71 1303.06 1288.81 3890.59
1342000 1301.84 1304.82 1289.54 3896.2
1344000 1304.83 1307.96 1290.62 3903.41
1346000 1306.39 1311.56 1290.07 3908.02
1348000 1303.53 1308.73 1291.5 3903.76
1350000 1302.82 1311.06 1296.75 3910.64
1352000 1298.57 1314.98 1299.09 3912.64
1354000 1299.23 1315.06 1298.72 3913.01
1356000 1302.43 1315.17 1298.77 3916.38
1358000 1304.17 1317.64 1297.36 3919.17
1360000 1303.9 1319.97 1299.34 3923.21
1362000 1306.5 1321.6 1300.69 3928.78
1364000 1306.85 1326.06 1299.93 3932.84
1366000 1310.17 1327.71 1304.17 3942.05
1368000 1312.98 1331.8 1305.77 3950.55
1370000 1316.78 1329.58 1305.15 3951.51
1372000 1317.34 1331.48 1300.67 3949.49
1374000 1319.25 1332.45 1302.81 3954.51
1376000 1322.02 1335.09 1307.36 3964.46
1378000 1323.41 1336.91 1312.19 3972.51
1380000 1321.99 1342.93 1314.46 3979.38
1382000 1319.92 1346.15 1320.87 3986.93
1384000 1319.62 1352.28 1315.8 3987.7
1386000 1322.68 1358.03 1318.36 3999.07
1388000 1325.29 1358.04 1321.1 4004.43
1390000 1329.84 1362.23 1321.32 4013.39
1392000 1325.93 1363.58 1321.11 4010.63
1394000 1327.46 1361.88 1324.72 4014.06
1396000 1330.95 1362.53 1325.24 4018.72
1398000 1338.12 1364.34 1331.76 4034.22
1400000 1339.02 1364.74 1339.99 4043.75
1402000 1339.61 1364.48 1341.54 4045.63
1404000 1344.22 1368.73 1344.85 4057.81
1406000 1349.15 1371.43 1344.96 4065.54
1408000 1350.35 1373.47 1346.25 4070.07
1410000 1352.36 1376.38 1350.54 4079.28
1412000 1351.8 1380.59 1349.14 4081.53
1414000 1355.68 1385.47 1345.91 4087.06
1416000 1356.72 1391.45 1348.06 4096.23
1418000 1359.59 1394.16 1351.24 4104.99
1420000 1356.91 1393.75 1358.32 4108.98
1422000 1356.69 1399.45 1362.89 4119.03
1424000 1359.87 1401.26 1369.6 4130.74
1426000 1360.26 1405.28 1376.95 4142.49
1428000 1363.11 1410.63 1378.59 4152.34
1430000 1364.14 1408.94 1384.59 4157.67
1432000 1364.99 1411.73 1382.22 4158.94
1434000 1369.9 1415.38 1382.18 4167.46
1436000 1372.22 1417.15 1379.96 4169.33
1438000 1369.91 1417.86 1385.54 4173.31
1440000 1368.76 1418.98 1388.51 4176.25
1442000 1371.03 1417.59 1391.72 4180.35
1444000 1371.79 1417.28 1394.15 4183.22
1446000 1374.81 1420.21 1393.38 4188.41
1448000 1377.08 1421.26 1395.28 4193.62
1450000 1381.38 1425.76 1394.24 4201.37
1452000 1384.99 1431.4 1394.81 4211.2
1454000 1385.07 1433.3 1393.83 4212.21
1456000 1389.12 1434.28 1399.29 4222.69
1458000 1389.26 1437.57 1399.45 4226.29
1460000 1398.49 1437.89 1408.42 4244.79
1462000 1397.33 1438.91 1408.46 4244.71
1464000 1397 1439.3 1412.39 4248.69
1466000 1398.08 1441.7 1418.08 4257.86
1468000 1399.3 1442.59 1420.78 4262.68
1470000 1401.41 1445.65 1421.62 4268.67
1472000 1402.68 1447.43 1423.44 4273.54
1474000 1405.56 1450.16 1426.13 4281.84
1476000 1404.68 1452.37 1429.52 4286.57
1478000 1406.39 1453.11 1434.06 4293.56
1480000 1410.76 1457.31 1434.1 4302.17
1482000 1409.44 1457.04 1432.78 4299.26
1484000 1410.38 1459.68 1438.44 4308.5
1486000 1411.76 1459.67 1442.76 4314.19
1488000 1415.88 1462.62 1442.63 4321.12
1490000 1420.5 1465.16 1450.91 4336.57
1492000 1421.8 1465.62 1452.64 4340.07
1494000 1424.2 1469.98 1458.41 4352.59
1496000 1427.79 1473.54 1457.9 4359.23
1498000 1433.17 1474.95 1459.01 4367.13
1500000 1435.87 1476.1 1462.07 4374.05
1502000 1438.72 1473.79 1464.6 4377.1
1504000 1443.29 1478.9 1471.34 4393.52
1506000 1444.4 1479.64 1473.71 4397.75
1508000 1448.33 1479.4 1475.4 4403.13
1510000 1453.65 1482.72 1477.97 4414.35
1512000 1452.91 1487.16 1479.93 4420
1514000 1451.85 1489.59 1482.36 4423.81
1516000 1451.71 1492.44 1482.54 4426.68
1518000 1450.25 1492.82 1487.19 4430.27
1520000 1446.64 1495.8 1484.04 4426.47
1522000 1449.37 1497.24 1487.04 4433.65
1524000 1452.84 1500.18 1491.56 4444.58
1526000 1452.44 1503.51 1489.73 4445.68
1528000 1456.48 1503.95 1491.79 4452.22
1530000 1460.08 1507.68 1496.76 4464.53
1532000 1461.42 1509.06 1495.94 4466.43
1534000 1463.28 1514.23 1503.36 4480.88
1536000 1465.96 1518.41 1501.78 4486.14
1538000 1469.98 1521.09 1505.67 4496.75
1540000 1469.43 1526.27 1512.82 4508.52
1542000 1474.9 1527.24 1511.45 4513.58
1544000 1472.89 1530.51 1511.21 4514.62
1546000 1471.76 1534.86 1511.85 4518.47
1548000 1471.42 1533.9 1509.47 4514.79
1550000 1473.84 1533.4 1507.65 4514.89
1552000 1471.75 1536.17 1502.83 4510.74
1554000 1478.56 1535.69 1500.48 4514.73
1556000 1480.49 1536.43 1504.23 4521.14
1558000 1481.36 1537.71 1507.39 4526.46
1560000 1482.56 1535.98 1504.58 4523.12
1562000 1485.79 1538.4 1512.3 4536.49
1564000 1486.68 1538.81 1514.75 4540.24
1566000 1493.74 1541.74 1515.77 4551.24
1568000 1493.6 1545.36 1516.31 4555.28
1570000 1494.45 1549.66 1516.1 4560.21
1572000 1499.06 1549.84 1514.18 4563.08
1574000 1505.11 1554.35 1519.19 4578.65
1576000 1505.36 1557.48 1521.28 4584.13
1578000 1510.58 1560.76 1528.46 4599.81
1580000 1510.92 1562.34 1530.55 4603.81
1582000 1508.63 1564.32 1533.99 4606.94
1584000 1511.16 1563.03 1535.58 4609.77
1586000 1512.25 1566.66 1538.28 4617.19
1588000 1512.1 1566.11 1543.68 4621.9
1590000 1513.13 1567.22 1542.73 4623.07
1592000 1506.14 1569.58 1543.63 4619.34
1594000 1508.7 1573.39 1543.99 4626.08
1596000 1508.66 1569.37 1545.81 4623.85
1598000 1509.92 1573.67 1544.83 4628.43
1600000 1510.94 1576.63 1546.59 4634.16
1602000 1516.71 1579.13 1552.87 4648.71
1604000 1515 1580.65 1554.18 4649.83
1606000 1514.67 1586.19 1558.02 4658.88
1608000 1518.92 1586.78 1557.37 4663.06
1610000 1519.45 1591.09 1561.35 4671.89
1612000 1520.39 1589.56 1562.33 4672.28
1614000 1516.75 1589.71 1567.48 4673.93
1616000 1516.82 1593.5 1572.82 4683.14
1618000 1519.51 1595.58 1572.43 4687.52
1620000 1519.1 1595.12 1576.11 4690.33
1622000 1520.19 1598.02 1580.95 4699.15
1624000 1519.46 1596.53 1581.15 4697.14
1626000 1517.54 1597.49 1582.88 4697.91
1628000 1519.98 1600.11 1582.9 4702.99
1630000 1519.5 1604.71 1583.94 4708.15
1632000 1519.19 1602.17 1582.56 4703.91
1634000 1522.84 1608.71 1583.81 4715.35
1636000 1519.57 1615.78 1584.47 4719.81
1638000 1527.63 1619.07 1586.47 4733.17
1640000 1528.17 1622.2 1589.66 4740.03
1642000 1529.39 1628.56 1586.12 4744.08
1644000 1531 1629.66 1585.82 4746.48
1646000 1528.93 1632.58 1592.2 4753.71
1648000 1528.69 1635.43 1590.61 4754.73
1650000 1535.12 1633.51 1588.32 4756.95
1652000 1538 1632.37 1595 4765.37
1654000 1541.03 1636.67 1596.5 4774.2
1656000 1545.67 1634.6 1597.91 4778.17
1658000 1537.64 1635.23 1600.6 4773.47
1660000 1539.65 1638.58 1602.84 4781.07
1662000 1542.28 1639.13 1604.24 4785.64
1664000 1539.75 1643.49 1608.68 4791.92
1666000 1539.85 1646.31 1609.57 4795.73
1668000 1542.61 1652.2 1607.78 4802.58
1670000 1545.71 1654.33 1608.56 4808.59
1672000 1544.81 1658.25 1609.86 4812.92
1674000 1544.18 1660.06 1611.71 4815.95
1676000 1550.05 1661.85 1614.81 4826.71
1678000 1556.02 1661.76 1613.86 4831.64
1680000 1555.61 1660.38 1613.12 4829.11
1682000 1558.78 1658.94 1614.76 4832.49
1684000 1561.51 1659.61 1619.82 4840.94
1686000 1561.88 1659.54 1621.98 4843.4
1688000 1565.83 1662.67 1619.33 4847.84
1690000 1568.18 1661.78 1619.87 4849.84
1692000 1569.71 1662.75 1618.75 4851.22
1694000 1572.1 1666.08 1622.15 4860.33
1696000 1571.96 1668.93 1618.62 4859.51
1698000 1570.65 1667.77 1618.55 4856.97
1700000 1571.61 1672 1620.05 4863.66
1702000 1572.24 1674.27 1625.66 4872.16
1704000 1572.69 1673.47 1625.87 4872.03
1706000 1571.76 1674.91 1625.19 4871.86
1708000 1573.35 1675.8 1630.23 4879.38
1710000 1572.89 1677.13 1633.42 4883.45
1712000 1580.62 1680.16 1631.65 4892.42
1714000 1583.22 1690.61 1630.33 4904.16
1716000 1584.05 1692.74 1626.46 4903.25
1718000 1584.07 1692.48 1626.19 4902.74
1720000 1588.72 1698.09 1625.82 4912.64
1722000 1590.34 1699.56 1624.32 4914.23
1724000 1590.85 1702.49 1627.56 4920.9
1726000 1593.42 1703.18 1627.84 4924.44
1728000 1592.04 1701.53 1631.36 4924.94
1730000 1588.82 1703.8 1634.05 4926.68
1732000 1592.36 1707 1631.66 4931.02
1734000 1594.31 1708.4 1634.47 4937.19
1736000 1596.53 1709.25 1632.68 4938.46
1738000 1598.86 1707.34 1636.81 4943
1740000 1604.93 1707.99 1642.42 4955.35
1742000 1606.75 1706.65 1640.73 4954.12
1744000 1608.64 1710.66 1647.09 4966.39
1746000 1613.45 1713.36 1644.3 4971.11
1748000 1613.83 1713.74 1643.84 4971.41
1750000 1614.54 1711.49 1643.86 4969.89
1752000 1612.87 1709.49 1650.32 4972.68
1754000 1615.98 1711.25 1653.94 4981.16
1756000 1620.07 1708.84 1656.58 4985.49
1758000 1620.79 1710.81 1653.67 4985.27
1760000 1622.71 1716.39 1658.42 4997.52
1762000 1625.86 1724.84 1660.29 5011
1764000 1630.38 1727.39 1661.47 5019.24
1766000 1637.11 1729.71 1662.62 5029.44
1768000 1637.24 1736.37 1666.3 5039.91
1770000 1643.53 1733.49 1667.65 5044.68
1772000 1645.78 1740.13 1666.87 5052.78
1774000 1643.63 1744.29 1671.34 5059.26
1776000 1644.15 1745.08 1671.16 5060.38
1778000 1643.41 1747.21 1674.07 5064.68
1780000 1644.7 1745.94 1678.55 5069.2
1782000 1638 1747.53 1679.94 5065.47
1784000 1642.83 1750.34 1678.19 5071.36
1786000 1643.16 1747.71 1678.07 5068.93
1788000 1646.24 1748.09 1675.82 5070.16
1790000 1644.97 1749.7 1678.47 5073.14
1792000 1648.41 1752.13 1680.75 5081.28
1794000 1649.97 1755.55 1686.94 5092.45
1796000 1654.93 1761.44 1689.98 5106.34
1798000 1651.56 1764.98 1688.92 5105.46
1800000 1652.5 1768.21 1688.71 5109.42
1802000 1655.24 1770.52 1689.36 5115.12
1804000 1662.97 1768.97 1692.56 5124.5
1806000 1664.09 1774.03 1697.65 5135.77
1808000 1663.82 1779.13 1696.11 5139.06
1810000 1667.23 1782.53 1697.97 5147.72
1812000 1671.79 1786.91 1701.14 5159.83
1814000 1675.68 1793.83 1707.26 5176.77
1816000 1677.8 1795.85 1710.45 5184.1
1818000 1677.64 1802.22 1711.67 5191.52
1820000 1674.07 1807.53 1712.44 5194.04
1822000 1672.69 1807.16 1709.59 5189.44
1824000 1671.34 1810.64 1711.28 5193.27
1826000 1676.16 1816.32 1712.9 5205.38
1828000 1677.38 1816.83 1714.08 5208.29
1830000 1681.27 1816.51 1712.81 5210.59
1832000 1684.83 1821.81 1714.25 5220.89
1834000 1683.3 1822.18 1713.01 5218.5
1836000 1685.84 1822.97 1713.09 5221.9
1838000 1689.07 1825.67 1708.4 5223.14
1840000 1687.43 1826.34 1709.07 5222.84
1842000 1692.32 1825.66 1710.76 5228.74
1844000 1691.31 1824.44 1706.69 5222.44
1846000 1698.39 1824.63 1709.11 5232.13
1848000 1695.66 1826.45 1714.04 5236.15
1850000 1696.94 1828.4 1715.45 5240.79
1852000 1702.97 1832.59 1714.47 5250.03
1854000 1698.6 1838.64 1713.68 5250.91
1856000 1695.04 1843.3 1720.99 5259.33
1858000 1699.16 1848.08 1723.4 5270.64
1860000 1694.92 1854.68 1720.92 5270.52
1862000 1690.22 1862.25 1722.44 5274.91
1864000 1693.82 1863.16 1727.76 5284.74
1866000 1698.46 1864.93 1724.38 5287.77
1868000 1698.76 1865.18 1723.78 5287.72
1870000 1702.92 1864.17 1727.86 5294.96
1872000 1704.71 1866.16 1732.6 5303.47
1874000 1709.33 1862.83 1735.5 5307.66
1876000 1715.54 1864.36 1735.48 5315.38
1878000 1719.33 1867.14 1737.09 5323.57
1880000 1721.21 1873.21 1741.18 5335.6
1882000 1725.64 1876.95 1743.48 5346.07
1884000 1721.52 1878.74 1744.3 5344.57
1886000 1721.84 1873.98 1750.11 5345.93
1888000 1725.4 1875.66 1750.65 5351.72
1890000 1726.78 1877.38 1751.79 5355.94
1892000 1731.51 1882.15 1755.84 5369.49
1894000 1733.42 1882.72 1756.68 5372.82
1896000 1732.34 1878.71 1760.74 5371.79
1898000 1732.54 1883.73 1768.01 5384.28
1900000 1739.77 1886.59 1771.32 5397.68
1902000 1740.03 1893.9 1772.58 5406.5
1904000 1740.79 1891.87 1774.04 5406.71
1906000 1741.49 1895.82 1775.69 5413
1908000 1743.24 1893.26 1780.51 5417.01
1910000 1746.35 1896.94 1783.44 5426.73
1912000 1749.42 1901.51 1784.31 5435.24
1914000 1754.83 1906.37 1788.66 5449.86
1916000 1757.11 1908.14 1788.64 5453.89
1918000 1758.66 1908.61 1789.13 5456.4
1920000 1764.59 1905 1794.29 5463.88
1922000 1766.93 1907.26 1793.59 5467.78
1924000 1771.48 1908.5 1799.24 5479.22
1926000 1770.01 1911.6 1801.67 5483.28
1928000 1775 1913.65 1802.17 5490.81
1930000 1775.77 1911.97 1807.4 5495.13
1932000 1777.74 1913.72 1812.84 5504.3
1934000 1778.94 1920.21 1821.16 5520.31
1936000 1781.68 1919.93 1828.66 5530.27
1938000 1787.86 1919.99 1824.93 5532.78
1940000 1789.68 1922.87 1827.34 5539.88
1942000 1787.77 1925.43 1829.78 5542.98
1944000 1787.14 1932.3 1826.53 5545.97
1946000 1783.68 1941.09 1830.18 5554.95
1948000 1782.59 1943.62 1835.05 5561.25
1950000 1783.9 1943.42 1837.35 5564.67
1952000 1791.57 1949.27 1844.6 5585.45
1954000 1796.07 1949.32 1847.01 5592.4
1956000 1800.36 1951.37 1847.23 5598.96
1958000 1799.58 1952.36 1845.58 5597.52
1960000 1801.5 1952.34 1848.38 5602.23
1962000 1803.19 1953.75 1846.46 5603.39
1964000 1807.57 1954.34 1846.94 5608.84
1966000 1809.55 1954.46 1852.56 5616.58
1968000 1811.94 1959.1 1851.88 5622.92
1970000 1814.48 1963.47 1860.24 5638.2
1972000 1809.72 1962.81 1861.24 5633.77
1974000 1809.54 1965.24 1863.56 5638.34
1976000 1813.49 1967.22 1864.29 5645
1978000 1814.88 1966.25 1867.81 5648.93
1980000 1815.57 1963.33 1868 5646.89
1982000 1819.17 1964.72 1863.53 5647.42
1984000 1816.29 1966.44 1865.92 5648.66
1986000 1820.58 1968.2 1869.45 5658.23
1988000 1821.45 1970.71 1871.3 5663.47
1990000 1821.81 1971.5 1872.26 5665.58
1992000 1823.17 1969.02 1875.19 5667.38
1994000 1825.33 1968.11 1878.19 5671.62
1996000 1827.22 1969.26 1880.12 5676.61
1998000 1830.64 1969.29 1881.77 5681.7
2000000 1827.93 1970.22 1876.69 5674.84
