# integrated auto-correlation of: jx jy jz avg
0 0 0 0 0
0.00502008 0.00163955 0.00162238 0.00164802 0.00163665
0.0100402 0.00316005 0.0031253 0.00317657 0.00315397
0.0150602 0.00449302 0.00444006 0.00451669 0.00448325
0.0200803 0.00563007 0.00555839 0.00565977 0.00561608
0.0251004 0.00659896 0.00650851 0.00663373 0.0065804
0.0301205 0.00743687 0.0073282 0.00747632 0.0074138
0.0351406 0.00817643 0.00805066 0.0082208 0.0081493
0.0401606 0.00884234 0.00870101 0.00889228 0.00881187
0.0451807 0.0094525 0.00929726 0.00950849 0.00941942
0.0502008 0.0100195 0.00985173 0.0100813 0.00998416
0.0552209 0.0105515 0.0103721 0.0106176 0.0105137
0.060241 0.0110535 0.0108625 0.0111212 0.0110124
0.065261 0.0115283 0.0113259 0.0115943 0.0114828
0.0702811 0.0119784 0.0117646 0.0120395 0.0119275
0.0753012 0.0124065 0.0121823 0.0124601 0.0123496
0.0803213 0.0128159 0.0125826 0.0128601 0.0127529
0.0853414 0.01321 0.0129694 0.0132439 0.0131411
0.0903614 0.0135922 0.0133456 0.013615 0.0135176
0.0953815 0.0139652 0.0137129 0.0139763 0.0138848
0.100402 0.0143305 0.0140716 0.0143289 0.0142437
0.105422 0.0146884 0.0144213 0.0146728 0.0145942
0.110442 0.015038 0.0147613 0.0150074 0.0149356
0.115462 0.0153782 0.0150908 0.015332 0.015267
0.120482 0.0157078 0.0154098 0.0156463 0.015588
0.125502 0.0160266 0.0157188 0.0159506 0.0158987
0.130522 0.0163349 0.0160187 0.0162456 0.0161997
0.135542 0.0166336 0.0163101 0.016532 0.0164919
0.140562 0.0169238 0.0165936 0.0168101 0.0167758
0.145582 0.0172066 0.0168696 0.0170802 0.0170521
0.150602 0.0174825 0.0171384 0.0173423 0.017321
0.155622 0.0177516 0.0174005 0.0175965 0.0175829
0.160643 0.0180141 0.0176562 0.0178431 0.0178378
0.165663 0.0182698 0.017906 0.0180824 0.0180861
0.170683 0.0185189 0.0181504 0.0183152 0.0183282
0.175703 0.0187621 0.0183896 0.018542 0.0185646
0.180723 0.019 0.018624 0.0187635 0.0187958
0.185743 0.0192329 0.0188532 0.0189797 0.0190219
0.190763 0.0194609 0.0190769 0.0191906 0.0192428
0.195783 0.0196837 0.0192947 0.0193962 0.0194582
0.200803 0.0199012 0.0195067 0.0195966 0.0196681
0.205823 0.0201128 0.0197133 0.0197918 0.0198726
0.210843 0.0203183 0.0199149 0.019982 0.0200718
0.215863 0.0205175 0.0201115 0.0201674 0.0202655
0.220884 0.0207103 0.0203031 0.0203483 0.0204539
0.225904 0.0208971 0.0204896 0.0205246 0.0206371
0.230924 0.0210784 0.0206714 0.0206963 0.0208154
0.235944 0.0212551 0.0208487 0.0208634 0.0209891
0.240964 0.0214277 0.0210219 0.0210258 0.0211585
0.245984 0.0215969 0.0211906 0.021184 0.0213238
0.251004 0.0217629 0.0213546 0.0213384 0.0214853
0.256024 0.0219262 0.0215137 0.0214895 0.0216431
0.261044 0.0220867 0.0216676 0.0216378 0.0217974
0.266064 0.0222441 0.0218161 0.021784 0.021948
0.271084 0.022398 0.0219591 0.0219285 0.0220952
0.276104 0.0225478 0.0220972 0.0220719 0.0222389
0.281124 0.0226929 0.022231 0.022214 0.0223793
0.286145 0.0228333 0.0223614 0.0223547 0.0225165
0.291165 0.0229691 0.0224889 0.0224938 0.0226506
0.296185 0.0231008 0.0226138 0.0226309 0.0227818
0.301205 0.023229 0.022736 0.0227657 0.0229102
0.306225 0.0233545 0.0228554 0.022898 0.023036
0.311245 0.0234777 0.0229719 0.0230277 0.0231591
0.316265 0.0235987 0.0230858 0.0231549 0.0232798
0.321285 0.0237175 0.0231974 0.0232794 0.0233981
0.326305 0.0238339 0.0233069 0.0234017 0.0235142
0.331325 0.0239479 0.0234146 0.0235221 0.0236282
0.336345 0.0240592 0.0235205 0.0236406 0.0237401
0.341365 0.024168 0.0236251 0.0237574 0.0238502
0.346386 0.0242744 0.0237286 0.0238724 0.0239585
0.351406 0.0243785 0.0238309 0.0239853 0.0240649
0.356426 0.0244801 0.0239322 0.0240957 0.0241693
0.361446 0.0245789 0.0240321 0.0242036 0.0242715
0.366466 0.0246745 0.0241303 0.024309 0.0243713
0.371486 0.0247667 0.0242263 0.0244124 0.0244684
0.376506 0.0248553 0.0243195 0.0245142 0.024563
0.381526 0.0249409 0.0244099 0.0246149 0.0246552
0.386546 0.0250239 0.0244975 0.0247144 0.0247453
0.391566 0.0251049 0.0245824 0.0248128 0.0248334
0.396586 0.0251843 0.0246648 0.0249099 0.0249197
0.401606 0.0252616 0.0247445 0.0250057 0.0250039
0.406627 0.0253364 0.0248213 0.0251003 0.025086
0.411647 0.0254082 0.0248953 0.0251938 0.0251657
0.416667 0.0254768 0.0249667 0.0252864 0.0252433
0.421687 0.0255426 0.0250359 0.0253782 0.0253189
0.426707 0.0256064 0.0251037 0.0254688 0.025393
0.431727 0.0256688 0.0251706 0.0255576 0.0254657
0.436747 0.0257299 0.0252368 0.0256442 0.025537
0.441767 0.0257897 0.0253023 0.0257283 0.0256068
0.446787 0.025848 0.0253669 0.0258095 0.0256748
0.451807 0.0259045 0.0254306 0.0258881 0.0257411
0.456827 0.0259591 0.0254934 0.0259643 0.0258056
0.461847 0.0260122 0.0255553 0.0260384 0.0258686
0.466867 0.0260638 0.0256165 0.0261111 0.0259305
0.471888 0.0261143 0.0256771 0.0261829 0.0259914
0.476908 0.0261636 0.0257373 0.0262543 0.0260518
0.481928 0.026212 0.0257971 0.0263261 0.0261117
0.486948 0.0262595 0.0258566 0.0263988 0.0261716
0.491968 0.0263062 0.0259162 0.0264727 0.0262317
0.496988 0.0263519 0.0259759 0.026548 0.0262919
0.502008 0.0263962 0.0260355 0.0266245 0.0263521
0.507028 0.0264386 0.0260949 0.0267014 0.0264116
0.512048 0.0264789 0.0261535 0.0267783 0.0264703
0.517068 0.0265174 0.0262114 0.0268546 0.0265278
0.522088 0.0265543 0.0262686 0.02693 0.0265843
0.527108 0.0265902 0.0263251 0.0270044 0.0266399
0.532129 0.0266253 0.0263807 0.0270778 0.0266946
0.537149 0.0266599 0.0264353 0.0271501 0.0267485
0.542169 0.0266943 0.0264883 0.0272211 0.0268012
0.547189 0.0267282 0.0265398 0.0272902 0.0268527
0.552209 0.0267615 0.0265899 0.0273572 0.0269029
0.557229 0.026794 0.0266393 0.0274219 0.0269518
0.562249 0.0268255 0.0266886 0.0274845 0.0269995
0.567269 0.0268557 0.0267379 0.0275451 0.0270462
0.572289 0.0268845 0.0267872 0.0276039 0.0270919
0.577309 0.0269119 0.026836 0.0276612 0.0271364
0.582329 0.0269378 0.0268842 0.027717 0.0271797
0.587349 0.0269622 0.0269318 0.0277717 0.0272219
0.592369 0.0269852 0.0269786 0.0278256 0.0272631
0.59739 0.0270068 0.0270249 0.027879 0.0273036
0.60241 0.0270271 0.0270707 0.0279321 0.0273433
0.60743 0.0270463 0.0271162 0.0279847 0.0273824
0.61245 0.0270648 0.0271615 0.028036 0.0274208
0.61747 0.0270829 0.0272066 0.0280856 0.0274583
0.62249 0.0271008 0.0272508 0.0281328 0.0274948
0.62751 0.0271183 0.0272935 0.0281774 0.0275297
0.63253 0.0271348 0.0273343 0.028219 0.0275627
0.63755 0.0271499 0.0273729 0.0282576 0.0275934
0.64257 0.0271633 0.0274093 0.0282932 0.0276219
0.64759 0.0271751 0.027444 0.0283262 0.0276484
0.65261 0.0271855 0.0274772 0.0283572 0.0276733
0.657631 0.0271949 0.0275094 0.0283866 0.027697
0.662651 0.0272036 0.0275407 0.0284152 0.0277198
0.667671 0.0272121 0.0275714 0.0284434 0.0277423
0.672691 0.0272211 0.0276019 0.0284718 0.0277649
0.677711 0.0272309 0.0276324 0.0285003 0.0277879
0.682731 0.0272421 0.0276629 0.0285291 0.0278114
0.687751 0.0272545 0.0276932 0.0285581 0.0278353
0.692771 0.0272681 0.0277228 0.0285871 0.0278593
0.697791 0.0272829 0.0277514 0.028616 0.0278834
0.702811 0.0272991 0.0277789 0.0286447 0.0279076
0.707831 0.0273166 0.0278053 0.028673 0.0279316
0.712851 0.0273356 0.0278309 0.0287004 0.0279556
0.717871 0.0273557 0.0278557 0.0287269 0.0279795
0.722892 0.0273767 0.0278801 0.0287527 0.0280032
0.727912 0.0273978 0.0279041 0.0287778 0.0280266
0.732932 0.0274189 0.0279275 0.0288022 0.0280495
0.737952 0.0274395 0.0279501 0.0288257 0.0280718
0.742972 0.0274599 0.0279716 0.0288481 0.0280932
0.747992 0.02748 0.027992 0.0288695 0.0281139
0.753012 0.0274997 0.0280115 0.0288903 0.0281339
0.758032 0.0275189 0.0280301 0.0289109 0.0281533
0.763052 0.0275369 0.0280477 0.0289319 0.0281722
0.768072 0.0275535 0.0280641 0.0289536 0.0281904
0.773092 0.0275686 0.0280794 0.0289762 0.0282081
0.778112 0.0275826 0.0280936 0.0289994 0.0282252
0.783133 0.0275959 0.0281071 0.0290231 0.028242
0.788153 0.0276089 0.0281206 0.029047 0.0282588
0.793173 0.027622 0.0281345 0.0290707 0.0282757
0.798193 0.0276351 0.0281493 0.0290939 0.0282927
0.803213 0.027648 0.028165 0.0291164 0.0283098
0.808233 0.0276605 0.0281815 0.0291384 0.0283268
0.813253 0.0276727 0.0281986 0.0291603 0.0283439
0.818273 0.0276848 0.0282161 0.0291823 0.0283611
0.823293 0.0276971 0.0282338 0.0292045 0.0283785
0.828313 0.0277094 0.0282516 0.0292265 0.0283958
0.833333 0.0277215 0.0282694 0.0292482 0.0284131
0.838353 0.027733 0.0282876 0.0292693 0.02843
0.843373 0.027744 0.0283063 0.0292896 0.0284466
0.848394 0.0277544 0.0283258 0.0293093 0.0284632
0.853414 0.0277644 0.0283462 0.0293287 0.0284797
0.858434 0.0277735 0.0283671 0.029348 0.0284962
0.863454 0.0277817 0.0283876 0.0293679 0.0285124
0.868474 0.0277888 0.028407 0.0293888 0.0285282
0.873494 0.0277949 0.0284249 0.0294111 0.0285436
0.878514 0.0278 0.0284409 0.0294355 0.0285588
0.883534 0.0278038 0.028455 0.0294621 0.0285737
0.888554 0.027806 0.0284674 0.0294911 0.0285882
0.893574 0.0278066 0.0284783 0.0295219 0.0286023
0.898594 0.0278064 0.028488 0.0295541 0.0286162
0.903614 0.0278061 0.028497 0.0295874 0.0286302
0.908635 0.0278066 0.0285053 0.0296214 0.0286445
0.913655 0.0278081 0.0285134 0.0296559 0.0286591
0.918675 0.0278106 0.0285215 0.02969 0.028674
0.923695 0.027814 0.02853 0.0297228 0.0286889
0.928715 0.0278181 0.0285391 0.0297538 0.0287037
0.933735 0.0278231 0.0285489 0.0297824 0.0287181
0.938755 0.0278286 0.0285591 0.0298088 0.0287322
0.943775 0.0278343 0.0285692 0.0298331 0.0287456
0.948795 0.0278402 0.0285789 0.0298557 0.0287583
0.953815 0.0278463 0.0285881 0.0298769 0.0287704
0.958835 0.027853 0.0285967 0.0298975 0.0287824
0.963855 0.0278606 0.0286048 0.0299182 0.0287945
0.968876 0.0278694 0.0286124 0.0299398 0.0288072
0.973896 0.0278793 0.0286194 0.0299627 0.0288204
0.978916 0.02789 0.0286258 0.029987 0.0288343
0.983936 0.0279013 0.028632 0.0300125 0.0288486
0.988956 0.0279131 0.028638 0.0300386 0.0288632
0.993976 0.0279251 0.0286437 0.0300646 0.0288778
0.998996 0.027937 0.0286488 0.0300902 0.028892
1.00402 0.0279484 0.0286527 0.0301151 0.0289054
1.00904 0.027959 0.0286546 0.030139 0.0289176
1.01406 0.0279682 0.0286543 0.030162 0.0289282
1.01908 0.0279756 0.0286517 0.030184 0.0289371
1.0241 0.027981 0.028647 0.0302056 0.0289445
1.02912 0.0279844 0.0286405 0.0302271 0.0289507
1.03414 0.0279863 0.0286329 0.0302485 0.0289559
1.03916 0.0279869 0.0286247 0.0302693 0.0289603
1.04418 0.0279869 0.0286163 0.0302889 0.028964
1.0492 0.0279865 0.0286083 0.0303066 0.0289671
1.05422 0.0279857 0.0286011 0.0303219 0.0289696
1.05924 0.0279843 0.0285949 0.0303352 0.0289715
1.06426 0.0279822 0.0285898 0.0303473 0.0289731
1.06928 0.0279796 0.0285853 0.0303591 0.0289747
1.0743 0.0279771 0.0285809 0.0303714 0.0289764
1.07932 0.0279751 0.0285757 0.0303847 0.0289785
1.08434 0.0279739 0.0285694 0.030399 0.0289808
1.08936 0.0279736 0.0285623 0.0304142 0.0289834
1.09438 0.0279742 0.028555 0.0304297 0.0289863
1.0994 0.0279753 0.0285482 0.030445 0.0289895
1.10442 0.027977 0.0285423 0.0304597 0.028993
1.10944 0.0279792 0.0285373 0.0304735 0.0289967
1.11446 0.0279821 0.0285332 0.0304864 0.0290006
1.11948 0.027986 0.0285298 0.0304985 0.0290048
1.1245 0.0279911 0.0285269 0.0305096 0.0290092
1.12952 0.0279971 0.0285244 0.03052 0.0290138
1.13454 0.0280034 0.0285223 0.03053 0.0290186
1.13956 0.0280093 0.0285207 0.0305397 0.0290232
1.14458 0.0280144 0.0285194 0.0305493 0.0290277
1.1496 0.0280184 0.0285186 0.0305586 0.0290319
1.15462 0.0280214 0.0285182 0.0305681 0.0290359
1.15964 0.0280239 0.0285178 0.0305784 0.02904
1.16466 0.0280262 0.0285174 0.0305898 0.0290445
1.16968 0.0280285 0.0285171 0.0306024 0.0290493
1.1747 0.0280308 0.0285173 0.0306159 0.0290546
1.17972 0.0280326 0.0285185 0.03063 0.0290604
1.18474 0.0280338 0.0285213 0.0306443 0.0290665
1.18976 0.0280342 0.0285261 0.0306587 0.029073
1.19478 0.0280339 0.028533 0.030673 0.02908
1.1998 0.0280331 0.028542 0.0306868 0.0290873
1.20482 0.0280321 0.0285525 0.0306999 0.0290948
1.20984 0.0280313 0.0285641 0.0307123 0.0291026
1.21486 0.0280312 0.0285762 0.0307238 0.0291104
1.21988 0.0280323 0.0285885 0.0307348 0.0291185
1.2249 0.0280348 0.0286008 0.0307451 0.0291269
1.22992 0.028039 0.0286131 0.0307549 0.0291357
1.23494 0.0280447 0.0286256 0.0307641 0.0291448
1.23996 0.0280514 0.0286382 0.0307723 0.029154
1.24498 0.0280586 0.0286509 0.0307791 0.0291629
1.25 0.0280655 0.0286638 0.030784 0.0291711
