# Time-averaged data for fix savemsd
# TimeStep c_msd[1] c_msd[2] c_msd[3] c_msd[4]
0 1.82607e-33 5.44716e-30 3.50605e-30 8.95503e-30
2000 0.829916 0.923914 0.828622 2.58245
4000 1.70811 1.6795 1.56304 4.95065
6000 2.71177 2.60154 2.42542 7.73873
8000 3.44357 3.77865 3.46227 10.6845
10000 4.4821 4.83998 4.38063 13.7027
12000 5.25272 5.53783 5.37212 16.1627
14000 5.88461 5.8615 6.22578 17.9719
16000 6.46389 6.30041 6.95977 19.7241
18000 6.92517 7.14015 7.6405 21.7058
20000 7.7373 8.00994 8.21498 23.9622
22000 8.28216 8.95639 9.08903 26.3276
24000 9.03483 9.72072 10.1396 28.8952
26000 9.65302 10.3411 10.6636 30.6577
28000 10.2264 11.0865 11.4607 32.7736
30000 11.2631 11.8668 12.3006 35.4305
32000 11.914 12.8095 12.9873 37.7108
34000 12.9233 13.7064 13.5935 40.2232
36000 13.4057 13.8657 14.2033 41.4747
38000 14.1908 15.0306 14.734 43.9554
40000 15.065 15.7862 15.3142 46.1654
42000 16.1027 16.9737 16.2501 49.3265
44000 17.2675 18.4189 16.9189 52.6053
46000 18.0323 19.2177 17.3978 54.6478
48000 18.9291 19.4935 18.0702 56.4928
50000 20.0816 20.7609 18.7682 59.6107
52000 21.3656 22.1799 19.6272 63.1728
54000 21.5888 22.9865 20.5416 65.1169
56000 22.3774 23.5445 21.2028 67.1247
58000 23.3968 24.0599 21.9814 69.4381
60000 24.2632 24.83 23.0294 72.1226
62000 25.1201 25.7496 23.9565 74.8262
64000 25.3503 26.3118 24.5748 76.2369
66000 26.589 27.0665 25.5463 79.2019
68000 27.6782 28.0861 25.734 81.4984
70000 28.4081 28.308 26.5448 83.2609
72000 29.4914 28.8978 27.4977 85.8869
74000 30.2303 29.8023 28.6615 88.6941
76000 31.1385 30.98 29.5623 91.6808
78000 32.0607 31.8555 30.6666 94.5827
80000 32.9043 32.5934 31.5784 97.0761
82000 33.782 33.1921 32.5632 99.5373
84000 34.5678 34.0868 33.6493 102.304
86000 34.8979 34.4972 34.3284 103.723
88000 36.2822 35.3929 35.1014 106.776
90000 36.8366 36.0546 35.8234 108.715
92000 38.2253 37.2242 36.4898 111.939
94000 39.016 38.1674 37.8917 115.075
96000 39.863 38.7522 38.6829 117.298
98000 40.7937 39.4534 40.0777 120.325
100000 41.7388 39.9926 40.4979 122.229
102000 42.4117 40.9145 40.9732 124.299
104000 43.013 41.7352 42.0172 126.765
106000 43.4851 42.8008 42.4895 128.775
108000 44.2468 43.1592 43.4066 130.813
110000 45.307 43.9353 44.7712 134.014
112000 45.3578 44.7801 45.6869 135.825
114000 45.9471 45.5577 46.4873 137.992
116000 46.8431 46.5448 47.4437 140.832
118000 47.6637 48.2729 47.9873 143.924
120000 48.5532 49.3987 49.4628 147.415
122000 48.7548 50.2927 49.9008 148.948
124000 49.2539 51.1252 50.4805 150.86
126000 50.3926 52.4713 51.4761 154.34
128000 50.9059 53.1797 52.2612 156.347
130000 51.2875 53.4639 52.97 157.721
132000 52.67 54.4852 53.2239 160.379
134000 53.9844 55.8379 53.8484 163.671
136000 54.6331 56.8384 54.6831 166.155
138000 55.1296 57.5142 55.1979 167.842
140000 56.6643 59.207 56.5966 172.468
142000 57.0652 59.4443 57.009 173.519
144000 57.9936 60.4551 57.4669 175.916
146000 58.1199 61.3437 58.4033 177.867
148000 58.5727 62.4367 59.5347 180.544
150000 59.5834 63.2306 60.4101 183.224
152000 60.9747 63.995 61.8551 186.825
154000 61.6773 65.2935 62.376 189.347
156000 62.6692 66.4042 63.245 192.318
158000 62.9463 66.4865 64.1982 193.631
160000 63.6978 66.8511 65.5643 196.113
162000 64.683 67.7053 66.2063 198.595
164000 65.6641 68.42 67.2155 201.3
166000 66.7246 68.9425 68.3558 204.023
168000 67.5625 69.7264 69.6359 206.925
170000 68.5034 71.1785 70.4928 210.175
172000 69.2323 71.695 70.7102 211.637
174000 70.0049 72.6602 71.6597 214.325
176000 70.3723 73.5192 71.9956 215.887
178000 70.9536 74.144 73.1508 218.248
180000 72.2342 74.7595 72.8059 219.8
182000 73.6647 75.4581 73.5049 222.628
184000 74.7455 76.4711 75.8076 227.024
186000 76.3037 77.1856 76.7056 230.195
188000 76.95 78.421 77.3018 232.673
190000 77.8573 79.3279 78.0249 235.21
192000 79.1796 79.9906 78.6885 237.859
194000 79.3443 80.7855 79.3441 239.474
196000 80.1561 81.7285 80.1657 242.05
198000 80.971 82.4594 80.8877 244.318
200000 82.109 83.4609 82.2715 247.841
202000 83.4532 84.0299 82.7647 250.248
204000 83.8204 84.9726 83.0577 251.851
206000 85.2499 85.6772 83.9323 254.859
208000 87.0887 85.8288 84.3221 257.24
210000 87.3069 86.5846 84.7515 258.643
212000 87.5203 86.5489 85.8279 259.897
214000 88.6551 87.2817 87.6449 263.582
216000 90.1682 88.5939 88.574 267.336
218000 90.3672 89.3673 89.2128 268.947
220000 91.4362 91.253 90.0636 272.753
222000 92.3184 91.4347 89.8522 273.605
224000 92.6338 92.7341 90.4367 275.805
226000 93.6859 93.6285 91.1736 278.488
228000 94.7681 94.6444 92.213 281.626
230000 95.118 95.1134 93.5342 283.766
232000 96.0778 95.7459 94.148 285.972
234000 97.6063 96.7046 94.6592 288.97
236000 98.4314 96.9566 95.205 290.593
238000 98.8639 97.4819 95.6688 292.015
240000 100.491 98.0987 96.6448 295.234
242000 101.373 98.5466 96.5602 296.48
244000 102.483 98.5431 98.4306 299.457
246000 103.955 99.4514 99.2475 302.654
248000 105.088 100.041 100.636 305.765
250000 105.341 100.5 100.487 306.328
252000 106.688 101.356 101.456 309.5
254000 107.755 102.386 102.67 312.811
256000 109.056 102.989 103.063 315.108
258000 110.628 104.054 103.772 318.455
260000 111.649 103.895 105.415 320.958
262000 112.079 104.49 107.127 323.697
264000 113.383 106.046 107.625 327.053
266000 113.528 106.466 108.027 328.021
268000 114.823 107.134 108.601 330.558
270000 116.452 107.779 108.274 332.506
272000 117.083 108.658 108.774 334.515
274000 118.623 109.472 109.372 337.466
276000 119.487 110.719 109.522 339.728
278000 120.838 111.787 110.289 342.914
280000 121.794 112.446 112.209 346.449
282000 122.382 112.555 113.338 348.275
284000 123.684 113.258 113.968 350.91
286000 124.202 113.164 113.918 351.284
288000 125.72 113.776 115.351 354.848
290000 127.058 114.219 116.331 357.608
292000 127.371 114.93 116.178 358.479
294000 128.689 115.449 117.549 361.687
296000 129.73 116.716 118.773 365.219
298000 130.204 117.988 120.177 368.369
300000 131.194 118.848 120.609 370.651
302000 131.567 118.292 121.111 370.97
304000 132.72 118.982 121.594 373.296
306000 133.074 119.586 123.113 375.773
308000 133.854 120.787 124.33 378.971
310000 134.765 121.264 125.051 381.08
312000 135.387 122.954 126.183 384.525
314000 136.504 124.291 127.502 388.296
316000 137.373 124.118 127.556 389.046
318000 139.122 124.8 128.902 392.824
320000 140.235 125.998 129.72 395.954
322000 141.968 126.382 130.16 398.51
324000 142.109 127.881 131.852 401.842
326000 144.554 128.67 132.262 405.487
328000 145.577 130.009 134.192 409.778
330000 146.863 130.534 134.885 412.282
332000 147.512 130.581 135.082 413.175
334000 148.483 130.652 135.943 415.078
336000 148.895 131.893 136.479 417.267
338000 149.417 133.226 137.27 419.913
340000 150.841 134.233 137.543 422.617
342000 151.505 135.488 137.979 424.972
344000 153.09 136.304 139.201 428.595
346000 154.678 137.431 140.761 432.87
348000 154.134 137.534 141.095 432.763
350000 155.854 138.702 142.147 436.703
352000 156.127 139.1 142.997 438.225
354000 155.852 139.647 144.01 439.508
356000 156.819 140.075 145.026 441.92
358000 157.54 141.099 145.097 443.737
360000 158.281 141.166 145.069 444.516
362000 159.354 141.44 145.727 446.521
364000 160.066 142.235 147.994 450.295
366000 160.69 142.954 148.39 452.034
368000 160.884 144.357 148.589 453.831
370000 161.541 144.722 149.247 455.509
372000 161.893 145.285 150.173 457.351
374000 162.463 146.892 150.611 459.966
376000 163.267 146.657 151.361 461.285
378000 164.144 148.551 152.051 464.746
380000 165.651 148.458 153.911 468.02
382000 166.326 148.963 154.196 469.485
384000 167.523 150.089 155.027 472.64
386000 169.243 149.631 155.532 474.406
388000 169.952 150.876 156.476 477.304
390000 171.447 152.224 158.082 481.753
392000 172.025 152.857 159.034 483.916
394000 173.619 154.299 158.44 486.358
396000 173.813 155.047 158.404 487.264
398000 175.081 156.232 159.228 490.54
400000 175.363 156.96 160.827 493.15
402000 175.481 157.83 160.876 494.187
404000 176.8 158.265 163.164 498.229
406000 177.301 159.218 163.093 499.613
408000 177.982 159.623 162.984 500.589
410000 178.679 159.993 163.535 502.207
412000 178.765 160.311 163.773 502.849
414000 179.794 162.583 164.754 507.131
416000 181.197 163.903 166.357 511.456
418000 181.714 164.985 167.111 513.81
420000 181.964 164.376 167.868 514.208
422000 183.393 165.267 168.694 517.355
424000 185.164 166.068 170.354 521.586
426000 185.234 167.722 170.631 523.587
428000 185.78 167.552 171.961 525.294
430000 187.126 169.094 173.066 529.285
432000 188.78 168.787 173.289 530.856
434000 189.373 169.059 173.018 531.45
436000 189.575 170.015 172.726 532.316
438000 189.61 170.377 174.526 534.513
440000 189.833 171.192 174.742 535.767
442000 190.509 172.614 175.972 539.094
444000 191.327 172.174 176.422 539.923
446000 192.613 173.49 175.975 542.079
448000 193.222 174.547 177.58 545.349
450000 194.295 175.268 179.043 548.605
452000 194.101 176.018 180.159 550.278
454000 194.235 176.108 180.415 550.758
456000 195.239 177.03 181.525 553.795
458000 196.125 178.295 182.74 557.16
460000 196.515 178.071 182.919 557.505
462000 198.358 179.666 184.548 562.572
464000 198.735 181.114 184.523 564.373
466000 199.734 181.859 185.259 566.853
468000 201.02 182.84 186.818 570.677
470000 201.791 183.31 188.898 573.999
472000 203.126 182.742 189.892 575.76
474000 203.179 183.929 191.689 578.797
476000 204.74 185.2 192.594 582.533
478000 206.696 185.761 193.344 585.801
480000 207.39 187.051 194.158 588.599
482000 208.302 187.741 194.975 591.018
484000 208.849 187.532 195.265 591.646
486000 209.704 188.309 196.351 594.364
488000 211.607 188.392 197.174 597.172
490000 212.018 189.283 198.39 599.691
492000 213.356 189.09 200.61 603.056
494000 214.817 189.758 200.523 605.099
496000 216.854 190.42 201.477 608.751
498000 217.706 190.665 202.783 611.154
500000 218.464 192.082 203.163 613.709
502000 220.5 192.555 204.698 617.753
504000 221.981 193.245 205.097 620.323
506000 221.853 192.625 206.133 620.612
508000 222.422 194.055 206.021 622.499
510000 223.389 194.401 207.484 625.274
512000 224.588 195.613 209.178 629.379
514000 225.385 195.986 210.855 632.226
516000 225.846 196.736 210.843 633.425
518000 225.864 197.421 212.286 635.571
520000 226.745 199.026 215.086 640.857
522000 227.755 199.163 215.837 642.755
524000 229.427 200.613 218.064 648.103
526000 229.157 201.983 218.598 649.738
528000 229.325 203.38 219.111 651.816
530000 229.997 204.272 219.1 653.368
532000 230.757 205.511 220.272 656.54
534000 231.561 205.9 220.316 657.777
536000 232.556 206.468 221.796 660.819
538000 234.068 207.255 224.289 665.612
540000 233.17 208.448 224.68 666.298
542000 234.535 209.785 226.149 670.469
544000 235.265 211.741 227.312 674.318
546000 236.007 211.684 228.392 676.083
548000 237.773 213.047 228.483 679.303
550000 238.941 214.121 229.073 682.135
552000 239.554 215.935 231.148 686.637
554000 241.211 217.108 231.185 689.504
556000 242.626 218.13 232.18 692.936
558000 244.314 219 232.204 695.518
560000 243.636 220.114 232.11 695.86
562000 244.564 220.804 234.166 699.533
564000 244.329 222.339 234.696 701.364
566000 245.83 223.326 236.54 705.697
568000 246.835 223.41 238.074 708.319
570000 247.069 226.006 240.055 713.13
572000 247.621 227.11 240.282 715.013
574000 248.34 229.107 240.813 718.26
576000 248.796 229.614 241.303 719.713
578000 248.375 230.91 240.964 720.249
580000 250.096 231.236 242.138 723.47
582000 249.811 231.976 244.123 725.91
584000 251.105 232.498 245.62 729.223
586000 251.902 233.388 245.676 730.966
588000 252.931 233.78 247.898 734.609
590000 252.978 234.341 248.908 736.226
592000 253.825 235.884 251.044 740.752
594000 254.774 235.616 251.411 741.801
596000 254.434 235.84 252.329 742.603
598000 255.247 237.605 253.953 746.805
600000 256.357 239.344 254.838 750.538
602000 256.156 239.334 256.03 751.521
604000 257.058 240.356 256.457 753.871
606000 258.116 240.816 257.003 755.935
608000 258.366 241.896 259.047 759.308
610000 257.526 242.518 259.743 759.786
612000 258.76 244.21 260.818 763.788
614000 258.859 244.812 262.792 766.463
616000 261.736 245.162 263.666 770.565
618000 263.243 245.59 262.361 771.194
620000 264.114 245.258 262.618 771.99
622000 265.587 246.436 263.882 775.905
624000 265.343 247.218 264.629 777.19
626000 266.546 248.174 265.918 780.638
628000 268.756 249.695 267.227 785.678
630000 269.453 250.28 268.039 787.772
632000 270.763 251.127 268.316 790.206
634000 271.489 251.962 269.662 793.113
636000 271.543 252.987 271.219 795.749
638000 271.945 255.325 272.148 799.419
640000 273.554 255.439 273.337 802.33
642000 273.089 255.979 274.652 803.72
644000 274.135 257.033 275.226 806.394
646000 274.618 258.126 275.964 808.707
648000 275.835 258.666 276.452 810.953
650000 275.775 259.544 276.186 811.504
652000 276.811 260.709 277.812 815.333
654000 277.209 261.27 278.372 816.851
656000 277.312 261.313 279.665 818.29
658000 277.704 262.863 279.938 820.505
660000 280.25 263.634 280.9 824.783
662000 282.687 265.533 281.856 830.076
664000 283.725 266.841 282.721 833.286
666000 286.022 268.779 283.799 838.601
668000 286.785 269.943 283.355 840.082
670000 288.579 270.243 284.236 843.058
672000 290.706 272.861 285.407 848.974
674000 293.139 273.124 285.657 851.919
676000 294.883 273.816 285.553 854.252
678000 295.482 276.55 286.723 858.754
680000 296.939 277.521 287.715 862.175
682000 297.69 277.582 287.921 863.193
684000 300.087 278.961 289.018 868.067
686000 300.749 280.205 291.032 871.986
688000 299.619 280.804 291.211 871.635
690000 301.319 280.712 291.371 873.402
692000 302.869 281.621 292.319 876.81
694000 303.331 282.368 293.394 879.094
696000 302.577 282.996 293.348 878.921
698000 303.507 283.748 295.144 882.399
700000 305.38 284.284 296.233 885.897
702000 305.299 284.973 295.335 885.606
704000 306.994 285.927 295.286 888.207
706000 308.146 286.196 295.718 890.06
708000 309.021 287.953 296.252 893.227
710000 308.55 288.351 297.624 894.526
712000 308.764 290.063 298.47 897.298
714000 311.073 291.723 298.513 901.31
716000 311.737 291.854 298.126 901.717
718000 312.408 292.511 299.986 904.905
720000 313.831 292.652 300.713 907.196
722000 313.973 293.432 301.657 909.062
724000 316.05 293.841 300.961 910.852
726000 315.991 293.02 301.578 910.589
728000 315.899 295.474 302.616 913.988
730000 316.652 297.156 304.862 918.671
732000 316.917 299.164 305.577 921.657
734000 318.036 299.456 305.907 923.399
736000 320.536 300.03 306.76 927.326
738000 321.475 301.255 307.857 930.587
740000 322.414 302.075 308.794 933.284
742000 321.786 302.478 309.089 933.352
744000 323.243 303.412 310.322 936.977
746000 324.825 303.127 310.591 938.544
748000 325.241 303.481 311.336 940.058
750000 326.682 303.839 312.146 942.667
752000 327.622 305.428 312.304 945.354
754000 327.98 305.845 313.509 947.334
756000 328.427 308.261 315.393 952.081
758000 329.097 309.179 317.486 955.761
760000 330.34 308.199 319.499 958.038
762000 330.538 308.775 319.172 958.486
764000 331.633 309.702 320.589 961.924
766000 332.459 310.756 321.225 964.439
768000 332.421 310.905 320.227 963.553
770000 332.074 312.924 321.963 966.962
772000 333.788 313.096 324.002 970.886
774000 334.689 314.428 324.857 973.975
776000 335.777 316.274 326.711 978.763
778000 335.883 317.25 327.816 980.949
780000 335.294 317.6 328.304 981.198
782000 336.982 317.037 328.911 982.93
784000 339.345 317.389 330.791 987.525
786000 338.536 318.049 332.778 989.363
788000 339.901 318.109 333.977 991.988
790000 340.746 319.632 333.699 994.077
792000 341.637 319.632 333.866 995.135
794000 342.621 321.593 334.839 999.053
796000 343.402 321.605 335.813 1000.82
798000 343.997 322.534 336.902 1003.43
800000 343.147 322.786 336.034 1001.97
802000 345.618 323.772 336.82 1006.21
804000 345.357 325.102 338.931 1009.39
806000 345.746 326.964 340.763 1013.47
808000 346.677 326.961 342.299 1015.94
810000 348.199 328.174 342.865 1019.24
812000 349.893 328.004 345.034 1022.93
814000 352.409 328.889 343.717 1025.02
816000 354.362 328.396 345.054 1027.81
818000 355.547 329.292 344.518 1029.36
820000 355.71 331.186 344.979 1031.88
822000 357.871 332.225 346.544 1036.64
824000 359.781 333.346 348.675 1041.8
826000 360.875 334.762 349.339 1044.98
828000 360.015 334.967 350.393 1045.37
830000 362.541 335.409 351.029 1048.98
832000 364.165 336.915 351.656 1052.74
834000 364.278 337.543 352.952 1054.77
836000 365.517 338.351 353.971 1057.84
838000 365.786 338.617 353.323 1057.73
840000 364.02 339.791 352.885 1056.7
842000 364.413 340.968 353.516 1058.9
844000 365.351 342.127 353.591 1061.07
846000 367.275 343.651 354.304 1065.23
848000 366.828 344.686 356.327 1067.84
850000 366.782 345.567 356.329 1068.68
852000 368.145 347.484 356.32 1071.95
854000 369.29 347.993 358.635 1075.92
856000 371.073 349.311 357.093 1077.48
858000 372.725 350.173 358.527 1081.42
860000 371.944 351.45 358.785 1082.18
862000 373.15 352.83 359.072 1085.05
864000 374.438 353.94 361.005 1089.38
866000 375.302 354.567 360.926 1090.79
868000 377.264 355.568 361.821 1094.65
870000 377.38 355.909 362.377 1095.67
872000 378.111 356.336 362.578 1097.02
874000 379.965 354.456 363.063 1097.48
876000 380.818 354.49 364.008 1099.32
878000 382.21 355.969 365.603 1103.78
880000 382.145 355.239 365.542 1102.93
882000 383.152 358.089 366.645 1107.89
884000 384.696 358.66 366.608 1109.96
886000 383.449 358.956 366.754 1109.16
888000 383.448 358.395 369.877 1111.72
890000 384.233 360.014 370.877 1115.12
892000 383.829 361.471 371.761 1117.06
894000 385.26 361.157 371.463 1117.88
896000 385.891 360.727 371.342 1117.96
898000 387.114 362.777 371.395 1121.29
900000 387.506 363.712 373.106 1124.32
902000 387.014 364.441 373.133 1124.59
904000 387.698 365.579 373.269 1126.55
906000 388.171 366.125 375.09 1129.39
908000 389.993 366.333 376.667 1132.99
910000 390.104 366.947 377.461 1134.51
912000 389.694 367.869 378.495 1136.06
914000 390.818 370.725 380.355 1141.9
916000 391.327 372.053 381.372 1144.75
918000 393.043 372.043 381.426 1146.51
920000 392.781 372.828 382.83 1148.44
922000 394.487 374.838 383.46 1152.78
924000 397.75 375.945 386.002 1159.7
926000 398.149 376.444 385.77 1160.36
928000 398.874 376.495 384.975 1160.34
930000 401.397 377.681 385.267 1164.35
932000 402.697 376.379 385.143 1164.22
934000 403 376.694 385.523 1165.22
936000 404.21 378.73 386.005 1168.95
938000 405.431 378.191 386.839 1170.46
940000 406.848 379.114 387.769 1173.73
942000 406.203 382.236 389.697 1178.14
944000 406.271 381.545 388.443 1176.26
946000 407.73 383.613 390.913 1182.26
948000 410.045 383.949 391.305 1185.3
950000 411.857 386.25 393.186 1191.29
952000 411.799 387.126 393.316 1192.24
954000 412.224 385.922 393.021 1191.17
956000 412.033 386.851 394.82 1193.7
958000 412.943 387.989 396.783 1197.72
960000 413.865 389.183 398.65 1201.7
962000 416.589 389.192 399.22 1205
964000 418.037 391.227 399.72 1208.98
966000 419.929 392.433 401.659 1214.02
968000 420.209 392.989 401.221 1214.42
970000 421.82 393.09 402.463 1217.37
972000 424.259 394.748 402.78 1221.79
974000 425.392 394.76 404.052 1224.2
976000 426.912 395.416 405.711 1228.04
978000 427.024 394.599 406.727 1228.35
980000 428.143 396.835 407.272 1232.25
982000 429.585 399.056 407.519 1236.16
984000 430.87 400.357 408.285 1239.51
986000 433.468 400.267 409.174 1242.91
988000 434.184 400.267 408.561 1243.01
990000 432.977 401.488 409.676 1244.14
992000 434.18 401.676 410.14 1246
994000 434.629 401.467 411.55 1247.65
996000 435.247 402.722 412.156 1250.12
998000 435.916 403.675 412.71 1252.3
1000000 436.59 403.003 412.76 1252.35
1002000 438.288 402.574 415.618 1256.48
1004000 437.212 403.11 417.084 1257.41
1006000 435.802 402.645 417.953 1256.4
1008000 436.024 402.694 417.369 1256.09
1010000 438.13 404.784 418.979 1261.89
1012000 438.599 404.707 418.929 1262.23
1014000 441.179 404.75 419.076 1265
1016000 442.215 406.166 420.154 1268.54
1018000 443.446 406.295 420.562 1270.3
1020000 442.765 407.118 420.008 1269.89
1022000 444.972 409.304 421.247 1275.52
1024000 445.429 408.309 421.599 1275.34
1026000 445.359 410.522 423.108 1278.99
1028000 446.78 411.29 423.265 1281.34
1030000 450.226 411.672 424.08 1285.98
1032000 452.56 413.645 424.124 1290.33
1034000 453.139 414.446 425.492 1293.08
1036000 453.249 412.639 425.878 1291.77
1038000 454.217 414.114 427.141 1295.47
1040000 456.414 415.395 428.963 1300.77
1042000 457.426 416.734 429.271 1303.43
1044000 457.787 417.406 430.267 1305.46
1046000 458.366 418.209 431.411 1307.99
1048000 459.408 417.578 432.413 1309.4
1050000 461.633 417.794 432.216 1311.64
1052000 462.555 418.971 432.697 1314.22
1054000 462.721 419.761 432.892 1315.38
1056000 464.219 420.234 434.058 1318.51
1058000 465.483 422.516 435.724 1323.72
1060000 466.922 420.884 437 1324.81
1062000 467.936 422.631 439.556 1330.12
1064000 467.248 423.308 438.448 1329
1066000 468.4 423.719 437.824 1329.94
1068000 469.025 425.681 439.405 1334.11
1070000 468.971 426.684 438.265 1333.92
1072000 469.633 427.468 438.598 1335.7
1074000 471.056 427.63 439.907 1338.59
1076000 471.393 427.311 441.871 1340.57
1078000 472.72 429.214 441.043 1342.98
1080000 472.866 429.145 441.932 1343.94
1082000 472.512 429.927 443.925 1346.36
1084000 474.329 431.346 444.752 1350.43
1086000 476.36 432.769 448.114 1357.24
1088000 476.632 432.948 449.058 1358.64
1090000 477.398 435.669 449.751 1362.82
1092000 477.975 436.691 451.453 1366.12
1094000 477.366 436.933 450.903 1365.2
1096000 479.374 437.254 450.338 1366.97
1098000 480.38 438.211 451.413 1370
1100000 481.008 436.358 453.389 1370.76
1102000 480.774 438.298 456.529 1375.6
1104000 480.308 439.78 457.093 1377.18
1106000 481.18 439.795 458.543 1379.52
1108000 482.12 439.929 461.588 1383.64
1110000 483.271 440.955 462.598 1386.82
1112000 483.938 441.923 462.249 1388.11
1114000 484.893 441.59 463.448 1389.93
1116000 486.108 442.753 465.344 1394.21
1118000 487.46 444.016 468.022 1399.5
1120000 486.893 445.182 469.421 1401.5
1122000 488.574 446.385 470.735 1405.69
1124000 488.006 445.819 471.384 1405.21
1126000 490.397 446.355 474.044 1410.8
1128000 493.064 447.971 476.823 1417.86
1130000 491.073 449.63 478.137 1418.84
1132000 493.284 450.054 478.335 1421.67
1134000 494.195 449.405 478.451 1422.05
1136000 494.84 449.352 480.273 1424.46
1138000 496.807 450.527 481.817 1429.15
1140000 495.663 452.089 483.465 1431.22
1142000 495.272 450.157 482.518 1427.95
1144000 496.374 450.13 484.872 1431.38
1146000 499.404 450.505 486.529 1436.44
1148000 500.12 451.507 486.949 1438.58
1150000 501.041 452.913 488.418 1442.37
1152000 501.857 452.563 488.546 1442.97
1154000 504.838 451.696 490.4 1446.93
1156000 507.677 452.261 491.899 1451.84
1158000 508.741 454.899 493.497 1457.14
1160000 509.85 454.746 494.774 1459.37
1162000 512.977 456.322 495.489 1464.79
1164000 514.632 457.842 497.021 1469.49
1166000 515.305 457.84 498.143 1471.29
1168000 514.705 457.888 498.039 1470.63
1170000 514.079 460.177 498.311 1472.57
1172000 515.198 460.413 497.05 1472.66
1174000 516.492 462.169 499.317 1477.98
1176000 517.64 464.64 500.233 1482.51
1178000 521.466 465.85 502.059 1489.37
1180000 521.425 467.693 501.829 1490.95
1182000 522.437 468.026 505.526 1495.99
1184000 522.63 468.502 504.694 1495.83
1186000 522.522 469.531 503.581 1495.63
1188000 525.808 470.082 505.543 1501.43
1190000 524.384 470.403 505.664 1500.45
1192000 525.199 469.288 506.143 1500.63
1194000 527.003 469.614 506.657 1503.27
1196000 527.487 470.074 506.158 1503.72
1198000 529.517 471.45 507.417 1508.38
1200000 529.739 470.23 509.159 1509.13
1202000 530.525 470.975 509.645 1511.14
1204000 533.206 470.523 512.535 1516.26
1206000 534.285 473.477 514.375 1522.14
1208000 535.015 473.09 514.656 1522.76
1210000 536.521 474.659 514.375 1525.55
1212000 537.332 475.162 515.076 1527.57
1214000 537.555 476.89 517.105 1531.55
1216000 537.511 479.462 517.192 1534.17
1218000 539.128 481.612 518.354 1539.09
1220000 540.873 482.222 518.328 1541.42
1222000 541.038 482.631 519.552 1543.22
1224000 541.584 484.1 520.041 1545.72
1226000 543.222 484.67 522.364 1550.26
1228000 544.38 486.336 523.574 1554.29
1230000 545.248 489.449 524.91 1559.61
1232000 547.613 491.373 525.993 1564.98
1234000 548.212 493.473 527.399 1569.09
1236000 547.231 496.989 527.318 1571.54
1238000 547.243 496.544 527.489 1571.28
1240000 547.887 497.713 528.869 1574.47
1242000 546.718 500.561 530.636 1577.91
1244000 545.884 500.377 532.403 1578.66
1246000 546.752 500.29 534.246 1581.29
1248000 546.84 501.78 534.988 1583.61
1250000 547.941 503.609 533.683 1585.23
1252000 550.789 503.632 533.189 1587.61
1254000 552.756 503.822 533.901 1590.48
1256000 552.777 505.78 534.525 1593.08
1258000 551.57 507.898 534.346 1593.81
1260000 553.1 508.063 533.27 1594.43
1262000 552.968 508.963 534.222 1596.15
1264000 552.646 509.749 535.571 1597.97
1266000 552.336 509.321 533.819 1595.48
1268000 555.323 508.977 535.94 1600.24
1270000 554.71 509.451 537.95 1602.11
1272000 555.197 509.497 538.155 1602.85
1274000 556.619 510.176 539.571 1606.37
1276000 558.29 510.675 539.836 1608.8
1278000 558.643 512.354 537.857 1608.85
1280000 559.551 512.709 540.438 1612.7
1282000 559.021 515.453 541.455 1615.93
1284000 559.133 518.045 543.497 1620.67
1286000 558.657 518.192 545.022 1621.87
1288000 559.193 519.145 544.78 1623.12
1290000 558.532 520.038 547.079 1625.65
1292000 560.311 520.163 548.364 1628.84
1294000 563.56 521.755 549.757 1635.07
1296000 563.253 521.015 548.741 1633.01
1298000 563.104 521.005 549.008 1633.12
1300000 565.05 521.484 550.367 1636.9
1302000 566.588 523.105 552.292 1641.99
1304000 568.15 523.222 554.236 1645.61
1306000 569.143 525.051 556.02 1650.21
1308000 568.816 523.679 556.371 1648.87
1310000 568.829 525.092 556.531 1650.45
1312000 570.274 526.094 557.157 1653.52
1314000 571.012 527.397 557.865 1656.27
1316000 571.158 527.131 558.683 1656.97
1318000 570.735 527.51 559.44 1657.68
1320000 571.384 528.529 559.887 1659.8
1322000 571.986 529.399 562.343 1663.73
1324000 573.002 528.525 563.554 1665.08
1326000 572.874 529.912 563.196 1665.98
1328000 573.713 531.338 564.757 1669.81
1330000 574.008 532.578 565.579 1672.16
1332000 575.583 534.447 565.616 1675.65
1334000 575.455 534.921 566.678 1677.05
1336000 575.843 535.949 566.965 1678.76
1338000 576.466 536.291 570.169 1682.93
1340000 577.259 537.424 569.831 1684.51
1342000 576.602 537.197 571.581 1685.38
1344000 578.271 539.036 571.991 1689.3
1346000 578.672 539.853 573.574 1692.1
1348000 579.078 541.441 575.334 1695.85
1350000 580.988 540.6 576.65 1698.24
1352000 582.633 541.69 577.606 1701.93
1354000 585.476 542.245 577.821 1705.54
1356000 586.635 543.043 577.485 1707.16
1358000 587.423 542.897 579.16 1709.48
1360000 589.93 544.532 580.775 1715.24
1362000 589.505 543.695 579.725 1712.92
1364000 592.557 544.409 580.482 1717.45
1366000 591.507 545.205 582.308 1719.02
1368000 595.574 545.297 583.774 1724.64
1370000 595.664 544.513 584.505 1724.68
1372000 595.022 543.592 585.359 1723.97
1374000 596.664 543.466 587.214 1727.34
1376000 596.674 543.486 588.355 1728.52
1378000 595.873 545.698 586.355 1727.93
1380000 596.006 547.144 587.783 1730.93
1382000 597.251 547.721 590.321 1735.29
1384000 597.751 548.906 591.229 1737.89
1386000 598.304 549.805 592.869 1740.98
1388000 598.999 550.764 593.036 1742.8
1390000 598.618 549.071 593.081 1740.77
1392000 599.653 549.284 593.996 1742.93
1394000 600.656 549.661 595.396 1745.71
1396000 600.355 551.257 597.213 1748.82
1398000 600.199 553.295 596.925 1750.42
1400000 599.256 554.716 598.567 1752.54
1402000 599.373 554.074 600.072 1753.52
1404000 601.091 554.886 601.952 1757.93
1406000 601.31 555.362 603.27 1759.94
1408000 604.729 555.639 603.941 1764.31
1410000 605.099 556.632 606.992 1768.72
1412000 605.381 556.559 607.048 1768.99
1414000 604.689 556.651 608.127 1769.47
1416000 607.633 558.842 608.754 1775.23
1418000 605.961 559.462 609.349 1774.77
1420000 606.912 562.066 610.835 1779.81
1422000 608.55 561.72 612.431 1782.7
1424000 608.039 563.171 613.665 1784.88
1426000 608.61 563.199 613.934 1785.74
1428000 610.061 564.577 614.538 1789.18
1430000 609.95 566.105 617.119 1793.17
1432000 610.926 568.032 616.076 1795.03
1434000 612.421 569.148 618.405 1799.97
1436000 612.471 571.298 618.956 1802.72
1438000 612.978 572.353 620.283 1805.61
1440000 610.99 573.99 620.271 1805.25
1442000 612.263 575.659 620.653 1808.58
1444000 613.291 575.903 621.755 1810.95
1446000 615.024 575.293 622.993 1813.31
1448000 615.726 575.751 623.742 1815.22
1450000 616.427 576.837 624.086 1817.35
1452000 617.967 577.017 621.957 1816.94
1454000 619.062 575.968 623.951 1818.98
1456000 620.563 576.754 624.946 1822.26
1458000 623.091 576.686 625.598 1825.38
1460000 622.672 578.473 625.112 1826.26
1462000 624.558 577.846 627.34 1829.74
1464000 624.408 578.13 627.9 1830.44
1466000 626.638 579.851 629.995 1836.48
1468000 625.564 578.453 631.394 1835.41
1470000 627.328 580.491 630.379 1838.2
1472000 628.62 582.069 635.412 1846.1
1474000 630.264 584.546 635.92 1850.73
1476000 632.646 587.851 637.347 1857.85
1478000 633.859 588.638 638.765 1861.26
1480000 633.851 591.315 639.817 1864.98
1482000 635.903 591.852 641.123 1868.88
1484000 636.526 592.121 642.7 1871.35
1486000 636.242 592.135 643.812 1872.19
1488000 636.229 590.785 644.714 1871.73
1490000 637.099 591.793 645.554 1874.45
1492000 638.061 593.266 646.505 1877.83
1494000 638.31 594.094 647.398 1879.8
1496000 640.586 596.135 647.282 1884
1498000 641.775 597.223 647.822 1886.82
1500000 643.138 596.854 649.35 1889.34
1502000 644.383 597.815 648.94 1891.14
1504000 644.006 600.527 650.867 1895.4
1506000 645.553 600.685 648.922 1895.16
1508000 645.06 600.939 650.298 1896.3
1510000 648.121 600.745 651.196 1900.06
1512000 649.749 601.445 650.578 1901.77
1514000 649.551 600.34 648.589 1898.48
1516000 649.46 601.56 650.18 1901.2
1518000 648.945 604.689 650.312 1903.95
1520000 649.984 607.661 649.854 1907.5
1522000 648.641 607.226 650.636 1906.5
1524000 649.661 606.749 651.209 1907.62
1526000 651.609 608.333 652.121 1912.06
1528000 652.808 610.172 652.23 1915.21
1530000 651.377 610.276 653.555 1915.21
1532000 652.605 610.984 651.645 1915.23
1534000 655.061 612.612 654.042 1921.72
1536000 656.017 612.752 655.038 1923.81
1538000 658.566 614.615 657.775 1930.96
1540000 658.988 615.657 659.337 1933.98
1542000 658.985 616.087 661.058 1936.13
1544000 659.923 616.339 661.296 1937.56
1546000 660.932 618.924 661.464 1941.32
1548000 662.161 619.988 662.022 1944.17
1550000 663.121 621.528 662.29 1946.94
1552000 662.63 621.972 662.308 1946.91
1554000 665.305 621.499 662.502 1949.31
1556000 665.893 622.651 661.888 1950.43
1558000 669.624 622.958 662.982 1955.56
1560000 672.026 624.414 662.691 1959.13
1562000 672.694 625.734 662.939 1961.37
1564000 674.297 623.593 663.837 1961.73
1566000 673.183 623.029 664.274 1960.48
1568000 674.6 624.44 665.89 1964.93
1570000 674.235 623.242 665.521 1963
1572000 675.046 625.023 667.816 1967.88
1574000 676.752 624.489 668.191 1969.43
1576000 676.934 626.525 669.02 1972.48
1578000 677.651 625.234 671.477 1974.36
1580000 676.665 626.632 671.856 1975.15
1582000 678.989 627.543 673.236 1979.77
1584000 680.392 626.097 673.561 1980.05
1586000 681.372 626.2 676.24 1983.81
1588000 680.219 628.392 678.67 1987.28
1590000 682.428 629.379 678.092 1989.9
1592000 682.909 630.397 680.495 1993.8
1594000 685.347 630.793 680.166 1996.31
1596000 686.447 630.4 681.608 1998.45
1598000 686.324 634.541 683.835 2004.7
1600000 687.833 634.804 685.022 2007.66
1602000 689.632 634.984 687.506 2012.12
1604000 691.775 636.555 685.974 2014.3
1606000 691.977 636.935 685.859 2014.77
1608000 692.973 639.164 688.344 2020.48
1610000 692.273 638.42 690.457 2021.15
1612000 693.155 636.804 691.366 2021.32
1614000 692.52 637.162 691.042 2020.72
1616000 692.07 637.579 691.125 2020.77
1618000 693.146 637.924 691.18 2022.25
1620000 694.9 639.546 694.13 2028.58
1622000 693.564 641.444 694.403 2029.41
1624000 693.878 642.734 693.454 2030.07
1626000 695.912 642.377 693.686 2031.98
1628000 696.012 644.199 693.461 2033.67
1630000 696.037 644.015 693.448 2033.5
1632000 697.981 644.145 696.594 2038.72
1634000 698.976 645.23 697.68 2041.89
1636000 701.189 645.696 698.182 2045.07
1638000 700.522 647.221 700.028 2047.77
1640000 700.828 646.709 700.754 2048.29
1642000 703.04 648.76 702.158 2053.96
1644000 701.678 649.908 702.178 2053.77
1646000 702.79 651.528 703.2 2057.52
1648000 703.851 651.168 704.163 2059.18
1650000 704.55 653.181 704.116 2061.85
1652000 705.835 653.851 706.894 2066.58
1654000 706.341 654.48 707.857 2068.68
1656000 708.402 658.096 707.263 2073.76
1658000 709.291 657.718 708.224 2075.23
1660000 710.084 657.663 711.888 2079.63
1662000 711.394 656.551 714.738 2082.68
1664000 712.24 657.846 715.61 2085.7
1666000 711.325 657.431 716.893 2085.65
1668000 713.119 659.324 719.302 2091.74
1670000 713.54 660.412 719.872 2093.82
1672000 715.112 660.378 719.563 2095.05
1674000 714.133 661.331 720.269 2095.73
1676000 714.696 661.185 721.396 2097.28
1678000 717.251 661.572 721.912 2100.73
1680000 718.195 662.413 723.337 2103.94
1682000 721.737 661.486 724.803 2108.03
1684000 722.393 662.067 724.394 2108.85
1686000 726.094 662.176 726.389 2114.66
1688000 728.383 665.251 727.555 2121.19
1690000 728.357 665.648 727.257 2121.26
1692000 727.758 666.861 725.974 2120.59
1694000 728.431 665.766 726.588 2120.79
1696000 730.158 666.148 728.355 2124.66
1698000 730.865 666.795 727.088 2124.75
1700000 731.411 667.6 727.796 2126.81
1702000 731.44 669.377 728.537 2129.35
1704000 732.07 668.924 727.997 2128.99
1706000 730.868 668.899 727.131 2126.9
1708000 729.163 670.284 729.505 2128.95
1710000 729.451 672.633 731.552 2133.64
1712000 730.992 674.409 733.507 2138.91
1714000 732.686 674.536 734.552 2141.77
1716000 734.658 674.339 734.466 2143.46
1718000 735.192 677.09 735.133 2147.41
1720000 733.326 679.08 736.778 2149.18
1722000 734.776 680.84 737.781 2153.4
1724000 735.746 681.9 736.318 2153.96
1726000 735.752 682.775 736.851 2155.38
1728000 738.64 683.989 737.116 2159.75
1730000 739.92 683.237 737.461 2160.62
1732000 739.082 682.967 735.72 2157.77
1734000 738.74 684.963 738.456 2162.16
1736000 739.926 686.748 737.81 2164.48
1738000 743.02 686.364 738.322 2167.71
1740000 744.186 686.925 739.428 2170.54
1742000 744.273 686.185 742.214 2172.67
1744000 746.862 688.417 744.287 2179.57
1746000 748.127 689.228 744.405 2181.76
1748000 749.615 689.675 744.597 2183.89
1750000 751.263 690.545 747.103 2188.91
1752000 752.457 692.013 747.017 2191.49
1754000 752.872 691.849 747.471 2192.19
1756000 754.746 693.185 748.475 2196.41
1758000 754.586 693.296 748.432 2196.31
1760000 753.645 693.781 750.127 2197.55
1762000 755.032 693.953 751.341 2200.33
1764000 753.829 693.314 750.316 2197.46
1766000 753.719 694.294 750.512 2198.52
1768000 754.284 696.199 751.453 2201.94
1770000 754.142 697.298 752.938 2204.38
1772000 755.465 699.556 751.335 2206.36
1774000 758.002 700.854 753.266 2212.12
1776000 760.638 702.953 755.126 2218.72
1778000 760.901 705.11 754.781 2220.79
1780000 758.999 706.024 756.672 2221.69
1782000 758.69 707.497 759.984 2226.17
1784000 759.491 709.474 759.784 2228.75
1786000 758.311 712.625 761.053 2231.99
1788000 759.753 713.923 760.492 2234.17
1790000 758.265 714.115 761.671 2234.05
1792000 759.71 714.547 763.597 2237.85
1794000 759.951 716.496 763.952 2240.4
1796000 758.282 715.964 764.621 2238.87
1798000 758.304 716.641 766.639 2241.58
1800000 758.585 717.566 767.677 2243.83
1802000 758.961 717.943 769.66 2246.56
1804000 759.711 718.631 771.741 2250.08
1806000 760.181 719.208 772.427 2251.82
1808000 759.972 720.805 773.277 2254.05
1810000 761.066 720.835 777.292 2259.19
1812000 760.808 723.242 778.779 2262.83
1814000 761.314 723.191 780.307 2264.81
1816000 761.788 726.297 781.56 2269.64
1818000 762.821 726.006 782.095 2270.92
1820000 765.274 727.125 783.53 2275.93
1822000 768.442 728.428 786.016 2282.88
1824000 767.728 729.769 789.513 2287.01
1826000 769.079 731.081 791.199 2291.36
1828000 769.274 733.32 788.916 2291.51
1830000 769.902 736.458 790.935 2297.29
1832000 769.672 739.293 792.496 2301.46
1834000 769.139 742.076 791.961 2303.18
1836000 771.001 743.304 792.248 2306.55
1838000 771.709 744.428 790.923 2307.06
1840000 772.873 746.065 790.764 2309.7
1842000 770.339 746.868 792.405 2309.61
1844000 770.838 747.121 792.355 2310.31
1846000 771.428 746.599 791.487 2309.51
1848000 770.246 748.543 791.697 2310.49
1850000 771.143 750.374 790.583 2312.1
1852000 771.127 751.816 790.682 2313.62
1854000 770.717 751.912 792.502 2315.13
1856000 770.014 752.587 793.607 2316.21
1858000 771.798 753.854 792.607 2318.26
1860000 771.95 755.59 796.06 2323.6
1862000 773.794 756.048 796.569 2326.41
1864000 776.545 757.096 798.317 2331.96
1866000 777.056 757.303 801.143 2335.5
1868000 777.457 756.863 798.773 2333.09
1870000 779.427 755.31 801.337 2336.07
1872000 780.544 757.423 801.38 2339.35
1874000 782.29 758.419 801.654 2342.36
1876000 782.935 759.537 804.185 2346.66
1878000 785.282 758.511 804.211 2348
1880000 786.148 757.817 806.845 2350.81
1882000 787.397 760.972 806.198 2354.57
1884000 789.57 762.054 807.449 2359.07
1886000 790.718 763.895 808.955 2363.57
1888000 793.346 763.774 808.544 2365.66
1890000 794.526 764.343 808.252 2367.12
1892000 795.902 765.01 808.444 2369.36
1894000 796.01 766.309 810.492 2372.81
1896000 794.591 765.987 810.81 2371.39
1898000 795.147 767.293 811.118 2373.56
1900000 795.079 769.122 811.737 2375.94
1902000 796.628 768.292 813.236 2378.16
1904000 795.452 768.285 815.003 2378.74
1906000 797.484 768.481 815.159 2381.12
1908000 798.261 769.833 813.495 2381.59
1910000 798.595 772.24 812.963 2383.8
1912000 799.105 773.58 814.155 2386.84
1914000 799.397 772.109 813.601 2385.11
1916000 800.963 774.617 813.739 2389.32
1918000 800.854 774.511 814.886 2390.25
1920000 801.746 776.547 819.102 2397.39
1922000 804.016 778.496 819.61 2402.12
1924000 805.061 778.268 819.963 2403.29
1926000 806.234 778.784 819.559 2404.58
1928000 804.375 779.155 819.666 2403.2
1930000 805.176 777.733 819.549 2402.46
1932000 803.314 779.619 819.846 2402.78
1934000 804.864 780.057 821.631 2406.55
1936000 804.49 781.331 821.532 2407.35
1938000 806.29 784.676 822.091 2413.06
1940000 806.703 785.792 823.986 2416.48
1942000 808.502 788.236 823.144 2419.88
1944000 810.597 788.278 825.075 2423.95
1946000 809.746 790.34 823.935 2424.02
1948000 809.324 790.114 824.874 2424.31
1950000 810.172 792.155 827.77 2430.1
1952000 810.62 793.34 829.724 2433.68
1954000 812.828 793.313 830.164 2436.31
1956000 816.559 795.112 831.864 2443.54
1958000 816.678 795.878 830.429 2442.98
1960000 821.007 794.374 834.256 2449.64
1962000 821.247 795.023 835.798 2452.07
1964000 822.404 796.318 834.806 2453.53
1966000 823.277 797.618 835.767 2456.66
1968000 822.394 798.389 838.208 2458.99
1970000 821.074 799.359 836.804 2457.24
1972000 822.614 799.815 836.633 2459.06
1974000 824.924 800.79 837.051 2462.76
1976000 824.691 800.396 837.872 2462.96
1978000 824.566 802.033 839.754 2466.35
1980000 824.995 803.5 843.042 2471.54
1982000 828.084 804.376 841.93 2474.39
1984000 826.955 804.679 843.285 2474.92
1986000 829.775 804.75 845.129 2479.65
1988000 829.546 803.682 843.622 2476.85
1990000 828.836 802.816 846.277 2477.93
1992000 827.582 805.727 846.593 2479.9
1994000 829.308 809.064 845.42 2483.79
1996000 830.093 809.874 846.339 2486.31
1998000 830.186 812.176 845.223 2487.59
2000000 831.791 812.851 849.37 2494.01
