0 3078565.9
2000 3066641.4
4000 3080310.5
6000 3083965
8000 3078175.5
10000 3083121.9
12000 3062133
14000 3083956.2
16000 3064284.6
18000 3056450.1
20000 3066963.6
22000 3077019.7
24000 3069123
26000 3072796.7
28000 3078962
30000 3083203.9
32000 3088525.3
34000 3080266
36000 3072783.6
38000 3073008.3
40000 3064310.3
42000 3071046.2
44000 3075790.3
46000 3069916.7
48000 3065197.7
50000 3070090
52000 3082919.4
54000 3071032
56000 3072565.5
58000 3076663.8
60000 3081127
62000 3075397.3
64000 3078549.9
66000 3075918.2
68000 3074053.7
70000 3069821.9
72000 3067875.8
74000 3081460.9
76000 3077091
78000 3065498.5
80000 3073350.3
82000 3077459.2
84000 3071718.8
86000 3082425.5
88000 3067151.8
90000 3075927
92000 3072980
94000 3068162
96000 3082405
98000 3075943
100000 3069683.7
102000 3081600.5
104000 3078961.5
106000 3079359.9
108000 3073320.8
110000 3069009.1
112000 3069339
114000 3071429.3
116000 3085604
118000 3068654.5
120000 3083594.4
122000 3090838.6
124000 3066326.7
126000 3080112.7
128000 3078678
130000 3075732.6
132000 3057810.9
134000 3066815.5
136000 3060313.8
138000 3081216.1
140000 3079340.7
142000 3075507.6
144000 3075376.2
146000 3078102.8
148000 3060082.4
150000 3061185
152000 3059882.5
154000 3074689.2
156000 3072632.6
158000 3080744.1
160000 3076593.1
162000 3072629.9
164000 3076082.3
166000 3068550.8
168000 3055591.1
170000 3072316.8
172000 3070393.1
174000 3068796.4
176000 3062175.8
178000 3076569.5
180000 3073995.9
182000 3083275.8
184000 3070805.5
186000 3091146.3
188000 3062948.5
190000 3069546.1
192000 3082365.7
194000 3069321
196000 3081062
198000 3076060.4
200000 3072799.1
202000 3070425.5
204000 3068100.8
206000 3059193.5
208000 3072371.4
210000 3076790.4
212000 3070504.3
214000 3067026.6
216000 3061200.3
218000 3075459.2
220000 3080992.1
222000 3056627
224000 3069240.7
226000 3071846.3
228000 3070275.1
230000 3077650.8
232000 3076890.7
234000 3085639.5
236000 3084816.4
238000 3087572.1
240000 3073242.9
242000 3069681.3
244000 3083453.8
246000 3073898.3
248000 3062351.4
250000 3077941.9
252000 3084047.6
254000 3075067.1
256000 3080863.5
258000 3072560.4
260000 3066249.9
262000 3066028.5
264000 3079220.8
266000 3069286.7
268000 3073052.9
270000 3082470.3
272000 3078223.8
274000 3075045.6
276000 3068916.1
278000 3069049
280000 3067286.6
282000 3069826.1
284000 3068611
286000 3069461.2
288000 3053687.4
290000 3070614
292000 3081579.7
294000 3070850.7
296000 3061907.3
298000 3069759.6
300000 3061753.4
302000 3091300.1
304000 3087838.9
306000 3086390.5
308000 3067348.5
310000 3059759.3
312000 3068877.8
314000 3062855.5
316000 3067516.4
318000 3072882.6
320000 3092976.2
322000 3073732
324000 3075247.8
326000 3063671.8
328000 3073465.8
330000 3077000.8
332000 3084400.1
334000 3063209.2
336000 3073275.4
338000 3059293.5
340000 3078052.6
342000 3063777.5
344000 3078933.3
346000 3063808.3
348000 3073094.7
350000 3069526.4
352000 3062050.4
354000 3075656.8
356000 3082026
358000 3078584.7
360000 3061406.9
362000 3072609.2
364000 3060922.9
366000 3081755.6
368000 3081829.1
370000 3075659.9
372000 3070687.1
374000 3069135.6
376000 3071547.1
378000 3074075.2
380000 3074035.6
382000 3075435
384000 3081622.9
386000 3069799.2
388000 3055877.8
390000 3072590.1
392000 3073517.5
394000 3077025
396000 3075386.8
398000 3068649
400000 3081389.2
402000 3085475.9
404000 3072721.6
406000 3084412.4
408000 3073632.4
410000 3083180.3
412000 3077866.1
414000 3075126.6
416000 3064757.9
418000 3072675.1
420000 3064385
422000 3067655.2
424000 3069808.1
426000 3069320.1
428000 3077132.9
430000 3074189.8
432000 3069188.1
434000 3055970.2
436000 3066133.5
438000 3078456.7
440000 3072614.4
442000 3068846.6
444000 3065172.1
446000 3075878.1
448000 3070262
450000 3091447.5
452000 3077768
454000 3078991.8
456000 3080009.3
458000 3065533.4
460000 3068267.5
462000 3069829.3
464000 3063908.5
466000 3075928.1
468000 3073797.6
470000 3067746.4
472000 3061781.8
474000 3064358.3
476000 3066398.3
478000 3053178
480000 3077374
482000 3063990.2
484000 3062047
486000 3074542.7
488000 3064048.1
490000 3059878.1
492000 3076575.2
494000 3078262.7
496000 3077249.6
498000 3069604
500000 3066363.8
502000 3071603.9
504000 3074503
506000 3080934.3
508000 3069261.2
510000 3075390.7
512000 3075753.5
514000 3068444
516000 3062892.3
518000 3083419.8
520000 3077000.6
522000 3081002.1
524000 3073919
526000 3055178.3
528000 3074112.9
530000 3063641
532000 3072498.5
534000 3092898.1
536000 3087101.1
538000 3086445.2
540000 3066455.2
542000 3062336
544000 3077543.8
546000 3068699.2
548000 3068087.1
550000 3078991.8
552000 3053407.8
554000 3086281.3
556000 3076508.6
558000 3067993.5
560000 3056347.1
562000 3072943.1
564000 3055498.4
566000 3072117.3
568000 3069448.7
570000 3075004.4
572000 3072456.9
574000 3088294.4
576000 3076370.8
578000 3073008.8
580000 3064403.7
582000 3064619.4
584000 3065018.2
586000 3064471.8
588000 3076981.7
590000 3076413.6
592000 3079827
594000 3072371.5
596000 3075988.5
598000 3053527.4
600000 3075097.3
602000 3068495.8
604000 3067718.7
606000 3074254.1
608000 3089714.9
610000 3074441.6
612000 3068748.2
614000 3071946.2
616000 3072162.7
618000 3062157.1
620000 3083472.1
622000 3080737
624000 3080048.7
626000 3079316.1
628000 3070152.7
630000 3068592.6
632000 3085054.5
634000 3066881.6
636000 3076723
638000 3068082.5
640000 3076273.9
642000 3074254.3
644000 3066121.3
646000 3065157.5
648000 3077852
650000 3080647.4
652000 3071562.7
654000 3061854.9
656000 3067978.1
658000 3077359.7
660000 3077530.6
662000 3078248.9
664000 3080444.7
666000 3091132.9
668000 3076742.7
670000 3074851.7
672000 3076823.9
674000 3066309
676000 3074438.7
678000 3063683.2
680000 3075754.2
682000 3070241.9
684000 3082813.7
686000 3064749.1
688000 3060506
690000 3075168.7
692000 3073528.2
694000 3075070.6
696000 3058385.3
698000 3065827.4
700000 3075670.1
702000 3082844.2
704000 3071044.9
706000 3082127.9
708000 3066852.2
710000 3068399.2
712000 3072294.4
714000 3079070.8
716000 3070081.9
718000 3059346.4
720000 3068520.8
722000 3079239.1
724000 3062503
726000 3075207.6
728000 3083493.5
730000 3065463.9
732000 3070166.1
734000 3085349.9
736000 3074518.4
738000 3070437
740000 3083750.8
742000 3079886.9
744000 3081521.8
746000 3079012.2
748000 3073831.6
750000 3077618.2
752000 3072802.8
754000 3063753.2
756000 3068416
758000 3066082.2
760000 3062611.8
762000 3065437.1
764000 3081335.9
766000 3059238.9
768000 3062041.6
770000 3072513.8
772000 3079712.9
774000 3084092.1
776000 3074976.6
778000 3058626.3
780000 3087236.6
782000 3065838.4
784000 3065606.9
786000 3068063.9
788000 3067462.1
790000 3076407.4
792000 3070306.4
794000 3093391
796000 3084505.6
798000 3064423.9
800000 3064057.6
802000 3071309.2
804000 3076105
806000 3075552.3
808000 3070755.6
810000 3067644
812000 3066404.4
814000 3074601.8
816000 3074311
818000 3082959.5
820000 3070361.5
822000 3073733.2
824000 3067185.3
826000 3073208.8
828000 3066400.9
830000 3077490.7
832000 3071339.2
834000 3061497.4
836000 3079330.1
838000 3067421
840000 3067178.8
842000 3079096.2
844000 3078838.1
846000 3070074.1
848000 3081748.1
850000 3076214.8
852000 3063429.8
854000 3070413.5
856000 3065643.2
858000 3088131.3
860000 3072583.4
862000 3066459.4
864000 3073179.9
866000 3067529
868000 3074464.3
870000 3077874.7
872000 3070656.2
874000 3064991
876000 3073637.8
878000 3065785.4
880000 3070242.3
882000 3055049.6
884000 3069195.1
886000 3076161
888000 3062176.2
890000 3065335.1
892000 3073153.6
894000 3073486.6
896000 3073715.6
898000 3078192.4
900000 3064575.3
902000 3076041.5
904000 3072521.4
906000 3080604.9
908000 3057343.5
910000 3069054.3
912000 3080412.1
914000 3084249.6
916000 3072279.3
918000 3062683.9
920000 3085583.4
922000 3068236.4
924000 3083346.4
926000 3082402
928000 3077258.5
930000 3084938.3
932000 3059112.4
934000 3063982.3
936000 3079737.9
938000 3076546.3
940000 3077687.8
942000 3065346.4
944000 3080163.9
946000 3076104.7
948000 3076408.9
950000 3073999.5
952000 3067825.7
954000 3076702.4
956000 3076447.6
958000 3073335.7
960000 3063221.6
962000 3079221.5
964000 3061269.6
966000 3081569.9
968000 3063652.8
970000 3060581.8
972000 3058948.5
974000 3067701.4
976000 3076370.1
978000 3049871.8
980000 3061984.5
982000 3084941
984000 3080718.8
986000 3055796.9
988000 3055671.2
990000 3084164.3
992000 3074766.7
994000 3066209.2
996000 3076710.3
998000 3070764.2
1000000 3073586.9
1002000 3083214.3
1004000 3090976.8
1006000 3072683.5
1008000 3074776.4
1010000 3070919.3
1012000 3071570.6
1014000 3075376.7
1016000 3078114
1018000 3076107.8
1020000 3080921
1022000 3075898.4
1024000 3077526.2
1026000 3074032.2
1028000 3070213.5
1030000 3073851.4
1032000 3075546.2
1034000 3072428.6
1036000 3075706.3
1038000 3082451.5
1040000 3064271.9
1042000 3082530.5
1044000 3078304.5
1046000 3068942.4
1048000 3077092.1
1050000 3065536
1052000 3074126.7
1054000 3067338.4
1056000 3083028.4
1058000 3079491.6
1060000 3077104.2
1062000 3075966.2
1064000 3075182.9
1066000 3065232.7
1068000 3059690.3
1070000 3065163.6
1072000 3068238.4
1074000 3069450.1
1076000 3065040.9
1078000 3069587.3
1080000 3071773.9
1082000 3070526.4
1084000 3073127.1
1086000 3071463.9
1088000 3069548.7
1090000 3073983.1
1092000 3083420.5
1094000 3058571.9
1096000 3062903
1098000 3074478.3
1100000 3088891
1102000 3063381.9
1104000 3068997.5
1106000 3076919.4
1108000 3058761.1
1110000 3086810.2
1112000 3077787.5
1114000 3062727.8
1116000 3066030.6
1118000 3065545.1
1120000 3085633.6
1122000 3083696.3
1124000 3080404.1
1126000 3079954.9
1128000 3077556.1
1130000 3079597.2
1132000 3081140.6
1134000 3075294
1136000 3072716.1
1138000 3073011.3
1140000 3074880.8
1142000 3067587.6
1144000 3071463.2
1146000 3068775.4
1148000 3075355.6
1150000 3058412.4
1152000 3075209.6
1154000 3064241.5
1156000 3080683.8
1158000 3063374.1
1160000 3068864.2
1162000 3071674
1164000 3062326.1
1166000 3076712.2
1168000 3069382.4
1170000 3088386.3
1172000 3081351.4
1174000 3075792.1
1176000 3077111.7
1178000 3065585
1180000 3066547.4
1182000 3056407.3
1184000 3065133.1
1186000 3074118.3
1188000 3072322.1
1190000 3091144.2
1192000 3066230.8
1194000 3073249.5
1196000 3077247.7
1198000 3071439.8
1200000 3064718
1202000 3077012.5
1204000 3072396.3
1206000 3069433.3
1208000 3070968.3
1210000 3077425.4
1212000 3068505.8
1214000 3058702.8
1216000 3079708.7
1218000 3068898
1220000 3081688.9
1222000 3075976.6
1224000 3063734.2
1226000 3077169.8
1228000 3078349.1
1230000 3079765.5
1232000 3084620
1234000 3077004
1236000 3060483.9
1238000 3085389.4
1240000 3071672
1242000 3066688.9
1244000 3067818.4
1246000 3072203.8
1248000 3079639.1
1250000 3069716.5
1252000 3073438
1254000 3070748.1
1256000 3067897.8
1258000 3089362.7
1260000 3081391.7
1262000 3074854.9
1264000 3079434.7
1266000 3074582.5
1268000 3081485.4
1270000 3057844.6
1272000 3082294.9
1274000 3080054
1276000 3070423.6
1278000 3069934.2
1280000 3081643.5
1282000 3077100.3
1284000 3073258.5
1286000 3084291.9
1288000 3073772
1290000 3080113.6
1292000 3066026.9
1294000 3065045.3
1296000 3077966.6
1298000 3066798.7
1300000 3072936.4
1302000 3087599.2
1304000 3070986.6
1306000 3084294.9
1308000 3066033.2
1310000 3066369.3
1312000 3087687.5
1314000 3076627.1
1316000 3058236.6
1318000 3074919.3
1320000 3062327.1
1322000 3079525.5
1324000 3081523.1
1326000 3083367.1
1328000 3075558.9
1330000 3061695.4
1332000 3070438.7
1334000 3065705.2
1336000 3079714
1338000 3064400.5
1340000 3073677.3
1342000 3078941.9
1344000 3061249.1
1346000 3081452.8
1348000 3079721
1350000 3069203.5
1352000 3080239.3
1354000 3065109.3
1356000 3057289.9
1358000 3063117.1
1360000 3068327.3
1362000 3083675.1
1364000 3075769.4
1366000 3068768
1368000 3072499.5
1370000 3078056.6
1372000 3077536.5
1374000 3080322
1376000 3063438.8
1378000 3074259.1
1380000 3064986.7
1382000 3065627.8
1384000 3070423.3
1386000 3079969.7
1388000 3085884.2
1390000 3072762.5
1392000 3070780.2
1394000 3081287.4
1396000 3073196.5
1398000 3068140.4
1400000 3060858.4
1402000 3060988.7
1404000 3065374.3
1406000 3077141.9
1408000 3074973.6
1410000 3077838.3
1412000 3064335.3
1414000 3064923.4
1416000 3059864.3
1418000 3075683.5
1420000 3058396.9
1422000 3063189.7
1424000 3060938.6
1426000 3060816.2
1428000 3072156.3
1430000 3061337.4
1432000 3054787.4
1434000 3083425.8
1436000 3078672.8
1438000 3077860.5
1440000 3060277.1
1442000 3065052.4
1444000 3067484.1
1446000 3059884.5
1448000 3066164.7
1450000 3066428.9
1452000 3072328.6
1454000 3084483.2
1456000 3061881.9
1458000 3074511.9
1460000 3074301.8
1462000 3066217.3
1464000 3067242.6
1466000 3085463.9
1468000 3078494.7
1470000 3077969.3
1472000 3082504
1474000 3064032.6
1476000 3076881.4
1478000 3067590
1480000 3070528
1482000 3067321.2
1484000 3073399.7
1486000 3088252.1
1488000 3068796
1490000 3079170.4
1492000 3072040.4
1494000 3060198.9
1496000 3072081.5
1498000 3085275.3
1500000 3066248.6
1502000 3086537
1504000 3077664.3
1506000 3066559.4
1508000 3076657
1510000 3071000.5
1512000 3080529.5
1514000 3074570.4
1516000 3073209
1518000 3077595.3
1520000 3082874.9
1522000 3072367.9
1524000 3077176.6
1526000 3076037.4
1528000 3072584.2
1530000 3066303.2
1532000 3084950.3
1534000 3077364.8
1536000 3079077.3
1538000 3061928.1
1540000 3074633.3
1542000 3069951.8
1544000 3071690.3
1546000 3060794.6
1548000 3063301.9
1550000 3077466.6
1552000 3054762.9
1554000 3071575.5
1556000 3069449.6
1558000 3068313
1560000 3059783
1562000 3054982.8
1564000 3054231.9
1566000 3081746.2
1568000 3080119.3
1570000 3077055.8
1572000 3076510.5
1574000 3069752.6
1576000 3066180
1578000 3065532.9
1580000 3071723
1582000 3069922.5
1584000 3073564.3
1586000 3070217.2
1588000 3079859.9
1590000 3071065.5
1592000 3078757.9
1594000 3069788.3
1596000 3076409.9
1598000 3084478.2
1600000 3053810.9
1602000 3074878
1604000 3074494.8
1606000 3073261.1
1608000 3074297.7
1610000 3067766.4
1612000 3076789.4
1614000 3075539
1616000 3069602.9
1618000 3054952.8
1620000 3074549.2
1622000 3073293.2
1624000 3073997.7
1626000 3064001.7
1628000 3068390.6
1630000 3079000
1632000 3066301.2
1634000 3080681.2
1636000 3069617.2
1638000 3081459
1640000 3050632.4
1642000 3077560.9
1644000 3091429.2
1646000 3079300.3
1648000 3073667.1
1650000 3079510
1652000 3079009.2
1654000 3065492.6
1656000 3082687.6
1658000 3064095.7
1660000 3085437.9
1662000 3067575.6
1664000 3071314.7
1666000 3067804.2
1668000 3083795.2
1670000 3080458.8
1672000 3069808.8
1674000 3075045.8
1676000 3077980.6
1678000 3077768.4
1680000 3091881
1682000 3073241.1
1684000 3074632.7
1686000 3074392.4
1688000 3088943.6
1690000 3078705.2
1692000 3068563.6
1694000 3057046.3
1696000 3081300.3
1698000 3063140.7
1700000 3070422.9
1702000 3078731.1
1704000 3069665.5
1706000 3061075.7
1708000 3073241.9
1710000 3069203.9
1712000 3068534.4
1714000 3076048.8
1716000 3071033.9
1718000 3076246.7
1720000 3076438.9
1722000 3078933.6
1724000 3067888.6
1726000 3085000.9
1728000 3078389.2
1730000 3077372.3
1732000 3071867.7
1734000 3069803.8
1736000 3064608.6
1738000 3065181.8
1740000 3074336.8
1742000 3070357.3
1744000 3057849
1746000 3065630.7
1748000 3063257.8
1750000 3069710.4
1752000 3063614.6
1754000 3076080.8
1756000 3074519.5
1758000 3073040.4
1760000 3082726.5
1762000 3057150.1
1764000 3070124.3
1766000 3074800.1
1768000 3069238.2
1770000 3069404.4
1772000 3075039.1
1774000 3068235
1776000 3074406.6
1778000 3062392.9
1780000 3065244.9
1782000 3072962.7
1784000 3064689.6
1786000 3065892.2
1788000 3075288.7
1790000 3080244.3
1792000 3076218.4
1794000 3067525.6
1796000 3071052
1798000 3079413.9
1800000 3065602.5
1802000 3073898
1804000 3073902.3
1806000 3082548.4
1808000 3084382.1
1810000 3074112.5
1812000 3070072.2
1814000 3085476.5
1816000 3084889.7
1818000 3071332
1820000 3068420
1822000 3087549.1
1824000 3086717
1826000 3080913
1828000 3061141.9
1830000 3070871.7
1832000 3077354.3
1834000 3084094.6
1836000 3068764.3
1838000 3077334.8
1840000 3061197.9
1842000 3062570.1
1844000 3066010.7
1846000 3075742
1848000 3068283.3
1850000 3082048.4
1852000 3073257.2
1854000 3085522.7
1856000 3068534.7
1858000 3068504
1860000 3071079.3
1862000 3076096.6
1864000 3083958.6
1866000 3062233.2
1868000 3061483.3
1870000 3078778.9
1872000 3065011.3
1874000 3070159.4
1876000 3086345
1878000 3071139.9
1880000 3071033.7
1882000 3065094.8
1884000 3078234.6
1886000 3075029.3
1888000 3059275.9
1890000 3079815.4
1892000 3088646.9
1894000 3082358.7
1896000 3082666.7
1898000 3076699.5
1900000 3063020.4
1902000 3064097.3
1904000 3056639.5
1906000 3076902.3
1908000 3064402.6
1910000 3066086.4
1912000 3072686.5
1914000 3086326.8
1916000 3076148.7
1918000 3067788
1920000 3076022.1
1922000 3075584.4
1924000 3084267.9
1926000 3077609.1
1928000 3085157.7
1930000 3072748.5
1932000 3079211.9
1934000 3062253.9
1936000 3078455.1
1938000 3069372.7
1940000 3054894.4
1942000 3070694.1
1944000 3070250.6
1946000 3073383.9
1948000 3070774.3
1950000 3072440.1
1952000 3076325.8
1954000 3072743.8
1956000 3084388.7
1958000 3074759.4
1960000 3078004.7
1962000 3067718.5
1964000 3094849.2
1966000 3072105.6
1968000 3069942.7
1970000 3071516.1
1972000 3071538.9
1974000 3082406.8
1976000 3077247
1978000 3081236.2
1980000 3067930.7
1982000 3076820.7
1984000 3060294.8
1986000 3088362.8
1988000 3084325.8
1990000 3061495.2
1992000 3057364.8
1994000 3073526.8
1996000 3084825
1998000 3066812.6
2000000 3067308.6
