# Time-averaged data for fix savemsd
# TimeStep c_msd[1] c_msd[2] c_msd[3] c_msd[4]
0 1.45793e-29 1.66099e-29 3.65213e-33 3.11929e-29
2000 2.17957 2.11255 2.2401 6.53221
4000 3.89602 4.05286 4.01575 11.9646
6000 5.70832 5.97467 5.89039 17.5734
8000 7.01795 7.8259 7.71524 22.5591
10000 8.85693 9.5717 9.83506 28.2637
12000 11.0123 11.7538 11.8519 34.618
14000 12.2683 13.3779 13.3887 39.0349
16000 13.9523 15.3666 15.6492 44.9681
18000 15.8736 17.6484 17.8363 51.3583
20000 17.8486 19.4136 19.5404 56.8026
22000 18.7772 21.5386 21.8722 62.1879
24000 20.3129 23.0625 24.0309 67.4063
26000 21.9858 25.6574 25.6535 73.2966
28000 24.2888 27.9823 27.8602 80.1313
30000 26.8144 29.6161 29.5493 85.9798
32000 29.0103 31.1256 31.8556 91.9915
34000 31.8629 32.8465 34.1431 98.8525
36000 33.6721 34.7963 36.2886 104.757
38000 36.2546 36.3464 38.5406 111.142
40000 39.1949 38.411 40.3434 117.949
42000 41.5295 41.2836 41.8985 124.712
44000 43.5052 42.639 42.6397 128.784
46000 45.5303 44.9407 44.9222 135.393
48000 48.2892 47.39 46.9972 142.676
50000 50.0218 49.2114 48.9701 148.203
52000 51.9516 51.051 51.1975 154.2
54000 54.5909 54.1861 53.9678 162.745
56000 54.7752 55.4132 56.2827 166.471
58000 57.0762 56.9797 58.076 172.132
60000 59.3176 59.0875 59.3482 177.753
62000 61.6796 61.6721 60.8188 184.17
64000 62.4551 63.0611 61.6534 187.17
66000 64.7741 64.6879 64.1298 193.592
68000 67.3238 66.8972 65.8653 200.086
70000 69.5507 68.9759 67.2474 205.774
72000 71.7408 70.6062 69.3578 211.705
74000 74.0631 72.1875 70.9685 217.219
76000 75.954 75.0066 72.8002 223.761
78000 77.734 77.2294 74.3471 229.31
80000 79.7102 79.0393 75.8412 234.591
82000 82.1051 81.1237 77.467 240.696
84000 84.7214 82.7374 79.5582 247.017
86000 85.7167 84.7414 81.1695 251.628
88000 88.0403 85.2126 83.954 257.207
90000 89.9042 86.7175 85.0064 261.628
92000 92.9832 88.8048 88.5745 270.363
94000 94.8564 91.3591 89.9225 276.138
96000 95.9165 93.0526 92.7709 281.74
98000 99.2853 95.3612 95.436 290.083
100000 101.352 96.4801 97.8102 295.643
102000 103.888 98.9611 99.3036 302.153
104000 105.541 100.43 100.04 306.011
106000 106.835 102.822 101.58 311.237
108000 109.894 105.162 104.262 319.319
110000 110.955 106.971 106.637 324.563
112000 113.391 106.399 107.262 327.053
114000 114.46 109.352 108.771 332.583
116000 115.611 111.412 110.995 338.018
118000 118.383 112.472 113.241 344.096
120000 120.34 114.949 115.239 350.528
122000 123.67 116.632 116.913 357.215
124000 124.874 118.232 118.998 362.103
126000 127.834 121.091 120.902 369.827
128000 129.256 122.959 121.992 374.207
130000 131.224 124.581 124.919 380.724
132000 133.833 125.985 126.867 386.685
134000 134.533 127.758 129.66 391.95
136000 135.704 129.46 131.904 397.067
138000 138.697 130.345 132.209 401.25
140000 142.517 132.834 134.004 409.356
142000 145.104 133.8 135.037 413.941
144000 147.573 134.592 136.55 418.715
146000 148.129 137.194 139.771 425.094
148000 150.19 140.06 140.263 430.513
150000 151.709 140.825 142.033 434.567
152000 153.913 141.684 145.316 440.913
154000 156.561 142.475 147.196 446.233
156000 158.85 145.456 148.979 453.285
158000 160.021 148.041 152.78 460.842
160000 162.921 150.982 155.14 469.043
162000 165.553 153.078 157.463 476.094
164000 167.052 156.604 161.772 485.429
166000 168.149 159.071 162.293 489.513
168000 170.459 161.048 162.08 493.587
170000 172.206 161.855 163.836 497.897
172000 174.36 163.441 166.843 504.644
174000 174.144 165.367 168.217 507.728
176000 175.724 167.564 171.966 515.253
178000 177.765 168.239 174.8 520.805
180000 178.237 169.41 179.393 527.041
182000 180.483 171.793 182.047 534.323
184000 182.13 172.199 183.956 538.285
186000 182.309 173.862 185.864 542.035
188000 184.255 175.833 188.486 548.574
190000 186.895 176.82 190.449 554.163
192000 187.812 178.718 192.869 559.399
194000 189.49 180.686 195.187 565.363
196000 191.425 181.596 197.975 570.996
198000 192.765 183.287 198.348 574.4
200000 195.795 186.71 201.625 584.13
202000 197.594 188.226 204.189 590.009
204000 200.417 188.637 207.108 596.162
206000 202.237 189.744 208.884 600.865
208000 204.335 191.254 209.149 604.738
210000 207.189 194.375 211.054 612.617
212000 209.363 196.131 212.573 618.068
214000 211.249 198.297 214.245 623.792
216000 213.614 200.052 215.395 629.061
218000 217.974 201.575 215.907 635.457
220000 220.015 201.743 216.969 638.727
222000 222.375 202.362 218.142 642.88
224000 221.959 203.34 220.793 646.092
226000 222.473 205.123 221.992 649.589
228000 224.17 206.305 222.953 653.429
230000 228.66 208.364 224.446 661.47
232000 230.387 211.703 225.792 667.882
234000 232.282 211.409 227.9 671.59
236000 233.317 212.583 230.397 676.297
238000 235.444 216.576 230.777 682.797
240000 238.85 221.203 233.203 693.256
242000 240.954 223.254 234.506 698.714
244000 245.276 225.58 236.043 706.899
246000 249.282 227.373 236.395 713.05
248000 252.475 228.932 241.796 723.203
250000 252.058 232.513 244.284 728.855
252000 254.24 235.169 247.708 737.117
254000 254.787 236.942 249.649 741.377
256000 257.893 241.088 251.291 750.272
258000 260.807 243.84 252.827 757.474
260000 261.733 246.089 255.221 763.044
262000 263.687 248.445 261.375 773.506
264000 268.136 249.249 262.209 779.595
266000 270.669 252.21 263.133 786.012
268000 271.004 256.376 264.87 792.25
270000 274.235 258.211 265.566 798.012
272000 277.689 261.085 266.469 805.242
274000 279.235 262.761 268.039 810.035
276000 281.43 264.878 271.072 817.38
278000 283.992 266.987 271.452 822.431
280000 287.773 270.875 273.09 831.737
282000 291.501 274.356 274.56 840.417
284000 292.344 277.152 276.377 845.874
286000 293.999 278.432 279.486 851.916
288000 295.527 281.565 280.158 857.25
290000 297.078 282.715 281.792 861.585
292000 299.218 286.303 283.351 868.872
294000 301.061 290.705 286.272 878.038
296000 300.071 293.09 288.154 881.316
298000 302.542 293.437 289.615 885.594
300000 303.354 295.898 291.99 891.242
302000 304.531 299.255 293.327 897.112
304000 306.854 302.009 296.554 905.417
306000 309.481 303.395 299.544 912.421
308000 310.768 303.568 299.923 914.259
310000 311.278 304.935 300.126 916.34
312000 316.048 308.722 302.858 927.628
314000 317.121 311.205 303.746 932.072
316000 318.727 313.948 305.424 938.099
318000 318.938 315.716 307.481 942.135
320000 321.827 316.241 311.476 949.544
322000 324.162 318.592 313.975 956.729
324000 325.393 320.182 314.242 959.817
326000 325.505 322.338 316.656 964.498
328000 327.362 324.169 317.207 968.739
330000 330.587 324.98 321.599 977.166
332000 332.428 327.954 324.602 984.984
334000 333.447 330.371 327.037 990.855
336000 333.709 334.689 328.724 997.121
338000 333.511 337.093 329.618 1000.22
340000 335.382 340.252 332.949 1008.58
342000 336.408 341.765 337.523 1015.7
344000 338.452 342.998 336.979 1018.43
346000 340.29 345.166 336.923 1022.38
348000 342.105 346.577 338.73 1027.41
350000 344.648 351.137 342.495 1038.28
352000 346.83 352.383 344.429 1043.64
354000 350.583 353.865 347.407 1051.85
356000 352.583 354.986 351.706 1059.27
358000 356.802 356.804 353.811 1067.42
360000 358.545 359.809 356.784 1075.14
362000 360.577 363.361 356.993 1080.93
364000 364.695 366.889 360.219 1091.8
366000 364.625 368.099 362.587 1095.31
368000 368.261 369.801 365.699 1103.76
370000 369.83 371.402 365.983 1107.22
372000 370.424 373.98 368.406 1112.81
374000 372.953 376.855 370.237 1120.05
376000 376.999 379.286 371.617 1127.9
378000 377.014 380.641 375.126 1132.78
380000 376.49 384.474 376.241 1137.2
382000 378.33 387.618 378.629 1144.58
384000 383.018 391.393 380.665 1155.08
386000 388.122 394.09 382.039 1164.25
388000 389.833 397.008 383.832 1170.67
390000 389.252 398.61 385.608 1173.47
392000 390.376 398.774 388.671 1177.82
394000 391.313 402.662 390.13 1184.1
396000 395.692 406.202 390.635 1192.53
398000 397.125 406.007 392.143 1195.28
400000 396.85 408.36 395.175 1200.39
402000 398.371 410.631 397.502 1206.51
404000 400.378 410.974 398.428 1209.78
406000 404.33 413.636 400.168 1218.13
408000 407.917 415.302 402.249 1225.47
410000 409.444 416.249 404.024 1229.72
412000 411.148 420.141 405.237 1236.53
414000 414.149 419.528 406.653 1240.33
416000 416.552 422.824 407.178 1246.55
418000 415.556 424.207 408.282 1248.05
420000 420.389 424.244 413.728 1258.36
422000 421.532 427.733 414.598 1263.86
424000 424.084 431.734 416.704 1272.52
426000 426.266 433.889 417.972 1278.13
428000 430.395 435.733 416.361 1282.49
430000 432.315 440.748 418.138 1291.2
432000 433.264 441.578 419.572 1294.41
434000 436.944 444.853 422.072 1303.87
436000 438.707 447.138 425.69 1311.53
438000 440.199 448.233 427.421 1315.85
440000 440.495 450.713 428.073 1319.28
442000 443.456 450.561 428.026 1322.04
444000 444.517 451.753 430.044 1326.31
446000 447.251 453.319 432.709 1333.28
448000 450.984 456.234 433.631 1340.85
450000 454.138 456.885 435.054 1346.08
452000 455.755 459.495 438.077 1353.33
454000 458.081 460.708 438.628 1357.42
456000 457.421 463.604 438.913 1359.94
458000 459.554 467.109 441.604 1368.27
460000 463.141 470.555 445.123 1378.82
462000 466.525 470.77 446.089 1383.38
464000 469 470.855 444.602 1384.46
466000 472.412 473.148 446.13 1391.69
468000 473.83 474.877 448.056 1396.76
470000 477.616 476.033 450.951 1404.6
472000 482.861 477.664 452.833 1413.36
474000 486.43 481.967 453.875 1422.27
476000 488.707 483.312 455.909 1427.93
478000 491.846 486.41 457.206 1435.46
480000 493.32 486.996 458.908 1439.22
482000 495.752 490.601 459.885 1446.24
484000 497.43 493.517 461.898 1452.85
486000 499.873 496.59 464.248 1460.71
488000 503.719 497.52 467.611 1468.85
490000 503.217 498.867 470.632 1472.72
492000 506.077 501.325 473.251 1480.65
494000 507.685 503.385 476.024 1487.09
496000 509.75 502.689 478.667 1491.11
498000 510.437 504.799 477.79 1493.02
500000 510.887 509.089 479.269 1499.24
502000 512.32 511.089 479.439 1502.85
504000 517.132 512.595 482.539 1512.27
506000 520.809 513.84 485.003 1519.65
508000 523.394 515.131 490.846 1529.37
510000 525.074 517.92 493.584 1536.58
512000 525.08 520.283 496.408 1541.77
514000 525.736 521.932 497.706 1545.37
516000 527.439 522.919 498.391 1548.75
518000 530.023 522.879 499.273 1552.18
520000 531.382 523.7 501.656 1556.74
522000 531.325 524.67 503.645 1559.64
524000 533.941 525.246 505.336 1564.52
526000 534.921 527.747 505.919 1568.59
528000 536.185 531.584 509.205 1576.97
530000 538.467 534.852 512.94 1586.26
532000 541.668 536.677 515.158 1593.5
534000 543.439 539.251 518.815 1601.51
536000 541.223 542.268 525.74 1609.23
538000 541.026 543.441 528.061 1612.53
540000 541.527 540.384 529.291 1611.2
542000 545.245 542.037 533.266 1620.55
544000 545.887 544.144 533.442 1623.47
546000 547.749 546.095 535.238 1629.08
548000 549.192 549.933 538.475 1637.6
550000 552.767 551.755 541.995 1646.52
552000 554.137 552.358 541.354 1647.85
554000 553.721 550.363 543.479 1647.56
556000 554.028 549.827 549.273 1653.13
558000 554.015 551.513 547.912 1653.44
560000 555.117 552.152 550.957 1658.23
562000 555.855 553.594 552.762 1662.21
564000 558.027 557.955 556.923 1672.91
566000 557.21 560.464 559.166 1676.84
568000 558.234 560.572 562.819 1681.62
570000 557.741 564.201 565.628 1687.57
572000 558.379 565.944 567.997 1692.32
574000 559.725 567.071 568.793 1695.59
576000 564.567 568.015 567.348 1699.93
578000 570.31 568.453 567.655 1706.42
580000 572.892 571.185 567.751 1711.83
582000 577.703 572.569 570.549 1720.82
584000 580.225 573.923 569.522 1723.67
586000 585.948 577.445 573.449 1736.84
588000 588.13 579.584 574.7 1742.41
590000 591.98 582.063 576.208 1750.25
592000 593.934 584.019 577.028 1754.98
594000 592.84 587.544 579.173 1759.56
596000 595.606 589.458 581.395 1766.46
598000 598.213 590.948 582.588 1771.75
600000 599.834 592.819 585.729 1778.38
602000 601.932 593.088 584.685 1779.71
604000 606.02 595.031 587.456 1788.51
606000 607.451 597.343 589.66 1794.45
608000 607.623 599.039 593.799 1800.46
610000 612.456 602.759 599.501 1814.72
612000 613.47 605.796 601.918 1821.18
614000 615.597 607.06 607.775 1830.43
616000 618.427 605.358 612.244 1836.03
618000 621.541 611.058 613.159 1845.76
620000 623.447 611.959 615.248 1850.65
622000 625.842 613.599 617.057 1856.5
624000 630.054 616.939 619.863 1866.86
626000 630.475 618.883 620.142 1869.5
628000 632.426 620.482 619.552 1872.46
630000 631.05 622.942 623.01 1877
632000 631.128 623.147 625.129 1879.4
634000 635.793 626.542 626.131 1888.47
636000 635.82 629.679 627.868 1893.37
638000 639.798 631.977 626.297 1898.07
640000 640.003 633.757 627.811 1901.57
642000 643.892 637.097 630.279 1911.27
644000 648.052 643.208 633.1 1924.36
646000 646.017 646.907 633.957 1926.88
648000 648.192 650.576 636.795 1935.56
650000 651.489 651.227 638.803 1941.52
652000 656.6 652.097 642.832 1951.53
654000 659.285 654.44 644.535 1958.26
656000 659.977 654.863 644.129 1958.97
658000 661.079 654.929 648.413 1964.42
660000 662.822 657.266 650.946 1971.03
662000 665.15 658.282 650.781 1974.21
664000 667.246 662.716 650.479 1980.44
666000 671.774 660.325 650.75 1982.85
668000 670.918 664.234 652.783 1987.94
670000 669.312 665.504 653.141 1987.96
672000 673.147 665.979 653.774 1992.9
674000 674.508 668.498 653.666 1996.67
676000 680.632 670.438 656.152 2007.22
678000 684.511 672.636 658.833 2015.98
680000 686.321 677.093 661.013 2024.43
682000 687.066 678.111 663.083 2028.26
684000 687.874 681.403 665.13 2034.41
686000 690.312 683.086 665.176 2038.57
688000 692.51 685.963 667.239 2045.71
690000 693.486 690.988 670.777 2055.25
692000 697.034 695.788 674.052 2066.87
694000 699.621 697.849 674.555 2072.02
696000 706.086 698.189 678.266 2082.54
698000 708.08 699.759 681.159 2089
700000 711.013 702.301 681.787 2095.1
702000 715.389 705.623 684.387 2105.4
704000 715.506 707.774 686.594 2109.87
706000 717.73 706.475 688.792 2113
708000 717.718 709.066 689.759 2116.54
710000 720.532 711.421 690.001 2121.95
712000 726.079 712.88 692.341 2131.3
714000 724.598 717.077 697.254 2138.93
716000 724.852 720.09 696.745 2141.69
718000 726.029 725.763 700.828 2152.62
720000 730.032 724.94 703.392 2158.36
722000 737.741 727.242 704.027 2169.01
724000 739.094 729.157 705.743 2173.99
726000 745.997 732.268 708.016 2186.28
728000 743.798 736.936 711.9 2192.63
730000 748.202 734.534 714.888 2197.62
732000 750.764 737.09 718.65 2206.5
734000 750.23 739.93 723.399 2213.56
736000 751.95 742.72 723.018 2217.69
738000 752.685 745.266 728.654 2226.61
740000 753.143 748.992 732.307 2234.44
742000 755.25 751.603 733.423 2240.28
744000 755.452 752.384 735.929 2243.77
746000 761.279 758.365 738.044 2257.69
748000 763.79 760.058 738.92 2262.77
750000 768.286 762.323 742.762 2273.37
752000 769.868 767.683 742.642 2280.19
754000 773.126 770.582 749.144 2292.85
756000 777.411 772.04 748.586 2298.04
758000 779.232 773.776 753.391 2306.4
760000 782.926 776.305 757.69 2316.92
762000 784.532 778.948 758.681 2322.16
764000 787.051 782.931 760.365 2330.35
766000 788.216 779.986 761.647 2329.85
768000 793.823 785.449 766.448 2345.72
770000 797.33 786.94 765.768 2350.04
772000 797.234 791.966 767.682 2356.88
774000 797.631 794.823 769.638 2362.09
776000 799.927 797.423 773.623 2370.97
778000 803.063 798.097 773.619 2374.78
780000 805.983 805.365 774.039 2385.39
782000 808.185 807.406 775.932 2391.52
784000 810.54 806.493 776.459 2393.49
786000 810.811 808.821 777.028 2396.66
788000 816.619 811.647 778.547 2406.81
790000 817.332 814.029 779.149 2410.51
792000 821.726 814.417 781.059 2417.2
794000 825.409 815.058 781.546 2422.01
796000 827.069 814.523 780.15 2421.74
798000 829.159 816.76 779.814 2425.73
800000 832.641 817.143 781.235 2431.02
802000 836.49 818.841 781.341 2436.67
804000 835.681 822.571 784.298 2442.55
806000 837.899 824.045 786.123 2448.07
808000 838.09 827.692 789.776 2455.56
810000 840.572 830.439 790.561 2461.57
812000 842.214 835.106 794.168 2471.49
814000 840.435 838.873 795.274 2474.58
816000 840.446 842.595 797.592 2480.63
818000 839.724 844.081 800.571 2484.38
820000 842.274 848.077 801.833 2492.18
822000 843.337 850.722 801.414 2495.47
824000 847.35 854.339 800.802 2502.49
826000 851.972 857.298 802.152 2511.42
828000 853.551 859.994 801.91 2515.45
830000 853.873 861.86 803.196 2518.93
832000 855.266 864.851 805.297 2525.41
834000 853.558 868.008 810.549 2532.12
836000 855.19 870.451 812.427 2538.07
838000 854.839 874.146 815.365 2544.35
840000 856.037 879.17 820.316 2555.52
842000 858.229 881.977 820.199 2560.4
844000 859.869 887.78 822.31 2569.96
846000 863.572 888.492 823.684 2575.75
848000 863.28 891.743 822.479 2577.5
850000 866.958 891.815 825.46 2584.23
852000 868.496 893.429 826.892 2588.82
854000 874.914 898.171 826.959 2600.04
856000 877.155 901.468 824.744 2603.37
858000 883.152 903.973 826.309 2613.43
860000 884.411 904.216 828.358 2616.99
862000 884.089 910.182 829.657 2623.93
864000 885.489 915.199 830.336 2631.02
866000 891.271 914.419 832.849 2638.54
868000 891.988 916.179 831.679 2639.85
870000 897.102 918.724 836.515 2652.34
872000 901.13 919.451 835.603 2656.18
874000 900.795 923.062 834.246 2658.1
876000 899.772 924.786 835.46 2660.02
878000 900.864 926.538 836.573 2663.98
880000 904.62 933.284 841.559 2679.46
882000 903.684 934.995 844.227 2682.91
884000 907.897 938.657 843.601 2690.15
886000 907.572 939.155 846.734 2693.46
888000 910.382 943.053 845.647 2699.08
890000 910.461 946.096 849.239 2705.8
892000 909.614 949.69 852.22 2711.52
894000 911.631 953.995 852.67 2718.29
896000 912.814 957.59 857.232 2727.64
898000 914.809 960.309 859.849 2734.97
900000 914.848 965.18 863.132 2743.16
902000 918.617 965.269 863.147 2747.03
904000 918.192 964.976 868.669 2751.84
906000 923.501 967.516 873.886 2764.9
908000 927.486 969.787 878.073 2775.35
910000 927.619 972.613 881.508 2781.74
912000 930.255 976.672 886.463 2793.39
914000 935.88 978.468 888.093 2802.44
916000 933.237 982.828 892.6 2808.67
918000 938.939 989.582 898.336 2826.86
920000 943.021 992.352 900.572 2835.94
922000 947.452 991.975 900.918 2840.34
924000 948.044 993.932 906.451 2848.43
926000 951.94 997.312 906.58 2855.83
928000 955.163 1000.72 908.069 2863.95
930000 957.27 999.269 909.515 2866.05
932000 959.961 1000.48 914.088 2874.53
934000 965.04 1005.01 914.961 2885.01
936000 969.093 1008.14 917.575 2894.8
938000 970.758 1011.32 917.113 2899.19
940000 973.753 1011.73 916.334 2901.82
942000 973.667 1014.19 915.851 2903.71
944000 975.839 1019.65 918.003 2913.5
946000 976.494 1023.21 922.037 2921.75
948000 977.564 1024.58 924.878 2927.02
950000 980.802 1026.44 924.881 2932.12
952000 983.251 1030.26 926.084 2939.59
954000 986.952 1032.62 927.81 2947.38
956000 986.866 1035.99 928.838 2951.69
958000 990.338 1040.71 928.909 2959.96
960000 990.608 1044.38 931.096 2966.08
962000 993.507 1046.17 935.305 2974.98
964000 993.808 1047.92 939.364 2981.09
966000 996.209 1048.52 939.247 2983.98
968000 1002.14 1047.73 938.142 2988.01
970000 1006.19 1048.83 940.594 2995.62
972000 1009.48 1050.64 944.357 3004.48
974000 1015.2 1054.51 944.417 3014.12
976000 1015.64 1055.42 946.353 3017.41
978000 1017.35 1056.46 947.658 3021.47
980000 1018.8 1056.23 947.995 3023.03
982000 1021.57 1058.59 952.665 3032.83
984000 1022.98 1061.27 955.196 3039.45
986000 1026.44 1066.01 953.79 3046.24
988000 1028.82 1067.49 955.263 3051.57
990000 1030.97 1069.24 955.203 3055.41
992000 1032.58 1073.38 957.298 3063.26
994000 1035.81 1075.23 958.243 3069.28
996000 1035.58 1080.53 958.805 3074.91
998000 1034.87 1080.56 960.241 3075.66
1000000 1036.05 1082.58 961.829 3080.46
1002000 1036.43 1087.18 963.457 3087.07
1004000 1038.34 1089.76 963.464 3091.57
1006000 1040.79 1087.74 964.067 3092.59
1008000 1044.36 1091.15 968.396 3103.91
1010000 1042.26 1093.59 968.15 3104
1012000 1043.13 1095.85 971.3 3110.28
1014000 1041.98 1104.26 972.789 3119.03
1016000 1042.93 1108.88 976.801 3128.6
1018000 1041.97 1112.5 981.743 3136.21
1020000 1043.41 1116.17 984.798 3144.38
1022000 1047.16 1120.97 984.741 3152.87
1024000 1048.51 1125.52 986.886 3160.91
1026000 1049.6 1127.58 983.952 3161.13
1028000 1053.07 1131.1 986.545 3170.71
1030000 1053.83 1128.99 986.979 3169.8
1032000 1054.85 1132.12 988.705 3175.68
1034000 1060.13 1134.08 988.304 3182.51
1036000 1061.58 1137.94 989.523 3189.04
1038000 1061.31 1142.59 990.048 3193.95
1040000 1064.06 1144.71 992.737 3201.51
1042000 1069.32 1148.02 998.902 3216.24
1044000 1072.92 1149.11 1001.45 3223.48
1046000 1076.63 1155.28 1007.01 3238.93
1048000 1079.24 1155.41 1011.61 3246.26
1050000 1080.03 1158.69 1010.35 3249.07
1052000 1084.03 1160.75 1012.26 3257.04
1054000 1086.23 1161.14 1013.66 3261.03
1056000 1088.02 1165.7 1012.57 3266.29
1058000 1091.76 1166.71 1015.69 3274.16
1060000 1092.92 1164.75 1017.76 3275.43
1062000 1096.23 1167.59 1022.69 3286.51
1064000 1098.94 1170.13 1022.87 3291.94
1066000 1095.74 1173.69 1026.59 3296.03
1068000 1099.43 1178.37 1024.36 3302.16
1070000 1103.1 1181.76 1024.54 3309.4
1072000 1104.62 1184.12 1025.87 3314.61
1074000 1107.95 1186.03 1026.97 3320.96
1076000 1114.89 1185.29 1034.64 3334.82
1078000 1115.17 1186.62 1039.68 3341.47
1080000 1119.16 1187.72 1040.48 3347.36
1082000 1121.23 1187.52 1037.18 3345.93
1084000 1121.73 1190.07 1035.97 3347.78
1086000 1122.11 1192.66 1032.43 3347.2
1088000 1129.19 1191.93 1029.71 3350.83
1090000 1127.62 1196.11 1028.88 3352.6
1092000 1127.29 1196.27 1029.92 3353.48
1094000 1128.93 1195.65 1030.71 3355.29
1096000 1131.44 1196.22 1034.56 3362.22
1098000 1131.65 1195.35 1037.41 3364.41
1100000 1131.7 1195.55 1039.57 3366.83
1102000 1133.43 1195.42 1043.53 3372.38
1104000 1134.05 1198.29 1047.86 3380.2
1106000 1139.12 1198.39 1048.87 3386.39
1108000 1143.91 1197.72 1048.43 3390.07
1110000 1146.16 1198.67 1050.9 3395.73
1112000 1146.1 1199.99 1051.19 3397.28
1114000 1149.66 1201.74 1051.06 3402.45
1116000 1151.96 1203.06 1048.74 3403.77
1118000 1151.17 1203.72 1052.41 3407.29
1120000 1153.52 1207.55 1052.97 3414.04
1122000 1151.73 1210.62 1054.47 3416.82
1124000 1155.13 1213.86 1057.86 3426.84
1126000 1155.79 1218.83 1060.39 3435.01
1128000 1158.5 1219.26 1062.43 3440.2
1130000 1163.37 1221.56 1061.59 3446.53
1132000 1165.43 1224.88 1066.78 3457.09
1134000 1167.18 1225.18 1070.24 3462.61
1136000 1172.86 1227.79 1073.28 3473.93
1138000 1172.57 1231.27 1077.52 3481.35
1140000 1173.71 1233.49 1080.01 3487.22
1142000 1173.66 1237.36 1080.66 3491.68
1144000 1173.74 1239.95 1085.33 3499.01
1146000 1174.37 1240.34 1087.47 3502.18
1148000 1173.68 1240.1 1089.84 3503.62
1150000 1177.28 1239.31 1091.98 3508.57
1152000 1181.41 1242.88 1089.35 3513.63
1154000 1183.65 1243.81 1092.15 3519.61
1156000 1183.88 1245.68 1096.89 3526.45
1158000 1184.89 1244.84 1100.14 3529.87
1160000 1185.17 1247.74 1103.26 3536.18
1162000 1186.29 1249.56 1099.83 3535.68
1164000 1192.83 1251.63 1104.19 3548.66
1166000 1195.19 1252.94 1105.24 3553.37
1168000 1199.62 1256.49 1107.93 3564.03
1170000 1203.48 1261.17 1107.97 3572.62
1172000 1204.02 1260.14 1108.91 3573.07
1174000 1206.65 1263.45 1109.63 3579.73
1176000 1204.73 1268.67 1114.92 3588.32
1178000 1208.82 1268.03 1117.65 3594.5
1180000 1214.45 1269.74 1116.08 3600.27
1182000 1212.53 1269.91 1118.27 3600.71
1184000 1210.72 1272.24 1117.35 3600.3
1186000 1213.7 1272.15 1116.09 3601.94
1188000 1216.04 1276.43 1120.67 3613.13
1190000 1218.36 1277.14 1124.68 3620.18
1192000 1215.51 1280.01 1129.43 3624.94
1194000 1215.41 1285.63 1131.92 3632.95
1196000 1216.93 1287.87 1134.46 3639.26
1198000 1218.4 1288.1 1140.03 3646.54
1200000 1221.86 1292.98 1140.16 3655.01
1202000 1228.74 1297.69 1140.25 3666.68
1204000 1231.48 1298.43 1145.74 3675.65
1206000 1233.12 1301.23 1151.51 3685.86
1208000 1238.32 1306.28 1152.57 3697.17
1210000 1243.23 1312.16 1158.98 3714.37
1212000 1245.27 1313.76 1157.96 3716.99
1214000 1251.31 1314.7 1158.25 3724.27
1216000 1250.78 1320.29 1159.91 3730.97
1218000 1250.22 1323.18 1165.6 3739
1220000 1253.3 1327.02 1163.76 3744.08
1222000 1257.51 1324.65 1164.09 3746.25
1224000 1263.69 1325.95 1165.31 3754.96
1226000 1264.94 1324.23 1165.9 3755.07
1228000 1262.45 1328.04 1169.72 3760.22
1230000 1264.54 1331.55 1176.04 3772.13
1232000 1263.34 1331.31 1179.65 3774.29
1234000 1262.92 1329.33 1180.57 3772.82
1236000 1264.73 1334.42 1180.69 3779.85
1238000 1269.13 1332.55 1186.75 3788.43
1240000 1267.76 1338.06 1191.43 3797.25
1242000 1274.35 1340.66 1190.27 3805.28
1244000 1275.27 1345.81 1189.15 3810.23
1246000 1274.68 1346.07 1188.93 3809.67
1248000 1275.93 1350.25 1192.43 3818.61
1250000 1277.69 1353.08 1196.89 3827.65
1252000 1277.97 1355.46 1196 3829.44
1254000 1274.72 1360.18 1200.19 3835.09
1256000 1279.42 1358.82 1204.26 3842.51
1258000 1275.42 1358.78 1203.37 3837.57
1260000 1277.35 1355.51 1203.98 3836.84
1262000 1277.8 1358.22 1201.05 3837.07
1264000 1280.4 1361.97 1205.88 3848.25
1266000 1281.89 1361.85 1207.14 3850.88
1268000 1283.03 1369.64 1206.37 3859.05
1270000 1284.88 1370.62 1207.48 3862.98
1272000 1287.86 1373.77 1207.45 3869.08
1274000 1288.96 1376.01 1209.21 3874.18
1276000 1291.2 1376.49 1207.01 3874.7
1278000 1290.51 1380.63 1212.22 3883.35
1280000 1294.6 1382.82 1213.45 3890.86
1282000 1298.03 1381.63 1214.38 3894.04
1284000 1298 1383.65 1214.94 3896.58
1286000 1302.72 1383.15 1220.37 3906.25
1288000 1306.29 1385.51 1223.57 3915.37
1290000 1308.25 1382.41 1223.6 3914.26
1292000 1309.27 1384.55 1225.7 3919.52
1294000 1306.45 1388.09 1226.69 3921.23
1296000 1307.87 1389.28 1229.81 3926.96
1298000 1312.42 1385.97 1229.7 3928.09
1300000 1314.33 1392.57 1232.92 3939.82
1302000 1314.56 1395.07 1230.63 3940.26
1304000 1317.42 1400.81 1235.3 3953.53
1306000 1320.92 1407.82 1238.89 3967.62
1308000 1323.49 1415.11 1240.72 3979.31
1310000 1323.22 1414.66 1243.73 3981.62
1312000 1324.82 1417.36 1247.16 3989.34
1314000 1330.61 1413.1 1250.96 3994.66
1316000 1331.09 1411.19 1250.48 3992.76
1318000 1333.93 1416.05 1253.59 4003.58
1320000 1338.22 1415.18 1251.8 4005.2
1322000 1339.14 1417.89 1255.6 4012.63
1324000 1339.03 1416.25 1258.42 4013.71
1326000 1341.11 1414.12 1263.91 4019.13
1328000 1343.35 1412.81 1264.11 4020.27
1330000 1347.26 1414.65 1265.94 4027.86
1332000 1348.12 1414.34 1269.3 4031.76
1334000 1351.12 1415.48 1271.91 4038.5
1336000 1353.16 1418.15 1277.32 4048.64
1338000 1355.16 1422.07 1277.41 4054.64
1340000 1359.28 1426.34 1281.1 4066.72
1342000 1364.67 1429.96 1284.04 4078.67
1344000 1366.51 1433.99 1288.74 4089.23
1346000 1368.44 1430.69 1290.75 4089.88
1348000 1365.15 1432.91 1293.38 4091.44
1350000 1366.86 1433.36 1294.41 4094.62
1352000 1373.03 1434.69 1297.91 4105.64
1354000 1377.06 1432.7 1297.1 4106.86
1356000 1379.34 1433.04 1297.41 4109.79
1358000 1383.77 1438.91 1301.78 4124.47
1360000 1385.28 1441.86 1305.03 4132.17
1362000 1388.87 1441.28 1305.51 4135.67
1364000 1389.56 1443.94 1311.16 4144.66
1366000 1389.9 1445.64 1317.22 4152.77
1368000 1392.14 1445.05 1320.35 4157.54
1370000 1392.3 1447.82 1320.04 4160.17
1372000 1393.11 1450.51 1322.65 4166.27
1374000 1394.46 1450.19 1320.92 4165.57
1376000 1400.39 1449.27 1326.73 4176.38
1378000 1404.52 1454.51 1327.36 4186.4
1380000 1410.25 1457.76 1327.69 4195.7
1382000 1408.67 1459.08 1333.25 4201
1384000 1409.92 1460.84 1335.21 4205.97
1386000 1404.62 1466.75 1332.59 4203.96
1388000 1403.72 1476.09 1339.77 4219.58
1390000 1404.09 1481.94 1341.64 4227.67
1392000 1409.53 1486 1340.48 4236.01
1394000 1408.89 1497.13 1341.32 4247.34
1396000 1414.1 1496.98 1341.99 4253.06
1398000 1418.95 1500.24 1340.05 4259.24
1400000 1420.78 1501.88 1345.97 4268.63
1402000 1423.75 1499.58 1346.92 4270.25
1404000 1425.6 1499.18 1348.64 4273.41
1406000 1432.24 1501.93 1348.85 4283.02
1408000 1430.26 1499.37 1350.38 4280.01
1410000 1433.7 1499.67 1351.74 4285.12
1412000 1433.45 1498.71 1356.13 4288.28
1414000 1432.49 1500.45 1356.07 4289.01
1416000 1433.28 1504.42 1356.4 4294.1
1418000 1439.6 1507.57 1356.15 4303.32
1420000 1446.4 1507.42 1356.27 4310.09
1422000 1447.13 1509.14 1363.11 4319.37
1424000 1452.97 1512.28 1361.15 4326.39
1426000 1455.94 1517.11 1360.24 4333.29
1428000 1457.57 1521.11 1359.58 4338.25
1430000 1457.44 1520.44 1364.43 4342.31
1432000 1459.76 1526.33 1369.16 4355.25
1434000 1459.16 1522.95 1371.9 4354.01
1436000 1462.08 1530.93 1372.26 4365.27
1438000 1463.52 1530.33 1376.51 4370.35
1440000 1465.54 1533.45 1379.53 4378.52
1442000 1466.6 1535.19 1380.72 4382.5
1444000 1469.82 1537.58 1382.1 4389.49
1446000 1471.15 1537.95 1380.18 4389.28
1448000 1471.71 1539.01 1383.65 4394.37
1450000 1471.62 1537.36 1387.06 4396.04
1452000 1478.72 1543.08 1388.48 4410.27
1454000 1478.38 1543.28 1386.21 4407.88
1456000 1486.58 1544.22 1385.63 4416.44
1458000 1489.12 1546.26 1384.05 4419.43
1460000 1493.39 1543.21 1383.9 4420.49
1462000 1495.25 1547.07 1387.81 4430.13
1464000 1495.75 1547.46 1388.66 4431.87
1466000 1502.13 1551.96 1391.9 4445.99
1468000 1504.68 1553.49 1393.22 4451.39
1470000 1501.04 1559.65 1396.79 4457.48
1472000 1503.8 1558.85 1394.9 4457.55
1474000 1508.61 1563.85 1394.78 4467.24
1476000 1505.5 1565.5 1394.8 4465.8
1478000 1510.94 1567.93 1398.07 4476.95
1480000 1508.79 1572.66 1400.54 4481.98
1482000 1514.07 1572.84 1400.41 4487.32
1484000 1516.54 1573.27 1401.91 4491.73
1486000 1520.78 1573.16 1400.64 4494.58
1488000 1524.24 1577.7 1402.77 4504.72
1490000 1524.34 1580.32 1399.75 4504.41
1492000 1532.04 1579.08 1401.62 4512.74
1494000 1535.2 1580.79 1404.43 4520.41
1496000 1533.87 1579.76 1407.38 4521.02
1498000 1538.18 1587.26 1410.35 4535.79
1500000 1540.03 1591.32 1413.85 4545.21
1502000 1542.91 1587.32 1414.39 4544.62
1504000 1541.54 1590.3 1411.6 4543.44
1506000 1540.53 1592.38 1412.39 4545.3
1508000 1548.72 1589.68 1414.79 4553.19
1510000 1547.34 1587.95 1421.36 4556.65
1512000 1545.64 1584.31 1426.51 4556.46
1514000 1549.58 1586.33 1428.78 4564.69
1516000 1552.23 1590.06 1434.59 4576.88
1518000 1552.54 1595.51 1438.53 4586.57
1520000 1556.29 1598.68 1446.07 4601.03
1522000 1560.15 1596.73 1452.42 4609.29
1524000 1564.67 1600.94 1454.28 4619.89
1526000 1566.87 1596.46 1463.14 4626.48
1528000 1569.29 1601.29 1464.42 4635
1530000 1568.37 1602.89 1466.16 4637.41
1532000 1566.8 1603.38 1469.51 4639.69
1534000 1569.01 1601.4 1468.14 4638.55
1536000 1572.36 1600.86 1473.27 4646.49
1538000 1572.09 1609.39 1475.27 4656.75
1540000 1572.2 1609.93 1484.9 4667.04
1542000 1572.23 1614.56 1487.05 4673.85
1544000 1571.66 1613.86 1484.48 4669.99
1546000 1572.46 1620.51 1487.84 4680.82
1548000 1576.82 1620.33 1490.24 4687.39
1550000 1576.6 1624.89 1497.2 4698.69
1552000 1580.22 1630.96 1494.5 4705.68
1554000 1577.57 1633.82 1495 4706.39
1556000 1580.04 1637.69 1498.56 4716.3
1558000 1588.33 1639.29 1500.18 4727.8
1560000 1591 1642.07 1499.61 4732.69
1562000 1596.26 1645.37 1500.24 4741.87
1564000 1598.98 1646.45 1505.04 4750.47
1566000 1603.53 1649.67 1504.69 4757.88
1568000 1606.91 1651.39 1508.62 4766.91
1570000 1606.32 1650.43 1508.34 4765.1
1572000 1603.32 1648.51 1514.89 4766.73
1574000 1605.27 1649.53 1514.45 4769.26
1576000 1607.61 1656.84 1518.07 4782.52
1578000 1614.02 1653.34 1520.93 4788.29
1580000 1620.5 1651.36 1523.49 4795.35
1582000 1619.75 1651.72 1521.83 4793.3
1584000 1615.56 1647.51 1520.29 4783.36
1586000 1615.56 1652.29 1520.63 4788.49
1588000 1619.76 1654.21 1523.94 4797.91
1590000 1624.1 1657.94 1528.88 4810.92
1592000 1625.63 1660.48 1526.75 4812.86
1594000 1627.01 1661.8 1533.2 4822.01
1596000 1630.98 1664.82 1529.22 4825.02
1598000 1640.7 1666.14 1536.63 4843.47
1600000 1640.57 1665.7 1534.52 4840.8
1602000 1636.55 1671.72 1537.99 4846.26
1604000 1634.17 1673.7 1536.69 4844.56
1606000 1631.34 1674.94 1539.37 4845.64
1608000 1630.56 1679.53 1541.6 4851.69
1610000 1633.33 1684.13 1543.79 4861.24
1612000 1635.91 1689.28 1548.66 4873.84
1614000 1634.96 1696.28 1546.31 4877.55
1616000 1639.24 1703.64 1549.65 4892.53
1618000 1636.2 1706.26 1547.21 4889.67
1620000 1640.18 1703.69 1549.33 4893.2
1622000 1642.96 1709.78 1551.14 4903.88
1624000 1644.56 1713.92 1555.05 4913.54
1626000 1649 1717.5 1555.79 4922.29
1628000 1649.15 1720.59 1555.97 4925.72
1630000 1649.46 1718.71 1560.27 4928.43
1632000 1648.85 1723.66 1565.84 4938.35
1634000 1652.89 1724.12 1566.77 4943.77
1636000 1649.86 1723.44 1570.15 4943.45
1638000 1651.85 1721.87 1573.86 4947.58
1640000 1656.13 1728.48 1580.18 4964.8
1642000 1659.76 1726.23 1586.33 4972.32
1644000 1658.81 1728.91 1586.69 4974.41
1646000 1661.86 1734.45 1586.85 4983.16
1648000 1664.14 1734.66 1590.02 4988.83
1650000 1664.27 1734.65 1592.72 4991.64
1652000 1669.56 1732.87 1590.33 4992.76
1654000 1667.95 1735.39 1592.2 4995.55
1656000 1672.7 1736.27 1589.83 4998.79
1658000 1675.07 1738.56 1591.83 5005.45
1660000 1679.3 1743.45 1591.73 5014.48
1662000 1680.97 1744.96 1594.36 5020.28
1664000 1674.77 1747.26 1598.78 5020.8
1666000 1672.83 1752.7 1596.21 5021.74
1668000 1676.79 1755.62 1598.32 5030.74
1670000 1678.99 1758 1600.74 5037.73
1672000 1676.84 1757.7 1605.7 5040.24
1674000 1679.67 1757.9 1609.92 5047.48
1676000 1678.33 1756.17 1610.22 5044.72
1678000 1678.62 1759.58 1609.84 5048.04
1680000 1679.22 1762.98 1613.29 5055.49
1682000 1681.1 1768.77 1617.85 5067.72
1684000 1684.17 1774.2 1620.93 5079.3
1686000 1684.17 1774.46 1628.26 5086.89
1688000 1690.57 1778.65 1635 5104.23
1690000 1696.85 1780.86 1639.3 5117
1692000 1697.1 1782.41 1639.26 5118.78
1694000 1698.55 1785.14 1646.41 5130.1
1696000 1702.83 1783.16 1647 5132.99
1698000 1704.8 1781.67 1649.88 5136.35
1700000 1705.46 1783.42 1652.7 5141.58
1702000 1712 1787.1 1653.84 5152.94
1704000 1711.95 1793.59 1664.17 5169.71
1706000 1716.1 1793 1667.28 5176.38
1708000 1715.67 1797.68 1668.14 5181.49
1710000 1715.55 1799.85 1666.8 5182.2
1712000 1718.76 1803.05 1672.85 5194.66
1714000 1721.57 1803.7 1671.85 5197.11
1716000 1728.57 1804.35 1668.61 5201.53
1718000 1729.8 1807.62 1671.37 5208.79
1720000 1735.9 1807.31 1675.32 5218.53
1722000 1734.24 1804.44 1676.88 5215.56
1724000 1741.25 1802.62 1679.21 5223.07
1726000 1741.57 1803.64 1680.29 5225.51
1728000 1739.45 1804.35 1685.46 5229.26
1730000 1741.93 1802.16 1692.96 5237.04
1732000 1741.52 1800.63 1689.44 5231.59
1734000 1748.81 1805.12 1692.4 5246.33
1736000 1752.46 1807.72 1695.76 5255.94
1738000 1755.22 1807.21 1698.51 5260.95
1740000 1757.87 1809.86 1703.02 5270.75
1742000 1759.71 1811 1703.89 5274.59
1744000 1759.83 1816.14 1712.1 5288.07
1746000 1766.2 1818.78 1716.09 5301.07
1748000 1768.91 1825.68 1714.6 5309.19
1750000 1766.16 1825.71 1711.89 5303.76
1752000 1768.63 1825.39 1718.91 5312.94
1754000 1768.56 1831.06 1718.32 5317.94
1756000 1771.68 1831.43 1725.89 5329
1758000 1774.15 1837.11 1730.07 5341.33
1760000 1775.77 1844.47 1731.24 5351.47
1762000 1779.7 1848.12 1730.89 5358.71
1764000 1785.15 1849.6 1726.38 5361.13
1766000 1794.11 1857.34 1724.41 5375.85
1768000 1795.62 1853.86 1724.36 5373.84
1770000 1801.18 1856 1726.8 5383.97
1772000 1803.03 1861.41 1729.37 5393.8
1774000 1804.28 1859.3 1734.05 5397.64
1776000 1804.52 1857.31 1741.62 5403.44
1778000 1804.6 1856.53 1738.63 5399.76
1780000 1806.31 1857.56 1732.06 5395.94
1782000 1805.08 1858.26 1737.8 5401.14
1784000 1807.56 1859.87 1737.27 5404.7
1786000 1803.6 1861.57 1744.36 5409.53
1788000 1806.33 1866.08 1745.01 5417.41
1790000 1806.29 1868.07 1749.56 5423.93
1792000 1808.21 1867.03 1754.97 5430.21
1794000 1806.66 1870.55 1757.81 5435.02
1796000 1803.89 1867.99 1760.08 5431.95
1798000 1807.85 1869.39 1759.22 5436.45
1800000 1809.94 1871.52 1762.81 5444.27
1802000 1809.45 1873.3 1766.08 5448.83
1804000 1810.33 1875.68 1766.52 5452.53
1806000 1808.82 1870.7 1767.92 5447.44
1808000 1807.78 1874.38 1769.87 5452.03
1810000 1806.79 1876.38 1769.19 5452.35
1812000 1812.01 1878.25 1775 5465.26
1814000 1819.28 1888.23 1774.15 5481.66
1816000 1821.14 1889.88 1778.35 5489.37
1818000 1822.02 1895.48 1781.37 5498.86
1820000 1822.41 1892.79 1780.71 5495.9
1822000 1823.27 1893.31 1782.58 5499.16
1824000 1822 1895.35 1786.86 5504.21
1826000 1824.79 1894.15 1784.98 5503.92
1828000 1823.39 1893.25 1786.94 5503.59
1830000 1821.37 1897.73 1789.34 5508.43
1832000 1822.4 1894.82 1784.53 5501.75
1834000 1824.62 1897.08 1789.32 5511.02
1836000 1829.97 1897.75 1792.62 5520.34
1838000 1830.45 1899.33 1793.06 5522.84
1840000 1833.05 1899.82 1795.38 5528.24
1842000 1828.8 1897.89 1795.03 5521.72
1844000 1832.59 1900.13 1793.79 5526.5
1846000 1833.98 1899.56 1798.32 5531.86
1848000 1833.28 1902.93 1800.22 5536.43
1850000 1840.38 1911.81 1798.83 5551.02
1852000 1841.71 1911.99 1801.84 5555.54
1854000 1844.71 1915.96 1798.78 5559.45
1856000 1844.78 1917.36 1794.76 5556.89
1858000 1845.71 1924.73 1797.28 5567.72
1860000 1849.38 1921.87 1801.77 5573.02
1862000 1852.39 1927.36 1804.48 5584.23
1864000 1857.61 1928.08 1806.01 5591.71
1866000 1860.82 1926.46 1805.78 5593.06
1868000 1863.03 1926.51 1802.21 5591.75
1870000 1865.69 1929.42 1799.91 5595.02
1872000 1869.82 1929.34 1801.35 5600.51
1874000 1871.89 1931.95 1804.52 5608.35
1876000 1874.14 1938.18 1805.27 5617.6
1878000 1881.52 1941.51 1809.88 5632.92
1880000 1888.63 1939.86 1812.47 5640.96
1882000 1884.92 1943.06 1813.44 5641.42
1884000 1887.37 1946.78 1811.47 5645.63
1886000 1887.44 1944.94 1814.7 5647.08
1888000 1893.23 1945.36 1818.29 5656.87
1890000 1893.04 1942.71 1820.84 5656.59
1892000 1898.2 1941.38 1824.62 5664.19
1894000 1905.84 1943.22 1825.18 5674.24
1896000 1907.31 1947.27 1824.29 5678.86
1898000 1909.83 1950.47 1833.56 5693.86
1900000 1911.08 1953.67 1839.11 5703.86
1902000 1916.19 1954.63 1843.11 5713.92
1904000 1913.99 1962.96 1843.88 5720.83
1906000 1911.7 1965.54 1844.29 5721.53
1908000 1914.97 1962.24 1847.86 5725.06
1910000 1918.18 1971.03 1851.59 5740.79
1912000 1923.57 1971.91 1855.52 5751
1914000 1926.83 1970.05 1861.91 5758.79
1916000 1932.63 1971.29 1861.36 5765.29
1918000 1935.48 1974.08 1864.42 5773.98
1920000 1931.47 1973.97 1862.21 5767.65
1922000 1932.66 1973.77 1864.88 5771.31
1924000 1938.69 1974.63 1865.6 5778.92
1926000 1940.3 1973.18 1864.7 5778.18
1928000 1944.43 1974.34 1869.84 5788.61
1930000 1951.68 1974.44 1872.6 5798.72
1932000 1955.48 1975.45 1876.94 5807.88
1934000 1954.38 1970.63 1875.77 5800.78
1936000 1955.49 1971.18 1879.7 5806.36
1938000 1954.88 1975.66 1884.62 5815.15
1940000 1951.69 1984.14 1883.51 5819.35
1942000 1955.78 1985.42 1886.38 5827.58
1944000 1960.62 1988.98 1889.55 5839.14
1946000 1962.22 1992.19 1890 5844.42
1948000 1964.44 1990.63 1894.33 5849.4
1950000 1972.49 1994.78 1899.2 5866.46
1952000 1975.65 2001.73 1902.26 5879.64
1954000 1977.49 2001.43 1902.61 5881.53
1956000 1974.34 2004.97 1908.45 5887.76
1958000 1980.35 2009.16 1912.5 5902.01
1960000 1977.27 2011.6 1914.9 5903.77
1962000 1984.05 2011.81 1919.78 5915.64
1964000 1988.27 2011.03 1919.49 5918.79
1966000 1992.05 2010.22 1923.22 5925.49
1968000 1991.66 2012.77 1922.18 5926.62
1970000 1994.76 2012.65 1919.79 5927.2
1972000 1991.83 2013.09 1922.66 5927.59
1974000 1994.91 2016.91 1924.3 5936.13
1976000 1994.61 2015.57 1931.02 5941.21
1978000 1999.01 2016.11 1931.68 5946.81
1980000 2001.48 2016.23 1923.71 5941.43
1982000 1995.65 2014.88 1929.98 5940.5
1984000 2000.26 2013.3 1932.25 5945.81
1986000 2001.19 2016.11 1935.47 5952.77
1988000 2006.51 2021.45 1935.64 5963.61
1990000 2009.65 2029.78 1935.79 5975.21
1992000 2012.95 2032.73 1938.27 5983.95
1994000 2017.71 2031.87 1943.57 5993.15
1996000 2020.97 2029.17 1947.26 5997.4
1998000 2023.6 2034.03 1949.36 6006.99
2000000 2029.01 2040.94 1953.58 6023.53
