# Time-averaged data for fix savemsd
# TimeStep c_msd[1] c_msd[2] c_msd[3] c_msd[4]
0 3.65213e-33 5.4782e-33 3.65213e-33 1.27825e-32
2000 0.0417411 0.0659904 0.0380511 0.145783
4000 0.0384296 0.0543573 0.0377965 0.130583
6000 0.0390411 0.052267 0.0439877 0.135296
8000 0.0410217 0.0922853 0.040257 0.173564
10000 0.0394192 0.048707 0.0442266 0.132353
12000 0.040202 0.0623304 0.0472468 0.149779
14000 0.0441854 0.0910888 0.0430283 0.178302
16000 0.0440666 0.130602 0.0383106 0.212979
18000 0.0445431 0.195009 0.042241 0.281793
20000 0.0413988 0.136483 0.0408529 0.218734
22000 0.0452685 0.13747 0.0434582 0.226197
24000 0.0451501 0.165702 0.0387737 0.249626
26000 0.0512502 0.361569 0.041172 0.453991
28000 0.0600374 0.622235 0.0491217 0.731394
30000 0.0577429 0.602678 0.0467239 0.707145
32000 0.0561685 0.516315 0.0449674 0.617451
34000 0.0532056 0.556969 0.0430473 0.653222
36000 0.0535501 0.420219 0.0479272 0.521696
38000 0.0554282 0.454048 0.0440844 0.55356
40000 0.055241 0.632281 0.0444434 0.731965
42000 0.0608214 0.915558 0.0405244 1.0169
44000 0.0518567 0.400769 0.0481672 0.500793
46000 0.0549509 0.45745 0.0474415 0.559843
48000 0.0563653 0.586638 0.0483401 0.691343
50000 0.0553565 0.615715 0.0443569 0.715428
52000 0.0585674 0.823075 0.0420886 0.923731
54000 0.0631347 0.876336 0.0449718 0.984443
56000 0.0673987 0.97649 0.0461457 1.09003
58000 0.0699707 1.1831 0.0456602 1.29873
60000 0.0779377 1.21541 0.0429544 1.3363
62000 0.0717477 0.9775 0.0515113 1.10076
64000 0.0719766 0.973486 0.0441759 1.08964
66000 0.0672207 0.892454 0.0516788 1.01135
68000 0.0698963 0.796439 0.0504463 0.916782
70000 0.0663441 0.805582 0.0473382 0.919264
72000 0.0740843 1.16548 0.0437742 1.28333
74000 0.0804037 1.46757 0.048005 1.59598
76000 0.0825006 1.65884 0.052828 1.79417
78000 0.0898833 1.99044 0.047806 2.12813
80000 0.0863246 1.79394 0.0493965 1.92966
82000 0.0821875 1.69767 0.0476444 1.8275
84000 0.0848518 1.83619 0.0448641 1.9659
86000 0.0862344 1.84778 0.0496361 1.98365
88000 0.089517 1.79896 0.0497138 1.93819
90000 0.104552 2.38306 0.0543758 2.54198
92000 0.0969342 2.51085 0.0499227 2.65771
94000 0.110189 2.28764 0.049447 2.44728
96000 0.0904926 2.06589 0.046852 2.20323
98000 0.0945181 2.29679 0.0442311 2.43554
100000 0.108287 2.41086 0.0477911 2.56694
102000 0.101676 2.22355 0.0466693 2.37189
104000 0.0983246 2.10086 0.0458646 2.24505
106000 0.0863094 2.01695 0.0444529 2.14771
108000 0.0890586 1.9731 0.0497062 2.11187
110000 0.0942593 1.96545 0.0467934 2.1065
112000 0.091453 1.76679 0.0449923 1.90323
114000 0.0786409 1.41272 0.0493909 1.54075
116000 0.0742649 1.28695 0.0464681 1.40769
118000 0.0763914 1.07791 0.0461393 1.20044
120000 0.0690712 0.802649 0.0492028 0.920923
122000 0.0591002 0.37569 0.0397552 0.474546
124000 0.0526663 0.296041 0.0434777 0.392185
126000 0.0454782 0.144213 0.0392815 0.228972
128000 0.0535055 0.17242 0.0499503 0.275876
130000 0.0467978 0.173587 0.0397115 0.260097
132000 0.0481887 0.156326 0.0433645 0.247879
134000 0.051455 0.134998 0.0459018 0.232355
136000 0.0487166 0.200162 0.0425969 0.291476
138000 0.0465073 0.097644 0.0430448 0.187196
140000 0.0505764 0.294062 0.0428028 0.387441
142000 0.0468313 0.10373 0.0422711 0.192832
144000 0.0499856 0.163465 0.0511904 0.264641
146000 0.04856 0.153503 0.0434434 0.245507
148000 0.0581307 0.30602 0.0454849 0.409635
150000 0.0511618 0.138601 0.0409449 0.230708
152000 0.0454151 0.0838611 0.0426524 0.171929
154000 0.0487337 0.0711442 0.0494619 0.16934
156000 0.0462182 0.0942366 0.0438658 0.184321
158000 0.0435402 0.0672902 0.0403083 0.151139
160000 0.0521035 0.111615 0.0426069 0.206325
162000 0.0490891 0.174921 0.0482722 0.272282
164000 0.0437482 0.164182 0.0428176 0.250748
166000 0.0415519 0.0644429 0.0397996 0.145794
168000 0.0502199 0.236166 0.0431709 0.329557
170000 0.0481924 0.12093 0.0462629 0.215385
172000 0.0483881 0.0762168 0.0407422 0.165347
174000 0.0483071 0.126192 0.0437274 0.218227
176000 0.0436 0.0716594 0.0431572 0.158417
178000 0.0448596 0.0799024 0.0465288 0.171291
180000 0.0486437 0.100503 0.0451853 0.194332
182000 0.0493491 0.12152 0.0445329 0.215402
184000 0.0492332 0.0943236 0.0422837 0.18584
186000 0.0507935 0.161203 0.0426209 0.254617
188000 0.054305 0.19633 0.0429062 0.293541
190000 0.0481953 0.0980799 0.041457 0.187732
192000 0.0445236 0.0637245 0.0426486 0.150897
194000 0.0440298 0.0782591 0.0435682 0.165857
196000 0.0440178 0.0682722 0.0358104 0.1481
198000 0.041907 0.0780295 0.038485 0.158422
200000 0.0440525 0.0603889 0.0443645 0.148806
202000 0.0453541 0.0683813 0.0440172 0.157753
204000 0.0492325 0.0903544 0.048016 0.187603
206000 0.0470732 0.165272 0.0492381 0.261583
208000 0.0465969 0.108042 0.0414246 0.196063
210000 0.0492262 0.0996369 0.0426418 0.191505
212000 0.0503189 0.218946 0.0410048 0.31027
214000 0.0570898 0.406687 0.0420688 0.505846
216000 0.0646442 0.594523 0.0391084 0.698275
218000 0.0731949 1.07151 0.0451051 1.18981
220000 0.0755377 1.14615 0.0451152 1.2668
222000 0.0687154 1.0061 0.0431659 1.11798
224000 0.0722128 1.19603 0.0444704 1.31272
226000 0.0714797 1.10839 0.0437417 1.22361
228000 0.0742312 1.24587 0.0467102 1.36681
230000 0.0727666 1.40899 0.0495895 1.53135
232000 0.0827184 1.65485 0.0446341 1.7822
234000 0.0815229 1.84571 0.0473906 1.97462
236000 0.09672 2.18462 0.0495653 2.33091
238000 0.0876568 2.20726 0.0471544 2.34207
240000 0.0912251 2.40686 0.0471454 2.54523
242000 0.111405 2.52035 0.0477308 2.67949
244000 0.107271 2.39443 0.046938 2.54864
246000 0.115275 2.61343 0.0441648 2.77287
248000 0.118912 2.51586 0.0485059 2.68328
250000 0.123055 2.68847 0.0515158 2.86304
252000 0.119563 2.47166 0.0479279 2.63915
254000 0.119855 2.49872 0.0556364 2.67421
256000 0.128829 2.50237 0.0491294 2.68033
258000 0.125788 2.66832 0.0450729 2.83918
260000 0.127164 2.44939 0.0464148 2.62297
262000 0.12497 2.52278 0.0502198 2.69797
264000 0.141074 2.56858 0.0475055 2.75716
266000 0.155352 2.11076 0.0508863 2.317
268000 0.153793 2.38126 0.048851 2.58391
270000 0.137413 2.38478 0.0501398 2.57234
272000 0.124248 2.56867 0.0512274 2.74415
274000 0.114775 2.6153 0.0498252 2.7799
276000 0.105714 2.59735 0.0530521 2.75612
278000 0.111124 2.51943 0.0469136 2.67747
280000 0.111142 2.67224 0.0459331 2.82931
282000 0.115404 2.51303 0.0508515 2.67929
284000 0.107504 2.5579 0.0489 2.71431
286000 0.104049 2.57773 0.051947 2.73373
288000 0.113144 2.589 0.0564232 2.75857
290000 0.115399 2.54482 0.052063 2.71228
292000 0.105201 2.39669 0.0458458 2.54774
294000 0.104349 2.35834 0.0470194 2.50971
296000 0.105421 2.25813 0.0465994 2.41015
298000 0.0927938 2.13726 0.0469384 2.277
300000 0.0924638 2.39077 0.0456348 2.52887
302000 0.100055 2.35512 0.0448076 2.49998
304000 0.0991275 2.43384 0.0495383 2.58251
306000 0.105567 2.38748 0.0474843 2.54053
308000 0.106366 2.53462 0.0511747 2.69216
310000 0.118982 2.56038 0.0517219 2.73108
312000 0.124439 2.53359 0.0452904 2.70332
314000 0.11324 2.51044 0.0520732 2.67575
316000 0.120642 2.70801 0.0545243 2.88318
318000 0.103079 2.35455 0.0517111 2.50934
320000 0.104537 2.49041 0.0426159 2.63756
322000 0.109935 2.45095 0.0491101 2.61
324000 0.114371 2.48582 0.0436857 2.64388
326000 0.111576 2.53656 0.0508438 2.69898
328000 0.116372 2.54389 0.0517907 2.71206
330000 0.114123 2.62363 0.0548184 2.79257
332000 0.11661 2.58187 0.0522742 2.75076
334000 0.121079 2.66188 0.0490793 2.83204
336000 0.119049 2.52773 0.0490628 2.69584
338000 0.13131 2.53554 0.0490399 2.71589
340000 0.122523 2.51196 0.0534297 2.68791
342000 0.125093 2.59345 0.0487629 2.76731
344000 0.110236 2.67988 0.0544587 2.84457
346000 0.113704 2.65265 0.050095 2.81645
348000 0.127636 2.62098 0.0481366 2.79675
350000 0.140127 2.4575 0.0577016 2.65533
352000 0.141005 2.46953 0.0500664 2.6606
354000 0.140687 2.39695 0.0512525 2.58889
356000 0.140915 2.50344 0.0482086 2.69257
358000 0.12829 2.64693 0.0486948 2.82391
360000 0.124535 2.53105 0.0458064 2.70139
362000 0.123862 2.60109 0.0437779 2.76873
364000 0.121127 2.54952 0.0461211 2.71676
366000 0.113134 2.64143 0.0473925 2.80195
368000 0.118901 2.5643 0.0492944 2.7325
370000 0.112661 2.30114 0.058241 2.47204
372000 0.110828 2.57633 0.0541129 2.74127
374000 0.117541 2.62294 0.0488145 2.7893
376000 0.115292 2.67117 0.0445547 2.83102
378000 0.107869 2.45928 0.0449987 2.61215
380000 0.105665 2.44318 0.0488319 2.59768
382000 0.103272 2.46791 0.0486776 2.61986
384000 0.10081 2.32295 0.0474054 2.47117
386000 0.103924 2.32307 0.047805 2.4748
388000 0.100422 2.31784 0.044365 2.46263
390000 0.121321 2.75173 0.0438443 2.9169
392000 0.122582 2.66868 0.0504239 2.84169
394000 0.111443 2.51477 0.0497848 2.676
396000 0.115433 2.48984 0.0507371 2.65601
398000 0.10833 2.51462 0.0480964 2.67105
400000 0.105981 2.50495 0.0451757 2.65611
402000 0.107349 2.45952 0.0475069 2.61438
404000 0.106929 2.43868 0.0545569 2.60016
406000 0.0977536 2.42331 0.0471932 2.56825
408000 0.104092 2.4273 0.0503527 2.58174
410000 0.111746 2.52699 0.0502854 2.68902
412000 0.106637 2.53862 0.0451304 2.69039
414000 0.105043 2.54504 0.0446959 2.69478
416000 0.116068 2.55789 0.0550568 2.72901
418000 0.108781 2.33559 0.052667 2.49703
420000 0.114405 2.69021 0.0479476 2.85257
422000 0.110306 2.44139 0.0550963 2.60679
424000 0.121886 2.52098 0.0534921 2.69636
426000 0.120353 2.67699 0.0547557 2.8521
428000 0.125654 2.71601 0.0662011 2.90786
430000 0.128171 2.48547 0.0574201 2.67106
432000 0.115765 2.29274 0.057809 2.46631
434000 0.126849 2.53143 0.0534425 2.71172
436000 0.130618 2.61704 0.0521646 2.79982
438000 0.127897 2.74629 0.0557343 2.92992
440000 0.124197 2.63443 0.0532931 2.81192
442000 0.116582 2.4249 0.0531082 2.59459
444000 0.111566 2.4806 0.0527466 2.64491
446000 0.12283 2.55416 0.0489258 2.72591
448000 0.118692 2.60313 0.0516987 2.77352
450000 0.120351 2.59433 0.0576682 2.77235
452000 0.136108 2.73791 0.058674 2.93269
454000 0.124859 2.62869 0.0500996 2.80365
456000 0.125296 2.4368 0.0587088 2.6208
458000 0.120571 2.56803 0.055096 2.7437
460000 0.118106 2.57581 0.0491925 2.74311
462000 0.12001 2.54263 0.0529531 2.71559
464000 0.120725 2.49946 0.0556051 2.67579
466000 0.142383 2.53398 0.0586753 2.73504
468000 0.130949 2.73273 0.0476943 2.91137
470000 0.137034 2.60155 0.0573429 2.79592
472000 0.146754 2.55842 0.0537897 2.75896
474000 0.143113 2.58483 0.0606966 2.78864
476000 0.150071 2.46743 0.058344 2.67585
478000 0.157756 2.46217 0.0524076 2.67234
480000 0.146854 2.5226 0.0594729 2.72893
482000 0.151802 2.29317 0.0517631 2.49673
484000 0.16227 2.42497 0.0580048 2.64524
486000 0.164811 2.48589 0.0484895 2.69919
488000 0.144382 2.59769 0.0543712 2.79645
490000 0.142439 2.64247 0.0484316 2.83334
492000 0.146336 2.6583 0.0581763 2.86281
494000 0.144529 2.67322 0.054329 2.87208
496000 0.142943 2.63696 0.0556764 2.83558
498000 0.143731 2.60265 0.0554877 2.80187
500000 0.139945 2.62399 0.0578092 2.82175
502000 0.130772 2.60109 0.0526593 2.78452
504000 0.143538 2.84016 0.0517119 3.03541
506000 0.145655 2.60288 0.053332 2.80187
508000 0.138188 2.76602 0.0520336 2.95624
510000 0.125986 2.53311 0.05386 2.71296
512000 0.138991 2.5281 0.059415 2.72651
514000 0.138508 2.45481 0.0569783 2.6503
516000 0.145299 2.41949 0.0609465 2.62573
518000 0.134568 2.65659 0.0588965 2.85005
520000 0.136519 2.54308 0.0595598 2.73916
522000 0.147269 2.65648 0.0525715 2.85633
524000 0.138519 2.44576 0.0561237 2.6404
526000 0.142394 2.56227 0.0525182 2.75719
528000 0.153833 2.65082 0.0521034 2.85675
530000 0.138511 2.74665 0.0557272 2.94089
532000 0.142891 2.67061 0.0598167 2.87332
534000 0.152117 2.56328 0.0546112 2.77001
536000 0.154735 2.4322 0.0548906 2.64183
538000 0.15589 2.49726 0.0543586 2.70751
540000 0.1586 2.22239 0.0570862 2.43808
542000 0.168597 2.14123 0.0572945 2.36712
544000 0.168911 2.13665 0.0560968 2.36166
546000 0.179659 1.86947 0.0593307 2.10846
548000 0.166846 1.95162 0.058217 2.17669
550000 0.172005 2.08832 0.0591545 2.31948
552000 0.175363 2.06557 0.054406 2.29534
554000 0.162027 2.05459 0.0668595 2.28348
556000 0.166589 2.1516 0.0558751 2.37407
558000 0.170659 2.15176 0.0539086 2.37633
560000 0.177068 1.97401 0.0578153 2.20889
562000 0.172921 1.93192 0.0585358 2.16338
564000 0.182209 2.03385 0.0596724 2.27573
566000 0.18841 1.87857 0.0593621 2.12635
568000 0.18782 1.56543 0.0563119 1.80956
570000 0.187597 1.95606 0.0530603 2.19671
572000 0.183671 1.84983 0.0538677 2.08737
574000 0.1833 1.89157 0.055364 2.13023
576000 0.183163 1.92625 0.0597356 2.16915
578000 0.172478 2.07679 0.0537266 2.303
580000 0.18362 1.96616 0.0543946 2.20417
582000 0.173809 1.9035 0.0572587 2.13457
584000 0.183556 1.72749 0.06201 1.97306
586000 0.16982 2.0727 0.0550257 2.29754
588000 0.181477 1.98955 0.0526264 2.22365
590000 0.180093 2.00679 0.0534315 2.24031
592000 0.189096 1.78696 0.053275 2.02933
594000 0.180016 1.83521 0.0621091 2.07733
596000 0.178242 1.88969 0.0522757 2.12021
598000 0.179003 2.06266 0.0551102 2.29677
600000 0.181003 1.9501 0.0552592 2.18636
602000 0.178017 2.03661 0.0517186 2.26635
604000 0.186127 1.81697 0.0620872 2.06518
606000 0.182449 1.61762 0.054707 1.85478
608000 0.193214 1.54585 0.057621 1.79669
610000 0.191125 1.54208 0.0561814 1.78939
612000 0.199607 1.52028 0.0580569 1.77794
614000 0.190888 1.35104 0.0614563 1.60338
616000 0.202314 1.30653 0.057407 1.56625
618000 0.203708 1.42728 0.0628491 1.69384
620000 0.208542 1.25875 0.0583042 1.5256
622000 0.209878 1.31945 0.0561921 1.58552
624000 0.209643 1.16783 0.0531119 1.43059
626000 0.218284 1.2626 0.0561931 1.53708
628000 0.207748 1.31345 0.0535964 1.57479
630000 0.210173 1.22212 0.0623975 1.49469
632000 0.210322 1.354 0.0548116 1.61913
634000 0.21924 1.22161 0.0620555 1.50291
636000 0.20439 1.27804 0.0558198 1.53824
638000 0.21954 1.11884 0.0571616 1.39555
640000 0.225415 1.04928 0.0601092 1.33481
642000 0.247497 1.04839 0.0716258 1.36751
644000 0.247284 1.08483 0.0631135 1.39523
646000 0.258761 1.14067 0.06355 1.46298
648000 0.254267 1.14391 0.0606437 1.45882
650000 0.259874 1.11908 0.056821 1.43578
652000 0.246796 1.08326 0.0610867 1.39114
654000 0.243097 1.0495 0.0602964 1.35289
656000 0.252752 1.11775 0.0635493 1.43405
658000 0.238369 1.03468 0.0593757 1.33243
660000 0.236103 1.07002 0.0560696 1.36219
662000 0.232643 1.09151 0.0587022 1.38286
664000 0.219566 1.11586 0.0550791 1.39051
666000 0.212103 1.13114 0.0523418 1.39558
668000 0.225356 1.17993 0.0532373 1.45853
670000 0.224387 1.11797 0.0625837 1.40494
672000 0.215925 1.18434 0.060797 1.46106
674000 0.224413 1.11529 0.0522464 1.39195
676000 0.231726 1.05894 0.0641032 1.35476
678000 0.233041 1.04179 0.0561406 1.33097
680000 0.201053 1.31885 0.0557503 1.57565
682000 0.20484 1.30083 0.0546151 1.56029
684000 0.199944 1.46761 0.0594492 1.72701
686000 0.201509 1.41477 0.0569736 1.67325
688000 0.184694 1.79097 0.0556344 2.0313
690000 0.183533 1.67523 0.0530517 1.91182
692000 0.201239 1.73885 0.0531409 1.99323
694000 0.207202 1.53733 0.0557635 1.8003
696000 0.199599 1.44099 0.0578612 1.69845
698000 0.186461 1.4588 0.0536378 1.6989
700000 0.196532 1.69759 0.0535108 1.94764
702000 0.192913 1.53891 0.0582564 1.79008
704000 0.188788 1.71594 0.0612692 1.966
706000 0.189391 1.74499 0.060745 1.99512
708000 0.190516 1.85812 0.053103 2.10174
710000 0.178066 1.84588 0.0551472 2.07909
712000 0.17035 2.25751 0.0536611 2.48152
714000 0.172778 2.20548 0.0549355 2.43319
716000 0.166934 2.39866 0.0583925 2.62399
718000 0.153058 2.34878 0.0590624 2.5609
720000 0.166729 2.22708 0.054081 2.44789
722000 0.172068 2.31354 0.0502057 2.53582
724000 0.164379 2.33686 0.0510775 2.55231
726000 0.169149 2.17143 0.0564006 2.39698
728000 0.166701 2.38257 0.0572978 2.60657
730000 0.167221 2.34145 0.0562881 2.56496
732000 0.179458 2.02524 0.0612868 2.26599
734000 0.179887 2.16771 0.0504906 2.39808
736000 0.173714 2.11548 0.0534218 2.34261
738000 0.182134 2.01363 0.052036 2.2478
740000 0.18149 1.97714 0.0564239 2.21506
742000 0.184988 1.99568 0.0590747 2.23974
744000 0.185845 2.03587 0.0590901 2.2808
746000 0.178169 2.21756 0.0549022 2.45063
748000 0.164559 2.4605 0.0592801 2.68434
750000 0.163507 2.50831 0.0644746 2.73629
752000 0.150652 2.59307 0.0548723 2.79859
754000 0.159182 2.49754 0.0530229 2.70974
756000 0.157708 2.35733 0.0542881 2.56933
758000 0.159514 2.49892 0.0511166 2.70955
760000 0.158995 2.47752 0.0531768 2.6897
762000 0.146749 2.43991 0.0544168 2.64107
764000 0.151344 2.63085 0.0582218 2.84042
766000 0.163059 2.50555 0.0572015 2.72581
768000 0.147428 2.61998 0.0552835 2.82269
770000 0.142328 2.51365 0.0493195 2.7053
772000 0.141252 2.61188 0.0528165 2.80595
774000 0.1318 2.69682 0.0539714 2.88259
776000 0.145162 2.70332 0.0571328 2.90561
778000 0.136455 2.60747 0.0600591 2.80399
780000 0.125437 2.54243 0.0547172 2.72258
782000 0.138563 2.74707 0.0556968 2.94133
784000 0.146675 2.57663 0.0550201 2.77833
786000 0.140853 2.63355 0.0565379 2.83094
788000 0.13593 2.5512 0.0549991 2.74212
790000 0.138027 2.6414 0.0532584 2.83268
792000 0.144291 2.66879 0.0599648 2.87305
794000 0.154931 2.50771 0.055985 2.71863
796000 0.143116 2.60498 0.0514327 2.79952
798000 0.138147 2.65636 0.0531802 2.84769
800000 0.135379 2.62255 0.0578219 2.81575
802000 0.132486 2.64199 0.0531125 2.82759
804000 0.138801 2.6484 0.0522232 2.83942
806000 0.141957 2.67733 0.0496894 2.86897
808000 0.144474 2.584 0.0564649 2.78494
810000 0.136702 2.72814 0.052504 2.91734
812000 0.122528 2.54809 0.0575542 2.72817
814000 0.122804 2.38783 0.0482353 2.55887
816000 0.141721 2.54102 0.0542493 2.73699
818000 0.127506 2.63302 0.0518224 2.81235
820000 0.114694 2.33811 0.0521606 2.50497
822000 0.116017 2.20162 0.055795 2.37343
824000 0.113181 2.21515 0.060347 2.38867
826000 0.107277 1.9833 0.0499282 2.1405
828000 0.100778 1.92004 0.054255 2.07507
830000 0.107005 2.17796 0.0504835 2.33545
832000 0.100212 1.68068 0.0504485 1.83134
834000 0.0921739 1.22569 0.0590551 1.37691
836000 0.0903798 1.09266 0.0510319 1.23407
838000 0.0890751 0.981119 0.0529423 1.12314
840000 0.082288 0.946135 0.0523603 1.08078
842000 0.0865515 0.941806 0.0484605 1.07682
844000 0.0929826 0.991803 0.0498013 1.13459
846000 0.0881705 1.10193 0.0488253 1.23893
848000 0.0819411 1.05246 0.0436907 1.1781
850000 0.0840186 0.809593 0.0533022 0.946914
852000 0.0906477 0.986274 0.0535649 1.13049
854000 0.0948452 1.28954 0.0541001 1.43849
856000 0.0943543 1.24976 0.0516069 1.39572
858000 0.0900244 1.17854 0.0512792 1.31984
860000 0.0932658 1.39732 0.0492611 1.53984
862000 0.087202 1.22101 0.0490961 1.35731
864000 0.0924213 1.41468 0.0494832 1.55659
866000 0.0921728 1.25122 0.050248 1.39364
868000 0.101146 1.3162 0.0497595 1.46711
870000 0.0889564 1.05963 0.0526858 1.20127
872000 0.0831801 0.792309 0.0473078 0.922797
874000 0.0917132 1.41475 0.0546329 1.5611
876000 0.100415 1.5863 0.0474943 1.73421
878000 0.0934224 1.56097 0.0484869 1.70288
880000 0.0966598 1.65618 0.0453493 1.79819
882000 0.103049 1.93694 0.0490149 2.08901
884000 0.101155 2.03346 0.0503365 2.18495
886000 0.118527 2.29894 0.0540783 2.47155
888000 0.112755 2.24714 0.0515043 2.4114
890000 0.112697 2.21411 0.0480302 2.37484
892000 0.112673 2.27106 0.0577964 2.44153
894000 0.116417 2.37756 0.0524623 2.54644
896000 0.109468 2.13882 0.0522019 2.30049
898000 0.101773 2.07134 0.0513481 2.22446
900000 0.106659 1.92768 0.0525163 2.08686
902000 0.102288 1.76507 0.052953 1.92031
904000 0.10373 1.83924 0.0534332 1.9964
906000 0.116118 2.08842 0.0534034 2.25794
908000 0.114734 2.2402 0.0550983 2.41004
910000 0.11705 2.32165 0.0570523 2.49575
912000 0.120039 2.54659 0.0531293 2.71976
914000 0.128166 2.82459 0.05996 3.01272
916000 0.118228 2.43675 0.0552307 2.61021
918000 0.113298 2.28941 0.0523446 2.45506
920000 0.115711 2.37541 0.0516534 2.54278
922000 0.104564 1.92459 0.0536007 2.08275
924000 0.115269 2.10702 0.0524283 2.27472
926000 0.104482 1.99001 0.0472133 2.14171
928000 0.107195 1.9057 0.0476146 2.06051
930000 0.10802 2.27437 0.0484755 2.43086
932000 0.119513 2.39575 0.0541814 2.56945
934000 0.109221 2.18248 0.0527516 2.34446
936000 0.123626 2.27978 0.0504195 2.45383
938000 0.111065 2.25688 0.0517891 2.41974
940000 0.111467 2.12766 0.0547826 2.29391
942000 0.10234 1.87998 0.0529642 2.03528
944000 0.103632 2.05876 0.0546839 2.21708
946000 0.119842 2.25206 0.0537741 2.42567
948000 0.113273 2.26933 0.0560836 2.43869
950000 0.106463 2.02544 0.0441649 2.17607
952000 0.113461 2.18917 0.055463 2.3581
954000 0.108119 2.155 0.0528514 2.31597
956000 0.113984 1.90745 0.0517234 2.07316
958000 0.0946205 1.68514 0.0513011 1.83106
960000 0.0962779 1.46936 0.0485475 1.61418
962000 0.113647 2.20991 0.0488283 2.37239
964000 0.0976781 1.84899 0.0470741 1.99374
966000 0.098903 1.55631 0.0504541 1.70567
968000 0.0989464 1.52653 0.0492369 1.67472
970000 0.0999514 1.79912 0.0533321 1.9524
972000 0.101603 1.61589 0.0476916 1.76518
974000 0.104775 1.6304 0.0512002 1.78637
976000 0.0964775 1.70145 0.0503023 1.84823
978000 0.0962691 1.45208 0.0537942 1.60214
980000 0.0876521 1.10257 0.0454331 1.23565
982000 0.0820744 0.843418 0.0456854 0.971178
984000 0.0815694 0.806397 0.0512259 0.939193
986000 0.0949699 1.20791 0.0504825 1.35337
988000 0.0928147 1.19951 0.0537958 1.34612
990000 0.0951131 1.3294 0.056247 1.48076
992000 0.0943728 1.52672 0.0476468 1.66874
994000 0.0999883 1.53758 0.0553056 1.69287
996000 0.0896523 1.23362 0.0482819 1.37155
998000 0.0880419 1.29005 0.0508037 1.4289
1000000 0.0884312 1.10655 0.0485935 1.24358
1002000 0.091487 1.31945 0.052765 1.4637
1004000 0.0958102 1.51502 0.0484355 1.65927
1006000 0.0924972 1.65809 0.0511882 1.80178
1008000 0.104414 1.94 0.0497267 2.09414
1010000 0.113958 2.18705 0.0516367 2.35264
1012000 0.114298 2.53608 0.0544597 2.70484
1014000 0.118267 2.49863 0.0570144 2.67391
1016000 0.115156 2.54563 0.0522146 2.713
1018000 0.119637 2.38294 0.0537376 2.55632
1020000 0.124109 2.58554 0.0530912 2.76274
1022000 0.115138 2.42918 0.0468664 2.59119
1024000 0.11483 2.14598 0.0519708 2.31278
1026000 0.118431 2.36787 0.0531615 2.53946
1028000 0.125823 2.4534 0.0532733 2.6325
1030000 0.126856 2.65906 0.054136 2.84006
1032000 0.119982 2.52243 0.0558407 2.69825
1034000 0.125148 2.43629 0.0540146 2.61545
1036000 0.123741 2.53847 0.0589996 2.72121
1038000 0.119489 2.4117 0.0562245 2.58741
1040000 0.116132 2.40999 0.0561002 2.58222
1042000 0.112724 2.2075 0.0622827 2.38251
1044000 0.11664 2.41765 0.0536993 2.58799
1046000 0.120648 2.38537 0.0563702 2.56239
1048000 0.113865 2.3335 0.0544581 2.50182
1050000 0.130473 2.65233 0.0558302 2.83864
1052000 0.120922 2.53385 0.0607282 2.7155
1054000 0.14028 2.59231 0.0518685 2.78446
1056000 0.135976 2.66735 0.0529542 2.85628
1058000 0.123667 2.45092 0.0510483 2.62564
1060000 0.128002 2.5889 0.0550143 2.77192
1062000 0.119315 2.41774 0.052802 2.58986
1064000 0.119391 2.47048 0.0564631 2.64633
1066000 0.117532 2.32111 0.0518615 2.49051
1068000 0.124062 2.6248 0.058238 2.8071
1070000 0.132302 2.67127 0.0608926 2.86447
1072000 0.11789 2.47154 0.0557461 2.64518
1074000 0.131255 2.70819 0.0525568 2.892
1076000 0.117061 2.42733 0.0503909 2.59478
1078000 0.119094 2.44282 0.0536833 2.6156
1080000 0.118151 2.36666 0.052144 2.53695
1082000 0.117835 2.50324 0.0548313 2.6759
1084000 0.115429 2.36754 0.0485581 2.53153
1086000 0.120073 2.38114 0.0599817 2.56119
1088000 0.118378 2.49453 0.0517857 2.66469
1090000 0.116864 2.33994 0.0579512 2.51476
1092000 0.111586 2.25211 0.0543921 2.41809
1094000 0.108132 2.04721 0.0531858 2.20852
1096000 0.110209 1.84564 0.0502156 2.00606
1098000 0.100546 1.88885 0.0514408 2.04084
1100000 0.0916855 1.50243 0.0517307 1.64584
1102000 0.104323 1.58297 0.0490342 1.73633
1104000 0.0943744 1.50255 0.0538537 1.65078
1106000 0.098815 1.60863 0.0567449 1.76419
1108000 0.0987736 1.68947 0.0565943 1.84484
1110000 0.105194 1.87916 0.0514772 2.03583
1112000 0.0921762 1.58837 0.0502489 1.73079
1114000 0.0997666 1.45584 0.0491672 1.60478
1116000 0.0993084 1.6591 0.0580455 1.81645
1118000 0.107645 1.63371 0.0541926 1.79554
1120000 0.11025 1.73113 0.0605113 1.90189
1122000 0.105877 1.77302 0.0542038 1.9331
1124000 0.10531 1.93113 0.0551998 2.09164
1126000 0.108434 1.90236 0.0535315 2.06432
1128000 0.108801 1.95953 0.0500858 2.11842
1130000 0.120292 2.34699 0.0549 2.52218
1132000 0.124041 2.37403 0.0549214 2.55299
1134000 0.121242 2.56272 0.0527179 2.73668
1136000 0.116294 2.40538 0.0460423 2.56772
1138000 0.116212 2.01832 0.05619 2.19072
1140000 0.117446 2.19307 0.0511104 2.36163
1142000 0.126244 2.24935 0.0522353 2.42783
1144000 0.116798 1.98967 0.0610376 2.16751
1146000 0.119232 2.25053 0.0575037 2.42726
1148000 0.124085 2.35089 0.0556821 2.53066
1150000 0.126539 2.56714 0.0636189 2.7573
1152000 0.136436 2.45399 0.0560261 2.64645
1154000 0.134164 2.55898 0.0576906 2.75084
1156000 0.130082 2.56884 0.0550722 2.75399
1158000 0.126829 2.54653 0.0630969 2.73646
1160000 0.126029 2.36767 0.0575614 2.55126
1162000 0.124739 2.48398 0.0607167 2.66944
1164000 0.120216 2.13735 0.0556956 2.31326
1166000 0.113481 1.96211 0.0517341 2.12733
1168000 0.112753 1.81404 0.0576023 1.9844
1170000 0.117847 2.04645 0.0552203 2.21951
1172000 0.127877 2.23707 0.0538049 2.41875
1174000 0.128109 2.35488 0.059899 2.54289
1176000 0.129645 2.15825 0.0535216 2.34142
1178000 0.123339 2.46718 0.0570782 2.6476
1180000 0.114856 2.19405 0.0562152 2.36512
1182000 0.123872 2.3243 0.0592181 2.50739
1184000 0.128089 2.32051 0.0543991 2.503
1186000 0.118333 2.17089 0.0576426 2.34686
1188000 0.118004 2.10281 0.0558278 2.27664
1190000 0.129125 2.45123 0.0634139 2.64377
1192000 0.126288 2.41858 0.0584375 2.60331
1194000 0.145233 2.5716 0.0634104 2.78024
1196000 0.140924 2.63864 0.0634354 2.843
1198000 0.143452 2.69531 0.0616184 2.90038
1200000 0.171234 2.459 0.0549973 2.68523
1202000 0.175602 2.22255 0.0565097 2.45466
1204000 0.179061 2.33309 0.0681232 2.58027
1206000 0.172507 2.27172 0.0617785 2.506
1208000 0.168729 2.49764 0.0595102 2.72588
1210000 0.175766 2.35482 0.0587241 2.5893
1212000 0.168927 2.39301 0.0672516 2.62919
1214000 0.167871 2.45338 0.0612018 2.68245
1216000 0.153243 2.57901 0.0584855 2.79074
1218000 0.152795 2.63648 0.0587842 2.84806
1220000 0.152954 2.38136 0.0656109 2.59992
1222000 0.145853 2.51992 0.060171 2.72594
1224000 0.144893 2.55493 0.0606571 2.76048
1226000 0.145584 2.63082 0.0631527 2.83955
1228000 0.158756 2.55138 0.0564528 2.76659
1230000 0.169622 2.40107 0.0560994 2.62679
1232000 0.175931 2.2236 0.0565986 2.45613
1234000 0.18608 2.04962 0.0596687 2.29537
1236000 0.200849 1.87238 0.0635669 2.13679
1238000 0.188674 1.86471 0.0657313 2.11912
1240000 0.191017 1.88265 0.0591527 2.13282
1242000 0.190965 1.93925 0.0629992 2.19321
1244000 0.180129 2.10885 0.0573814 2.34636
1246000 0.17423 2.29166 0.0565608 2.52245
1248000 0.185224 2.28725 0.0563711 2.52884
1250000 0.180361 2.18106 0.061178 2.4226
1252000 0.180838 1.99901 0.0567247 2.23658
1254000 0.174851 2.05757 0.0581503 2.29057
1256000 0.184268 1.84697 0.0586784 2.08992
1258000 0.200614 1.72565 0.0637045 1.98996
1260000 0.191263 1.89167 0.0601539 2.14309
1262000 0.189318 1.86327 0.060488 2.11307
1264000 0.19483 1.75024 0.0629177 2.00799
1266000 0.194906 1.67463 0.0625534 1.93209
1268000 0.211926 1.33161 0.0597634 1.6033
1270000 0.211963 1.36484 0.0623491 1.63915
1272000 0.194358 1.62674 0.0642092 1.88531
1274000 0.201494 1.69124 0.0608506 1.95358
1276000 0.176826 2.04105 0.0624638 2.28034
1278000 0.184335 1.91935 0.0585343 2.16222
1280000 0.184962 2.10044 0.0573868 2.34279
1282000 0.179008 2.06732 0.059423 2.30575
1284000 0.180229 2.00732 0.0607458 2.2483
1286000 0.203895 1.65869 0.0691018 1.93169
1288000 0.197588 1.58409 0.0600898 1.84177
1290000 0.202689 1.59107 0.0651636 1.85892
1292000 0.194019 1.72354 0.06224 1.9798
1294000 0.184604 1.79562 0.0643833 2.0446
1296000 0.175032 2.27046 0.0569768 2.50247
1298000 0.171213 2.00241 0.0660713 2.2397
1300000 0.170896 2.36084 0.059212 2.59095
1302000 0.1649 2.43824 0.0616057 2.66475
1304000 0.155592 2.47982 0.0615389 2.69695
1306000 0.158422 2.45512 0.0585894 2.67213
1308000 0.150544 2.55522 0.0550385 2.7608
1310000 0.163687 2.42862 0.0651861 2.65749
1312000 0.163515 2.50983 0.057432 2.73078
1314000 0.145574 2.53757 0.0565553 2.7397
1316000 0.154282 2.6052 0.0610299 2.82051
1318000 0.1651 2.294 0.0580913 2.51719
1320000 0.176321 2.18902 0.0560079 2.42135
1322000 0.186221 2.02211 0.0595998 2.26793
1324000 0.188519 1.86089 0.0570863 2.10649
1326000 0.185561 2.23049 0.0597687 2.47582
1328000 0.191803 2.00963 0.0672148 2.26865
1330000 0.185416 2.31646 0.069732 2.57161
1332000 0.175131 2.50266 0.0642406 2.74203
1334000 0.173093 2.38713 0.067253 2.62747
1336000 0.188362 2.39745 0.0608056 2.64662
1338000 0.185034 2.22212 0.0656502 2.47281
1340000 0.179392 2.25352 0.0642223 2.49713
1342000 0.170754 2.33173 0.0681318 2.57061
1344000 0.181944 2.55623 0.0675586 2.80573
1346000 0.1688 2.3903 0.0679015 2.627
1348000 0.182689 2.5467 0.0757522 2.80514
1350000 0.151051 2.53565 0.0756491 2.76235
1352000 0.176426 2.60423 0.068269 2.84893
1354000 0.167125 2.58052 0.0651797 2.81283
1356000 0.148059 2.63895 0.0662159 2.85323
1358000 0.155648 2.69422 0.0647715 2.91464
1360000 0.158413 2.70126 0.0727066 2.93238
1362000 0.169716 2.58021 0.0661971 2.81613
1364000 0.168576 2.54319 0.0668915 2.77866
1366000 0.150428 2.58846 0.0712494 2.81013
1368000 0.156732 2.65508 0.0662025 2.87801
1370000 0.153501 2.66686 0.0652562 2.88562
1372000 0.157307 2.6929 0.0655896 2.91579
1374000 0.167424 2.58385 0.062665 2.81394
1376000 0.150488 2.69489 0.0672315 2.91261
1378000 0.158136 2.65591 0.0600424 2.87409
1380000 0.164564 2.53048 0.0614943 2.75654
1382000 0.174699 2.53663 0.07215 2.78348
1384000 0.168664 2.50696 0.0695803 2.7452
1386000 0.161745 2.55026 0.0674178 2.77943
1388000 0.162494 2.63018 0.0672504 2.85993
1390000 0.163615 2.64507 0.0655777 2.87426
1392000 0.166038 2.54515 0.0670352 2.77823
1394000 0.169837 2.5031 0.0655372 2.73847
1396000 0.174992 2.42717 0.0691513 2.67131
1398000 0.187612 2.40119 0.0711069 2.65991
1400000 0.189933 2.12798 0.0683703 2.38628
1402000 0.193407 2.33965 0.0694 2.60245
1404000 0.20463 1.93174 0.0624856 2.19886
1406000 0.203254 2.03864 0.069896 2.31179
1408000 0.198092 1.89 0.0647997 2.15289
1410000 0.193569 2.07792 0.067514 2.339
1412000 0.183283 2.2605 0.068911 2.51269
1414000 0.186761 2.15896 0.0792136 2.42494
1416000 0.198051 2.04149 0.0689208 2.30846
1418000 0.187805 2.17178 0.0663203 2.42591
1420000 0.183214 2.30814 0.07534 2.56669
1422000 0.169735 2.56405 0.0621725 2.79596
1424000 0.16161 2.60516 0.0661868 2.83296
1426000 0.148934 2.66649 0.0653184 2.88074
1428000 0.146557 2.69725 0.0640214 2.90783
1430000 0.14017 2.44512 0.0674219 2.65272
1432000 0.13126 2.35676 0.0597561 2.54777
1434000 0.127411 2.36365 0.0595551 2.55062
1436000 0.12947 2.32015 0.067119 2.51674
1438000 0.121102 2.20913 0.0645844 2.39482
1440000 0.125615 2.34431 0.0661631 2.53609
1442000 0.127961 2.25329 0.0630564 2.44431
1444000 0.119176 2.14103 0.061182 2.32138
1446000 0.128061 2.32231 0.0649912 2.51536
1448000 0.132555 2.10541 0.0635198 2.30149
1450000 0.123342 1.95842 0.0614813 2.14324
1452000 0.124151 2.16908 0.0690858 2.36231
1454000 0.124609 2.24631 0.0600381 2.43095
1456000 0.129034 2.26559 0.0652445 2.45987
1458000 0.129129 2.22401 0.0674006 2.42054
1460000 0.1335 2.45876 0.0674458 2.6597
1462000 0.137386 2.47708 0.0684974 2.68296
1464000 0.134393 2.333 0.0606658 2.52806
1466000 0.131945 2.57052 0.0622914 2.76476
1468000 0.129012 2.48126 0.0634362 2.67371
1470000 0.13746 2.42089 0.0695589 2.6279
1472000 0.143284 2.4994 0.0631057 2.70579
1474000 0.149473 2.50964 0.0642011 2.72331
1476000 0.148692 2.54717 0.0692909 2.76515
1478000 0.1357 2.55968 0.0637303 2.75911
1480000 0.149425 2.57419 0.0651443 2.78876
1482000 0.146497 2.50181 0.0656729 2.71398
1484000 0.153163 2.5408 0.069717 2.76368
1486000 0.155523 2.5839 0.07024 2.80967
1488000 0.157231 2.7275 0.0693467 2.95408
1490000 0.151302 2.4769 0.0699555 2.69816
1492000 0.167912 2.66526 0.0683082 2.90148
1494000 0.150018 2.6562 0.0645068 2.87073
1496000 0.156699 2.65576 0.0656189 2.87807
1498000 0.15752 2.46892 0.0691633 2.6956
1500000 0.149176 2.45444 0.062107 2.66572
1502000 0.144013 2.57819 0.0627349 2.78493
1504000 0.138403 2.38949 0.0640409 2.59193
1506000 0.135714 2.48442 0.0615984 2.68174
1508000 0.140336 2.39636 0.0616902 2.59839
1510000 0.132903 2.24245 0.0670524 2.44241
1512000 0.133244 2.25577 0.0657701 2.45478
1514000 0.134829 2.45908 0.0696178 2.66352
1516000 0.135584 2.42974 0.0635495 2.62887
1518000 0.136692 2.35006 0.0736855 2.56044
1520000 0.12873 2.27027 0.0640866 2.46309
1522000 0.13462 2.29985 0.0596983 2.49417
1524000 0.134172 2.36046 0.0641369 2.55877
1526000 0.135279 2.44949 0.0629281 2.6477
1528000 0.133238 2.50024 0.0621302 2.6956
1530000 0.139763 2.56171 0.0674901 2.76897
1532000 0.150282 2.58197 0.0631849 2.79544
1534000 0.141279 2.52816 0.0626047 2.73205
1536000 0.142287 2.48108 0.0688657 2.69223
1538000 0.136154 2.46467 0.0671483 2.66798
1540000 0.14027 2.60917 0.067309 2.81675
1542000 0.145997 2.64608 0.0631692 2.85525
1544000 0.14449 2.58339 0.065939 2.79382
1546000 0.148294 2.71639 0.065647 2.93033
1548000 0.164446 2.64954 0.063336 2.87732
1550000 0.160095 2.60143 0.0686449 2.83017
1552000 0.168102 2.53528 0.0679986 2.77138
1554000 0.163178 2.69592 0.0668659 2.92597
1556000 0.170911 2.72706 0.069068 2.96704
1558000 0.150885 2.8426 0.064549 3.05803
1560000 0.145465 2.58796 0.0669151 2.80034
1562000 0.140655 2.67372 0.0725923 2.88696
1564000 0.161779 2.60174 0.0711272 2.83465
1566000 0.162943 2.59131 0.0689968 2.82325
1568000 0.157129 2.72714 0.0768068 2.96107
1570000 0.153927 2.61635 0.065666 2.83595
1572000 0.161119 2.52341 0.0615735 2.7461
1574000 0.162084 2.64206 0.0705201 2.87467
1576000 0.167113 2.56542 0.0650842 2.79762
1578000 0.165057 2.65408 0.0632509 2.88238
1580000 0.173258 2.40572 0.0675906 2.64657
1582000 0.17284 2.58113 0.067485 2.82145
1584000 0.171839 2.72398 0.0671769 2.963
1586000 0.148907 2.59087 0.0644406 2.80422
1588000 0.139984 2.65859 0.0644825 2.86305
1590000 0.151917 2.55124 0.0618438 2.76501
1592000 0.146312 2.61049 0.0644737 2.82128
1594000 0.143061 2.61523 0.0641765 2.82247
1596000 0.13964 2.63473 0.0656029 2.83997
1598000 0.152688 2.55312 0.0605331 2.76634
1600000 0.154578 2.62645 0.0654867 2.84651
1602000 0.157175 2.46866 0.0689131 2.69474
1604000 0.160194 2.62433 0.0679787 2.85251
1606000 0.161244 2.5362 0.0698039 2.76725
1608000 0.147011 2.52769 0.0654172 2.74012
1610000 0.161166 2.63002 0.0645459 2.85573
1612000 0.160489 2.63251 0.0734468 2.86644
1614000 0.16514 2.46855 0.0662957 2.69999
1616000 0.162697 2.54446 0.0663019 2.77346
1618000 0.174133 2.58658 0.0667972 2.82751
1620000 0.190973 2.36826 0.0662003 2.62543
1622000 0.179031 2.21588 0.0750674 2.46998
1624000 0.189177 2.30928 0.0723938 2.57085
1626000 0.188126 2.21503 0.0622549 2.46541
1628000 0.186947 2.33396 0.0643382 2.58525
1630000 0.199804 2.18639 0.0689336 2.45513
1632000 0.192536 2.06802 0.0697211 2.33028
1634000 0.197765 1.84905 0.0643048 2.11112
1636000 0.198802 1.74923 0.0686864 2.01672
1638000 0.209636 1.64372 0.0695551 1.92292
1640000 0.207557 1.67622 0.0662399 1.95002
1642000 0.196039 1.75875 0.0727335 2.02752
1644000 0.200939 1.81093 0.0647853 2.07665
1646000 0.190255 2.03448 0.0685281 2.29326
1648000 0.185124 2.20254 0.0662994 2.45396
1650000 0.182905 2.28996 0.0678409 2.54071
1652000 0.179973 2.23099 0.0648015 2.47577
1654000 0.200112 2.11152 0.0636675 2.3753
1656000 0.199677 1.98226 0.0733183 2.25526
1658000 0.18474 2.11419 0.0666054 2.36554
1660000 0.195404 2.1907 0.0649263 2.45103
1662000 0.191854 2.12832 0.0698897 2.39006
1664000 0.206412 1.70525 0.0754356 1.9871
1666000 0.202881 1.81708 0.071035 2.09099
1668000 0.196923 2.08957 0.0659137 2.3524
1670000 0.18383 2.05769 0.0704993 2.31202
1672000 0.184951 2.33418 0.0702235 2.58935
1674000 0.180391 2.37163 0.0671018 2.61913
1676000 0.186174 2.50721 0.0691522 2.76254
1678000 0.189297 2.23123 0.0766434 2.49717
1680000 0.187715 2.24233 0.0711201 2.50117
1682000 0.195455 2.13365 0.070198 2.39931
1684000 0.187499 2.15282 0.0693676 2.40969
1686000 0.197771 2.15642 0.0707822 2.42498
1688000 0.18688 2.07778 0.0659326 2.33059
1690000 0.199167 2.03987 0.0676649 2.3067
1692000 0.186432 2.06269 0.0684644 2.31758
1694000 0.18163 2.562 0.0655171 2.80914
1696000 0.178374 2.28541 0.0637735 2.52756
1698000 0.1745 2.31882 0.0674599 2.56078
1700000 0.186249 2.40594 0.0731936 2.66538
1702000 0.188391 2.30666 0.0752369 2.57028
1704000 0.186016 2.21547 0.0722491 2.47373
1706000 0.193412 2.1944 0.0719887 2.4598
1708000 0.191581 2.06644 0.0761569 2.33418
1710000 0.192454 2.21471 0.0688478 2.47601
1712000 0.191757 2.33827 0.0670775 2.59711
1714000 0.192255 2.27324 0.0723731 2.53787
1716000 0.185774 2.54657 0.0750602 2.8074
1718000 0.18099 2.48817 0.071656 2.74082
1720000 0.177869 2.40928 0.0802084 2.66736
1722000 0.177521 2.31179 0.0728213 2.56213
1724000 0.175607 2.44768 0.0689717 2.69225
1726000 0.1747 2.54057 0.0762297 2.7915
1728000 0.180434 2.62288 0.0766627 2.87997
1730000 0.189375 2.41964 0.0783709 2.68738
1732000 0.179008 2.54629 0.0741863 2.79948
1734000 0.181426 2.53291 0.071645 2.78598
1736000 0.19158 2.47491 0.070505 2.737
1738000 0.182805 2.46594 0.0708551 2.7196
1740000 0.18642 2.4099 0.0708998 2.66722
1742000 0.180512 2.6146 0.0720972 2.86721
1744000 0.176958 2.63245 0.0726385 2.88204
1746000 0.164894 2.68072 0.0754011 2.92101
1748000 0.167203 2.69345 0.0796476 2.9403
1750000 0.173269 2.66774 0.0679824 2.90899
1752000 0.181009 2.78746 0.0754155 3.04389
1754000 0.176889 2.72102 0.0785103 2.97641
1756000 0.191154 2.59874 0.0715241 2.86142
1758000 0.182513 2.69049 0.0712836 2.94429
1760000 0.167853 2.5935 0.0719017 2.83325
1762000 0.179425 2.64244 0.0730667 2.89493
1764000 0.169094 2.53951 0.0714405 2.78005
1766000 0.182556 2.69428 0.0727421 2.94958
1768000 0.203179 2.6529 0.0747921 2.93087
1770000 0.191309 2.61199 0.0767309 2.88003
1772000 0.199895 2.69465 0.0754139 2.96996
1774000 0.190415 2.65654 0.0715352 2.91849
1776000 0.182285 2.69435 0.0689387 2.94557
1778000 0.176911 2.62484 0.0690481 2.8708
1780000 0.178217 2.7325 0.0699675 2.98068
1782000 0.190467 2.84649 0.0685733 3.10553
1784000 0.190439 2.80457 0.0713178 3.06633
1786000 0.184091 2.67354 0.0709932 2.92863
1788000 0.200507 2.54246 0.0682262 2.8112
1790000 0.211967 2.44685 0.0746521 2.73347
1792000 0.218462 2.46703 0.0827647 2.76825
1794000 0.209278 2.4593 0.0758056 2.74438
1796000 0.21676 2.32325 0.0777593 2.61777
1798000 0.240175 2.51558 0.0737464 2.82951
1800000 0.230995 2.29812 0.0801387 2.60925
1802000 0.218414 2.34748 0.0841136 2.65001
1804000 0.23017 2.15625 0.0809203 2.46734
1806000 0.239452 1.88149 0.0748799 2.19582
1808000 0.245622 1.82325 0.0812821 2.15016
1810000 0.233122 1.89048 0.0754889 2.19909
1812000 0.241347 1.89608 0.0805422 2.21797
1814000 0.235592 1.8661 0.0773598 2.17905
1816000 0.242057 1.79066 0.0782541 2.11097
1818000 0.247402 1.69262 0.0744626 2.01448
1820000 0.233189 2.15875 0.0744704 2.46641
1822000 0.240645 2.12824 0.0738173 2.4427
1824000 0.236278 1.864 0.0719625 2.17224
1826000 0.245372 1.70979 0.0766019 2.03177
1828000 0.229032 1.9397 0.0760742 2.24481
1830000 0.246373 1.82801 0.0853473 2.15973
1832000 0.260453 1.61528 0.0784517 1.95419
1834000 0.252929 1.43967 0.0754385 1.76804
1836000 0.268992 1.34451 0.0779894 1.69149
1838000 0.260881 1.29039 0.078657 1.62993
1840000 0.29492 1.22136 0.0818369 1.59812
1842000 0.284339 1.20752 0.0868682 1.57872
1844000 0.291787 1.20921 0.0792069 1.58021
1846000 0.285145 1.19576 0.0841688 1.56507
1848000 0.286089 1.21471 0.0801103 1.58091
1850000 0.303716 1.24302 0.0785434 1.62528
1852000 0.311058 1.41873 0.0807232 1.81051
1854000 0.32262 1.41741 0.0844719 1.8245
1856000 0.30089 1.2437 0.0819365 1.62653
1858000 0.296164 1.21443 0.0858284 1.59642
1860000 0.283048 1.22311 0.0778373 1.58399
1862000 0.289689 1.24644 0.0746114 1.61074
1864000 0.281809 1.25667 0.0791284 1.6176
1866000 0.292281 1.25109 0.0808262 1.6242
1868000 0.29286 1.2031 0.0813428 1.5773
1870000 0.290358 1.22401 0.080707 1.59508
1872000 0.30843 1.30594 0.0805075 1.69488
1874000 0.313212 1.36668 0.0827131 1.7626
1876000 0.311393 1.29232 0.0828238 1.68654
1878000 0.289273 1.21247 0.0836551 1.5854
1880000 0.302783 1.29955 0.0881321 1.69047
1882000 0.327402 1.50166 0.0830491 1.91211
1884000 0.338044 1.72696 0.0845636 2.14957
1886000 0.343367 1.70863 0.0832118 2.13521
1888000 0.317414 1.38761 0.0808713 1.78589
1890000 0.335788 1.51215 0.0808523 1.92879
1892000 0.335302 1.65533 0.0878143 2.07844
1894000 0.33264 1.65236 0.0809411 2.06594
1896000 0.315312 1.56481 0.0830156 1.96314
1898000 0.311797 1.37888 0.0884767 1.77915
1900000 0.31655 1.35291 0.0853804 1.75484
1902000 0.317978 1.37788 0.0844268 1.78028
1904000 0.325883 1.48101 0.0806773 1.88757
1906000 0.320531 1.37371 0.081606 1.77584
1908000 0.336636 1.74998 0.0867282 2.17335
1910000 0.335585 1.72816 0.0865824 2.15033
1912000 0.330694 1.55482 0.0807628 1.96628
1914000 0.329681 1.62341 0.08204 2.03513
1916000 0.349808 1.87842 0.0877041 2.31593
1918000 0.341162 1.72543 0.0840877 2.15068
1920000 0.348859 1.93229 0.0855331 2.36668
1922000 0.352719 1.99961 0.0809154 2.43324
1924000 0.369876 2.52009 0.0788859 2.96886
1926000 0.377723 2.73178 0.0882134 3.19772
1928000 0.401856 2.79543 0.0956231 3.29291
1930000 0.386645 2.87091 0.0867663 3.34432
1932000 0.372703 2.49034 0.0923979 2.95544
1934000 0.390403 2.75826 0.0903655 3.23903
1936000 0.391056 2.79683 0.0822382 3.27013
1938000 0.405545 3.00144 0.0905594 3.49754
1940000 0.40497 3.25037 0.0847169 3.74006
1942000 0.416094 3.57412 0.0883271 4.07854
1944000 0.416907 3.51773 0.088243 4.02288
1946000 0.421089 3.66332 0.0911548 4.17557
1948000 0.415262 3.35428 0.0945657 3.86411
1950000 0.430615 3.56599 0.0849873 4.0816
1952000 0.42766 3.7027 0.0938884 4.22425
1954000 0.421408 3.75609 0.0911735 4.26867
1956000 0.430569 3.76202 0.097551 4.29014
1958000 0.437032 3.93997 0.0892872 4.46629
1960000 0.44701 4.05358 0.0895362 4.59012
1962000 0.428215 3.81571 0.0898459 4.33377
1964000 0.445653 4.00421 0.095316 4.54518
1966000 0.452594 4.0746 0.0881003 4.6153
1968000 0.452648 4.0498 0.0960408 4.59849
1970000 0.464015 4.05076 0.0940859 4.60886
1972000 0.446783 3.92086 0.0933945 4.46104
1974000 0.448691 4.14144 0.0896216 4.67975
1976000 0.457287 3.92853 0.0886564 4.47448
1978000 0.452236 4.08638 0.0943859 4.633
1980000 0.455391 3.95983 0.097109 4.51233
1982000 0.464909 3.92153 0.108877 4.49531
1984000 0.455902 4.10505 0.109012 4.66996
1986000 0.47795 4.0811 0.109363 4.66841
1988000 0.46038 3.91941 0.110011 4.4898
1990000 0.450739 4.12757 0.111765 4.69008
1992000 0.46892 4.00912 0.11156 4.5896
1994000 0.473979 4.07874 0.0989511 4.65167
1996000 0.45873 4.04971 0.107763 4.6162
1998000 0.442672 3.64628 0.11067 4.19962
2000000 0.416097 3.16377 0.106558 3.68643
