# Time-averaged data for fix savemsd
# TimeStep c_msd[1] c_msd[2] c_msd[3] c_msd[4]
0 8.126e-30 2.73107e-29 1.82607e-33 3.54385e-29
2000 5.29936 4.71622 5.43313 15.4487
4000 10.1617 9.83061 11.7609 31.7532
6000 14.8509 15.4252 17.4923 47.7683
8000 19.7419 20.0971 22.3496 62.1886
10000 25.2554 24.8508 29.0035 79.1097
12000 31.3045 30.7276 35.1965 97.2285
14000 36.5807 36.9951 40.188 113.764
16000 41.1353 41.371 45.9752 128.481
18000 45.9205 46.4984 51.9438 144.363
20000 50.2561 51.2781 57.1653 158.7
22000 54.6534 55.4603 62.6642 172.778
24000 59.5855 60.3459 66.6133 186.545
26000 64.7733 66.2989 73.0007 204.073
28000 72.9017 72.8234 77.0913 222.816
30000 77.4481 76.5795 81.0598 235.087
32000 82.8882 81.8645 86.4111 251.164
34000 88.0013 87.3229 92.8498 268.174
36000 92.6571 93.6076 97.9427 284.207
38000 98.1155 99.1153 104.06 301.291
40000 102.538 104.063 111.328 317.929
42000 106.405 106.539 115.362 328.306
44000 113.925 111.414 121.326 346.665
46000 118.819 115.101 125.359 359.279
48000 123.845 120.839 131.917 376.6
50000 130.022 127.228 137.442 394.692
52000 135.563 130.961 143.109 409.633
54000 141.069 135.108 149.94 426.117
56000 147.92 140.529 154.323 442.772
58000 154.808 146.101 159.614 460.523
60000 159.413 154.269 165.974 479.656
62000 167.028 159.564 171.06 497.652
64000 172.047 165.917 178.439 516.403
66000 175.597 170.834 184.665 531.096
68000 182.019 175.141 189.372 546.531
70000 185.961 179.883 194.954 560.798
72000 190.58 185.737 200.413 576.731
74000 194.995 191.617 205.053 591.665
76000 198.916 198.177 210.595 607.688
78000 205.766 205.202 214.437 625.405
80000 212.259 211.331 217.776 641.366
82000 220.603 218.068 223.1 661.771
84000 223.452 225.845 229.229 678.525
86000 229.402 231.26 237.079 697.741
88000 233.19 235.069 244.417 712.676
90000 238.227 239.508 250.763 728.498
92000 241.943 244.799 255.435 742.176
94000 244.865 249.334 260.932 755.132
96000 249.641 252.512 265.412 767.565
98000 253.602 257.442 270.769 781.812
100000 260.001 258.881 277.032 795.914
102000 262.451 265.106 279.672 807.228
104000 265.489 271.143 280.629 817.261
106000 268.141 274.914 282.271 825.327
108000 271.99 283.904 290.558 846.452
110000 278.309 288.67 299.071 866.051
112000 279.946 293.601 306.509 880.056
114000 283.726 299.098 315.615 898.439
116000 289.671 307.762 319.029 916.462
118000 292.69 315.974 322.618 931.282
120000 297.905 322.692 327.736 948.333
122000 302.435 327.798 331.846 962.079
124000 312.363 334.769 336.687 983.82
126000 315.579 340.028 342.216 997.823
128000 323.025 344.125 349.685 1016.84
130000 324.673 350.687 350.431 1025.79
132000 328.721 353.54 352.466 1034.73
134000 335.826 356.503 356.054 1048.38
136000 342.32 359.595 359.006 1060.92
138000 348.654 364.439 362.515 1075.61
140000 358.489 371.424 368.213 1098.13
142000 365.16 378.261 371.962 1115.38
144000 367.662 379.229 372.628 1119.52
146000 376.759 385.873 379.471 1142.1
148000 377.328 393.179 386.324 1156.83
150000 384.101 397.243 389.554 1170.9
152000 391.025 405.032 393.889 1189.95
154000 397.171 409.134 399.42 1205.73
156000 406.39 413.979 405.828 1226.2
158000 413.654 422.905 414.056 1250.61
160000 420.945 424.145 420.289 1265.38
162000 426.172 429.794 421.029 1277
164000 432.225 436.724 424.161 1293.11
166000 439.887 446.336 425.381 1311.6
168000 443.599 453.761 434.355 1331.71
170000 448.998 458.742 437.282 1345.02
172000 453.256 468.687 441.045 1362.99
174000 466.157 472.058 445.029 1383.24
176000 469.342 476.069 451.428 1396.84
178000 474.772 480.998 454.33 1410.1
180000 479.26 485.779 455.978 1421.02
182000 489.828 490.639 460.307 1440.77
184000 495.097 492.419 466.873 1454.39
186000 498.792 497.637 472.898 1469.33
188000 504.905 505.208 485.367 1495.48
190000 508.346 514.075 489.395 1511.82
192000 516.529 522.759 494.235 1533.52
194000 518.704 530.82 502.585 1552.11
196000 522.289 535.793 506.166 1564.25
198000 530.317 541.065 506.91 1578.29
200000 538.88 543.154 517.693 1599.73
202000 546.178 549.731 522.859 1618.77
204000 551.405 555.782 528.367 1635.55
206000 554.588 558.501 535.528 1648.62
208000 561.972 562.613 541.049 1665.63
210000 568.116 565.319 546.91 1680.35
212000 574.812 574.774 549.916 1699.5
214000 578.698 578.767 559.251 1716.72
216000 584.237 581.459 562.696 1728.39
218000 590.405 583.188 568.366 1741.96
220000 592.676 585.446 571.139 1749.26
222000 597.882 593.142 580.329 1771.35
224000 604.136 599.349 585.005 1788.49
226000 614.066 608.799 586.588 1809.45
228000 622.847 614.497 591.233 1828.58
230000 627.245 623.246 590.22 1840.71
232000 631.175 630.357 595.921 1857.45
234000 641.453 639.089 606.405 1886.95
236000 645.183 643.49 610.847 1899.52
238000 649.16 651.19 619.679 1920.03
240000 652.662 653.833 621.631 1928.13
242000 660.103 661.079 625.121 1946.3
244000 669.387 664.377 627.099 1960.86
246000 678.064 669.9 634.001 1981.96
248000 687.283 675.297 638.649 2001.23
250000 697.852 676.645 644.08 2018.58
252000 701.078 686.127 647.614 2034.82
254000 705.817 694.125 651.165 2051.11
256000 707.921 696.962 655.003 2059.89
258000 713.431 702.515 660.662 2076.61
260000 727.168 707.686 669.077 2103.93
262000 734.605 714.859 680.165 2129.63
264000 740.213 725.478 689.284 2154.98
266000 751.842 731.86 695.012 2178.71
268000 758.678 738.789 698.109 2195.58
270000 766.517 745.483 703.996 2216
272000 773.703 742.406 712.526 2228.64
274000 778.377 746.865 711.147 2236.39
276000 783.382 755.544 716.792 2255.72
278000 785.844 759.869 724.024 2269.74
280000 800.121 767.831 726.534 2294.49
282000 805.983 774.177 727.914 2308.07
284000 814.78 781.475 730.33 2326.58
286000 819.545 784.541 737.92 2342.01
288000 826.199 796.058 744.601 2366.86
290000 834.85 803.105 748.65 2386.61
292000 843.614 808.922 754.112 2406.65
294000 848.99 813.279 755.791 2418.06
296000 853.373 820.86 757.425 2431.66
298000 858.984 832.149 767.16 2458.29
300000 867.423 832.495 772.516 2472.44
302000 875.759 838.051 774.986 2488.8
304000 881.181 845.206 778.662 2505.05
306000 888.926 848.006 783.452 2520.38
308000 895.005 854.447 794.092 2543.54
310000 904.269 853.617 807.326 2565.21
312000 910.638 862.539 811.708 2584.88
314000 913.825 867.109 815.962 2596.9
316000 917.644 871.448 826.303 2615.39
318000 920.035 875.252 831.77 2627.06
320000 922.883 882.238 834.467 2639.59
322000 925.024 882.018 839.702 2646.74
324000 927.981 886.894 841.561 2656.44
326000 936.775 891.212 846.067 2674.05
328000 940.549 894.842 857.225 2692.62
330000 945.559 899.531 863.786 2708.88
332000 954.412 904.054 871.872 2730.34
334000 963.972 917.087 881.493 2762.55
336000 969.668 919.499 883.382 2772.55
338000 975.215 917.727 884.887 2777.83
340000 980.077 925.973 888.611 2794.66
342000 995.669 933.599 886.321 2815.59
344000 1001.04 938.562 889.427 2829.03
346000 998.232 941.31 893.605 2833.15
348000 1005.33 945.844 895.173 2846.35
350000 1011.62 949.416 901.333 2862.37
352000 1020.36 950.297 913.291 2883.95
354000 1029.54 958.208 918.063 2905.81
356000 1030.44 965.345 921.178 2916.96
358000 1034.58 967.434 923.774 2925.79
360000 1037.16 977.884 924.757 2939.81
362000 1040.46 986.681 926.863 2954.01
364000 1049.81 987.588 930.814 2968.21
366000 1051.96 990.904 938.305 2981.17
368000 1055.16 997.851 942.76 2995.77
370000 1064.1 998.639 943.381 3006.12
372000 1062.99 1007.94 944.987 3015.92
374000 1060.49 1014.41 951.059 3025.95
376000 1070.93 1016.9 957.309 3045.15
378000 1071.14 1024.97 958.116 3054.22
380000 1078.34 1029.73 963.501 3071.57
382000 1082.11 1029.52 964.325 3075.95
384000 1085.97 1035.94 973.437 3095.35
386000 1091.11 1040.19 975.701 3107
388000 1095.41 1046.05 977.639 3119.1
390000 1099.15 1056.11 980.565 3135.82
392000 1100.42 1057.65 985.694 3143.76
394000 1105.97 1055.74 994.975 3156.68
396000 1113.33 1060.29 1002.4 3176.01
398000 1110.98 1068.95 1010.64 3190.56
400000 1117.62 1072.65 1007.58 3197.85
402000 1119.72 1081.07 1015.97 3216.76
404000 1121.3 1083.8 1023.74 3228.84
406000 1129.25 1085.52 1032.39 3247.16
408000 1136.59 1092.77 1038.03 3267.4
410000 1142.24 1100.73 1047.45 3290.41
412000 1143.15 1104.58 1058.17 3305.9
414000 1155.17 1113.18 1066.09 3334.44
416000 1157.02 1114.66 1074.02 3345.71
418000 1160.38 1120.42 1080 3360.8
420000 1161.76 1118.17 1091.01 3370.94
422000 1160.98 1123.26 1096.24 3380.48
424000 1168.48 1125.59 1100.11 3394.18
426000 1179.94 1137.35 1105.15 3422.44
428000 1187.77 1141.15 1107.88 3436.79
430000 1191.38 1142.05 1114.84 3448.27
432000 1197.85 1139.65 1117.44 3454.93
434000 1203.82 1144.53 1116.13 3464.48
436000 1217.45 1154.34 1127.35 3499.14
438000 1228.21 1168.21 1131.03 3527.45
440000 1235.37 1177.44 1138.25 3551.06
442000 1238.94 1183.96 1140.21 3563.1
444000 1236.55 1184.88 1145.74 3567.17
446000 1246.18 1191.12 1148.71 3586.01
448000 1249.56 1194.81 1147.15 3591.52
450000 1260.67 1200.61 1155.89 3617.16
452000 1270.58 1206.66 1159.92 3637.16
454000 1277.61 1216.84 1154.49 3648.94
456000 1282.96 1214.7 1166.65 3664.31
458000 1287.43 1218.78 1175.47 3681.69
460000 1296.59 1226.82 1190.83 3714.25
462000 1306.55 1234.75 1189.16 3730.46
464000 1310.33 1241.92 1191.76 3744.01
466000 1322.69 1252.03 1197.07 3771.79
468000 1325.11 1264.78 1197.93 3787.83
470000 1327.92 1271.52 1206.83 3806.26
472000 1338.72 1270.53 1212.89 3822.14
474000 1345.03 1269.57 1214.59 3829.2
476000 1355.69 1274.57 1219.79 3850.05
478000 1363.51 1281 1220.41 3864.92
480000 1365.92 1285.8 1220.29 3872.02
482000 1370.64 1288.3 1224.48 3883.43
484000 1379.78 1296.67 1228.42 3904.87
486000 1379.84 1298.64 1234.07 3912.55
488000 1388.86 1301.03 1237.59 3927.48
490000 1402.12 1301.41 1236.71 3940.24
492000 1411.19 1301.15 1245.09 3957.44
494000 1418.94 1311.11 1251.55 3981.6
496000 1426.46 1314.02 1263.06 4003.54
498000 1427.7 1319.66 1263.76 4011.11
500000 1429.67 1325.61 1270.43 4025.71
502000 1441.3 1331.28 1271.28 4043.87
504000 1445.24 1336.89 1278.5 4060.63
506000 1448.71 1343.17 1287.56 4079.44
508000 1447.22 1350.04 1292.53 4089.79
510000 1441.15 1356.98 1301.94 4100.06
512000 1445.38 1358.82 1307.04 4111.24
514000 1447.08 1362.16 1313.26 4122.5
516000 1449.56 1369.13 1323.72 4142.41
518000 1453.08 1377.23 1318.83 4149.15
520000 1456.94 1387.32 1325.1 4169.36
522000 1468.74 1392.94 1330.1 4191.78
524000 1477.79 1392.1 1333.75 4203.64
526000 1492.6 1391.77 1338.42 4222.8
528000 1495.59 1396.33 1344.3 4236.22
530000 1498.53 1396.52 1349.36 4244.41
532000 1510.73 1402.17 1350.9 4263.8
534000 1505.97 1412.07 1359.94 4277.99
536000 1511.86 1422.9 1365.73 4300.49
538000 1520.77 1429.48 1368.05 4318.31
540000 1528.94 1436.7 1370.37 4336.01
542000 1535.06 1444.4 1373 4352.47
544000 1535.74 1446.6 1379.34 4361.69
546000 1540.85 1453.09 1391.2 4385.14
548000 1548.04 1458.56 1395.62 4402.22
550000 1560.06 1463.87 1400.29 4424.21
552000 1568.88 1460.11 1401.4 4430.4
554000 1573.33 1462.81 1401.76 4437.89
556000 1582.31 1470.97 1406.79 4460.07
558000 1582.94 1479.68 1413.09 4475.71
560000 1584.94 1482.29 1420.67 4487.9
562000 1588.91 1489.71 1420.55 4499.17
564000 1597.73 1497.9 1427.4 4523.02
566000 1606.87 1501.24 1425.57 4533.68
568000 1614.82 1503.33 1434.66 4552.8
570000 1613.13 1510.79 1440.52 4564.45
572000 1618.84 1514.4 1440.11 4573.35
574000 1622.94 1519.9 1447.87 4590.72
576000 1630.58 1521.75 1449.79 4602.12
578000 1635.8 1530.04 1454.17 4620.01
580000 1637.67 1536.24 1463.71 4637.62
582000 1636.08 1542.89 1474.31 4653.28
584000 1636.32 1556.74 1477.21 4670.27
586000 1644.14 1561.65 1483.77 4689.56
588000 1646.1 1564.95 1491.43 4702.48
590000 1651.53 1568.04 1502.37 4721.95
592000 1660.78 1571.25 1503.55 4735.58
594000 1662.37 1578.32 1503.42 4744.11
596000 1666.98 1581.89 1510.98 4759.85
598000 1667.68 1588.66 1513.58 4769.91
600000 1674.62 1603.62 1520.41 4798.65
602000 1675.62 1612.58 1527.98 4816.18
604000 1678.1 1610.57 1529.83 4818.5
606000 1684.29 1612.65 1532.21 4829.15
608000 1694.91 1618 1532.9 4845.81
610000 1689.81 1622.74 1538.35 4850.89
612000 1695 1625 1541.49 4861.49
614000 1707.16 1635.75 1544.31 4887.22
616000 1702.53 1635.74 1548.68 4886.95
618000 1708.36 1646.36 1549.76 4904.48
620000 1706.45 1643.09 1551.92 4901.47
622000 1715.67 1653.45 1550.71 4919.83
624000 1719.98 1659.99 1547.93 4927.9
626000 1726.35 1664.4 1552.04 4942.79
628000 1726.55 1677.78 1561.32 4965.66
630000 1734.44 1677.01 1563.98 4975.43
632000 1739.09 1682.02 1563.13 4984.24
634000 1741.5 1687.45 1568.13 4997.09
636000 1740.99 1695.31 1577.46 5013.77
638000 1742.56 1698.68 1578.29 5019.54
640000 1752.51 1706.78 1580.43 5039.71
642000 1757.67 1717.24 1586.02 5060.94
644000 1756.26 1724.69 1593.54 5074.5
646000 1759.72 1729.62 1601.2 5090.54
648000 1758.43 1738.62 1609.66 5106.72
650000 1768.24 1750.13 1614.21 5132.58
652000 1773.28 1751.29 1619.69 5144.26
654000 1777.27 1751.6 1629.33 5158.19
656000 1782.53 1748.84 1634.26 5165.63
658000 1783.86 1754.81 1643.99 5182.65
660000 1798.46 1756.78 1650.88 5206.12
662000 1807.13 1765.36 1651.64 5224.12
664000 1829.07 1771.72 1665.72 5266.51
666000 1832.71 1773.74 1671.22 5277.67
668000 1829.22 1778.31 1674.46 5281.99
670000 1833.16 1787.94 1689.49 5310.58
672000 1835.87 1782.97 1693.13 5311.97
674000 1836.67 1797.06 1694.35 5328.08
676000 1846.14 1804.17 1699.97 5350.27
678000 1851.59 1810.85 1698.04 5360.48
680000 1849.28 1814.84 1702.86 5366.97
682000 1853.58 1824.51 1711.14 5389.24
684000 1859 1826.01 1719.43 5404.44
686000 1861.17 1838.23 1719.81 5419.21
688000 1867.75 1834.23 1721.01 5422.98
690000 1874.73 1831.59 1723.96 5430.28
692000 1882.83 1835.23 1723.82 5441.88
694000 1885.27 1837.13 1729.16 5451.55
696000 1897.76 1847.69 1735.76 5481.21
698000 1906.74 1855.28 1742.33 5504.36
700000 1921.02 1873.49 1757.02 5551.54
702000 1942.37 1864.83 1753.98 5561.18
704000 1948.55 1875.07 1758.51 5582.13
706000 1959.83 1884.07 1760.52 5604.42
708000 1965.26 1891.51 1762.9 5619.67
710000 1975.3 1887.96 1768.6 5631.87
712000 1975.7 1892.26 1773.16 5641.13
714000 1973.74 1885.65 1774.79 5634.18
716000 1977.91 1893.04 1772.66 5643.61
718000 1984.36 1896.32 1783.35 5664.03
720000 1990.76 1897.8 1789.31 5677.87
722000 1987.63 1909.73 1792.09 5689.45
724000 1988.8 1911.07 1795.76 5695.63
726000 1985.61 1921.92 1802.16 5709.69
728000 1992.36 1928.6 1804.16 5725.12
730000 2009.42 1922.49 1803.23 5735.14
732000 2020.77 1930.54 1811.03 5762.34
734000 2031.91 1941.19 1822.11 5795.22
736000 2034.59 1950.78 1829.69 5815.06
738000 2039.59 1962.42 1836.81 5838.83
740000 2045.06 1971.83 1845.37 5862.26
742000 2050.77 1977.98 1857.26 5886
744000 2056.14 1982.73 1865.47 5904.35
746000 2051.3 1995.43 1871.78 5918.51
748000 2051.77 1999.57 1877.56 5928.9
750000 2049.2 2010.6 1888.73 5948.53
752000 2041.81 2027.47 1894.26 5963.54
754000 2044.16 2025.6 1902.5 5972.26
756000 2050.29 2029.29 1905.14 5984.71
758000 2054.73 2039.63 1910.37 6004.74
760000 2063.6 2048 1920.29 6031.9
762000 2063.66 2046.32 1935.14 6045.12
764000 2075.14 2052.18 1950.74 6078.06
766000 2079.89 2065.75 1953.07 6098.71
768000 2081.66 2073.04 1958.24 6112.94
770000 2092.04 2087.61 1968.72 6148.37
772000 2102.33 2093.85 1967.05 6163.24
774000 2104.78 2102.38 1972.73 6179.89
776000 2105.46 2105.01 1982.42 6192.89
778000 2110.14 2110.68 1988.4 6209.21
780000 2117.76 2122.53 1992.04 6232.33
782000 2118.66 2130.12 2002.79 6251.57
784000 2124.47 2130.85 2012.78 6268.11
786000 2135.47 2129.08 2016.24 6280.79
788000 2133.03 2125.14 2026.84 6285.01
790000 2136.6 2141.38 2033.89 6311.87
792000 2136.32 2148.43 2034.64 6319.38
794000 2144.84 2155.59 2036.66 6337.09
796000 2151.6 2158.48 2042.23 6352.3
798000 2154.58 2158.55 2049.11 6362.23
800000 2157.55 2161.54 2059.38 6378.46
802000 2157.44 2166.22 2053.05 6376.71
804000 2158.86 2170.65 2069.19 6398.71
806000 2163.06 2176.06 2077.45 6416.57
808000 2165.23 2178.26 2083.45 6426.95
810000 2169.01 2187.03 2091.98 6448.02
812000 2182.39 2189.52 2090.68 6462.58
814000 2190.88 2193.82 2095.61 6480.31
816000 2193.13 2201.78 2100.03 6494.94
818000 2194.77 2219.44 2098.08 6512.29
820000 2207.57 2214.4 2101.45 6523.42
822000 2209.12 2220.42 2104.75 6534.29
824000 2218.34 2226.26 2107.87 6552.47
826000 2214.89 2233.06 2115.07 6563.02
828000 2214.39 2251.98 2113.15 6579.53
830000 2216.77 2256.07 2121.67 6594.51
832000 2216.75 2254.3 2125.37 6596.42
834000 2230.69 2247.93 2137.8 6616.43
836000 2233 2244.66 2148.63 6626.29
838000 2250.87 2249.24 2156.56 6656.68
840000 2265.36 2257.19 2150.2 6672.75
842000 2272.21 2267.2 2169.1 6708.5
844000 2275.2 2272.1 2186 6733.31
846000 2274.32 2281.25 2188.59 6744.16
848000 2274.64 2289.95 2186.48 6751.06
850000 2286.02 2291.02 2185.59 6762.62
852000 2288.56 2297.64 2188.67 6774.86
854000 2294.78 2303.07 2190.39 6788.23
856000 2298.65 2298.08 2192.96 6789.68
858000 2305.88 2301.23 2190.15 6797.26
860000 2307.7 2302.62 2190.76 6801.08
862000 2313.81 2316.39 2198.02 6828.22
864000 2323.35 2324.97 2206.87 6855.18
866000 2326.62 2331.71 2206.33 6864.67
868000 2326.46 2336.01 2212.48 6874.95
870000 2335.44 2347.81 2220.97 6904.22
872000 2345.5 2351.64 2228.24 6925.38
874000 2355.33 2351.93 2235.55 6942.82
876000 2351.88 2358.21 2248.8 6958.89
878000 2358.46 2369.41 2262.35 6990.21
880000 2362.09 2362.23 2266.34 6990.66
882000 2362.81 2377.86 2271 7011.66
884000 2367.16 2391.87 2270.94 7029.97
886000 2369.37 2402.36 2275.41 7047.15
888000 2382.61 2400.56 2283.31 7066.47
890000 2381.65 2399.17 2290.21 7071.03
892000 2388.09 2397.61 2281.33 7067.03
894000 2391.31 2404.68 2277.32 7073.31
896000 2399.62 2413.01 2282.43 7095.06
898000 2403.41 2411.51 2290.7 7105.62
900000 2410.81 2415.76 2293.98 7120.55
902000 2410.21 2424.55 2302.55 7137.31
904000 2422.73 2428.8 2313.4 7164.93
906000 2423.48 2434.58 2325.42 7183.49
908000 2431.06 2431.82 2325.71 7188.59
910000 2434.81 2446.45 2332.12 7213.38
912000 2437.26 2448.87 2331.37 7217.51
914000 2442.22 2455.42 2338.61 7236.25
916000 2436.3 2460.98 2343.03 7240.31
918000 2441.64 2457.95 2358.7 7258.3
920000 2445.67 2463.68 2360.5 7269.85
922000 2452.6 2468.33 2362.68 7283.62
924000 2452.44 2468.5 2377.89 7298.83
926000 2466.31 2480.01 2385.27 7331.59
928000 2474.37 2481.03 2392.6 7348.01
930000 2495.49 2484.75 2398.46 7378.7
932000 2507.94 2487.08 2401.45 7396.47
934000 2513.4 2489.79 2409.66 7412.85
936000 2523.59 2497.65 2420.62 7441.87
938000 2534.58 2501.59 2424.61 7460.78
940000 2546.74 2510.12 2429.84 7486.7
942000 2546.78 2512.74 2447.28 7506.79
944000 2548.32 2508.3 2458.86 7515.49
946000 2549.78 2511.05 2460.75 7521.58
948000 2559.78 2517.39 2468.76 7545.93
950000 2561.87 2522.97 2475.07 7559.91
952000 2575.27 2524.75 2481.65 7581.66
954000 2577.63 2529.87 2483.7 7591.2
956000 2585.71 2530.57 2489.89 7606.17
958000 2597.51 2533.1 2494.18 7624.79
960000 2602 2532.2 2496.94 7631.14
962000 2604.86 2549.93 2504.85 7659.64
964000 2612.3 2555.66 2508.84 7676.79
966000 2612.4 2570.57 2514.13 7697.1
968000 2625.13 2570.18 2510.09 7705.4
970000 2627.91 2589.42 2513.36 7730.69
972000 2640.5 2590.32 2521.54 7752.36
974000 2646.92 2594.53 2529.03 7770.47
976000 2651.27 2600.76 2524.46 7776.5
978000 2658.67 2608.31 2527.95 7794.92
980000 2667.32 2618.1 2530.6 7816.02
982000 2670.77 2618.73 2529.45 7818.95
984000 2678.45 2617.19 2538.52 7834.16
986000 2684.8 2623.43 2546.68 7854.91
988000 2691.9 2625.36 2550.43 7867.69
990000 2697.98 2640.62 2561.13 7899.73
992000 2705.14 2645.7 2565.84 7916.68
994000 2708.41 2648 2570.91 7927.33
996000 2707.16 2646.14 2575.65 7928.95
998000 2727.25 2650.08 2587.55 7964.87
1000000 2740.64 2659.3 2593.93 7993.86
1002000 2749.07 2662.14 2603.64 8014.85
1004000 2752.95 2666.09 2601.57 8020.61
1006000 2757.98 2670.96 2601.85 8030.79
1008000 2766.73 2687.75 2614.09 8068.57
1010000 2779.26 2699.22 2618.89 8097.37
1012000 2781.94 2698.89 2626.1 8106.93
1014000 2783.16 2704.26 2630.81 8118.24
1016000 2789.92 2717.45 2635.58 8142.95
1018000 2799.81 2729.23 2636.4 8165.43
1020000 2806.11 2738.6 2629.88 8174.6
1022000 2812.85 2745.96 2634.91 8193.71
1024000 2816.37 2749.13 2621.71 8187.21
1026000 2817.01 2765.3 2636.89 8219.2
1028000 2832.21 2777.42 2633.14 8242.76
1030000 2824.89 2791.13 2640.54 8256.56
1032000 2825.54 2790.63 2636.68 8252.85
1034000 2835.02 2799.03 2644.11 8278.16
1036000 2830.34 2796.61 2648.51 8275.46
1038000 2834.44 2804.55 2656.71 8295.71
1040000 2834.32 2824.02 2671.73 8330.07
1042000 2840.06 2823.07 2673.99 8337.13
1044000 2853.73 2830.51 2679.39 8363.63
1046000 2867.81 2833.24 2684.16 8385.21
1048000 2871.34 2837.89 2694.78 8404.01
1050000 2866.66 2860.09 2708.51 8435.26
1052000 2868.27 2863.66 2708.18 8440.11
1054000 2873.59 2869.44 2706.02 8449.05
1056000 2895.41 2867.13 2705.32 8467.86
1058000 2911.14 2875.74 2710.01 8496.89
1060000 2911.32 2874.18 2720.81 8506.31
1062000 2907.15 2879.27 2726.6 8513.02
1064000 2917.05 2889.09 2723.67 8529.81
1066000 2911.97 2895.06 2727.18 8534.21
1068000 2921.92 2906.51 2727.15 8555.58
1070000 2922.03 2915.67 2735.89 8573.58
1072000 2928.5 2919.69 2740.24 8588.42
1074000 2937.03 2915.88 2743.61 8596.52
1076000 2947.19 2920.25 2744.75 8612.18
1078000 2950.51 2928.39 2751.42 8630.33
1080000 2962.08 2938.14 2762.51 8662.73
1082000 2972.36 2944.19 2761.34 8677.89
1084000 2975.88 2963.99 2762.67 8702.54
1086000 2975.13 2962.29 2764.18 8701.6
1088000 2980.97 2975.69 2753.89 8710.55
1090000 2979.8 2974.11 2752.01 8705.92
1092000 2985.62 2971.46 2756.48 8713.56
1094000 2991.63 2970.62 2764.76 8727.01
1096000 2986.59 2974.92 2775.88 8737.39
1098000 2992.04 2987.67 2779.37 8759.08
1100000 3004.7 2985.37 2784.57 8774.63
1102000 2997.41 2993.25 2792.39 8783.06
1104000 3005.99 3002.47 2793.68 8802.14
1106000 3013.97 3022.03 2798.89 8834.89
1108000 3016.22 3009.55 2804.32 8830.09
1110000 3020.89 3011.55 2805.19 8837.63
1112000 3026.76 3016.3 2800.25 8843.31
1114000 3032.06 3020.86 2807.04 8859.95
1116000 3037.9 3036.49 2803.97 8878.35
1118000 3029.26 3041.82 2808.76 8879.83
1120000 3029.71 3028.15 2820.76 8878.61
1122000 3017.02 3039.2 2826.85 8883.07
1124000 3024.51 3044.79 2833.71 8903
1126000 3032.48 3059.56 2820.41 8912.44
1128000 3039.33 3060.08 2833.38 8932.79
1130000 3038.51 3063.46 2840.02 8941.98
1132000 3044.22 3067.16 2847.6 8958.97
1134000 3058.03 3080.84 2851.36 8990.23
1136000 3062.04 3079.16 2856.62 8997.81
1138000 3068.22 3086.29 2861.39 9015.9
1140000 3081.82 3078.82 2872.21 9032.85
1142000 3090.09 3065.89 2879.77 9035.75
1144000 3100.47 3060.19 2892.12 9052.77
1146000 3113.03 3081.84 2900.32 9095.2
1148000 3115.19 3090.15 2911.45 9116.79
1150000 3121.43 3091.5 2910.65 9123.58
1152000 3121.69 3091.66 2924.02 9137.37
1154000 3133.46 3098.54 2937.32 9169.32
1156000 3140.55 3109.41 2941.29 9191.25
1158000 3146.91 3115.43 2949.06 9211.41
1160000 3165.41 3127.39 2957.4 9250.19
1162000 3182.95 3132.11 2963.42 9278.48
1164000 3197.97 3141.71 2963.58 9303.26
1166000 3206.15 3143.1 2959.56 9308.81
1168000 3227.39 3145.38 2963.01 9335.78
1170000 3235.35 3144.34 2969.19 9348.88
1172000 3230.42 3161.98 2972.67 9365.07
1174000 3228.35 3166.88 2975.21 9370.43
1176000 3248.58 3182.22 2979.12 9409.92
1178000 3265.4 3177.62 2988.87 9431.89
1180000 3276.35 3174.91 2990.32 9441.58
1182000 3270.59 3187.25 3002.39 9460.24
1184000 3268.62 3190.93 3014.03 9473.58
1186000 3265.89 3199.75 3026.08 9491.71
1188000 3269.3 3213.38 3034.08 9516.77
1190000 3275.62 3215.34 3035.98 9526.93
1192000 3283.57 3222.69 3049.7 9555.97
1194000 3284.55 3236.45 3050.36 9571.37
1196000 3294.76 3231.27 3052.24 9578.28
1198000 3312.81 3241.76 3056.34 9610.91
1200000 3327.22 3252.22 3064.19 9643.63
1202000 3324.4 3257.79 3063 9645.19
1204000 3331.63 3268.56 3064.12 9664.31
1206000 3336.58 3278.2 3085.99 9700.77
1208000 3337.68 3284.26 3086.36 9708.3
1210000 3335.8 3296.67 3091.24 9723.71
1212000 3333.26 3313.31 3090.41 9736.99
1214000 3336.07 3303.74 3089.91 9729.72
1216000 3336.51 3321.25 3083.43 9741.19
1218000 3352.04 3329.17 3088.19 9769.41
1220000 3355.66 3337.24 3100.08 9792.98
1222000 3360.37 3338.15 3114.02 9812.54
1224000 3373.91 3356.61 3121.56 9852.08
1226000 3379.86 3364.09 3126.96 9870.91
1228000 3384.03 3371.12 3133.83 9888.98
1230000 3384.13 3369.72 3124.57 9878.42
1232000 3388.68 3372.34 3134.41 9895.44
1234000 3397.39 3373.74 3148.41 9919.55
1236000 3405.06 3392.62 3157.02 9954.7
1238000 3404.78 3389.75 3156.11 9950.64
1240000 3400.96 3396.05 3162.72 9959.74
1242000 3407.71 3415.09 3171.96 9994.76
1244000 3414.88 3421.58 3174.77 10011.2
1246000 3410.56 3426.65 3185.06 10022.3
1248000 3409.01 3424 3187.83 10020.8
1250000 3418.77 3430 3203.01 10051.8
1252000 3425.16 3424.76 3208.58 10058.5
1254000 3432.43 3424.03 3212.57 10069
1256000 3435.87 3436.79 3221.05 10093.7
1258000 3442.25 3444.7 3229.49 10116.4
1260000 3445.12 3447.12 3245.66 10137.9
1262000 3458.46 3445.15 3251.99 10155.6
1264000 3471.89 3445.45 3262.99 10180.3
1266000 3482.44 3450.66 3259.06 10192.2
1268000 3487.98 3455.84 3258.56 10202.4
1270000 3501.92 3463.06 3254.77 10219.8
1272000 3504.71 3468.01 3267.37 10240.1
1274000 3513.49 3470.28 3275.38 10259.1
1276000 3521.41 3475.72 3278.11 10275.2
1278000 3536.86 3476.94 3286.34 10300.1
1280000 3547.11 3481.3 3287.14 10315.6
1282000 3543.87 3498.24 3285.9 10328
1284000 3547.36 3498.25 3297.96 10343.6
1286000 3553.89 3506.71 3300.57 10361.2
1288000 3550.22 3515.47 3302.71 10368.4
1290000 3555.56 3516.31 3309.24 10381.1
1292000 3561.3 3511.64 3312.96 10385.9
1294000 3573.33 3510.87 3316.15 10400.4
1296000 3581.8 3517.3 3332.23 10431.3
1298000 3592.26 3542.18 3342.06 10476.5
1300000 3602.33 3544.79 3343.22 10490.3
1302000 3607.96 3559.58 3352.17 10519.7
1304000 3606.45 3568.13 3358.26 10532.8
1306000 3606.19 3568.74 3361.3 10536.2
1308000 3614.22 3574.02 3367.65 10555.9
1310000 3624.48 3568.98 3368.61 10562.1
1312000 3627.62 3575.03 3364.92 10567.6
1314000 3641.34 3575.96 3373 10590.3
1316000 3630.83 3588.83 3379.61 10599.3
1318000 3632.37 3604.23 3376.82 10613.4
1320000 3649.76 3614.4 3393.54 10657.7
1322000 3662.59 3617.87 3387.16 10667.6
1324000 3660.78 3620.87 3386.35 10668
1326000 3661.49 3619.05 3391.94 10672.5
1328000 3659.94 3617.5 3401.5 10678.9
1330000 3661.79 3617.27 3406.29 10685.4
1332000 3679.79 3621.33 3412.73 10713.8
1334000 3685.17 3619.33 3419.46 10724
1336000 3686.17 3607.23 3426.39 10719.8
1338000 3679.65 3603.61 3430.26 10713.5
1340000 3697.9 3612.68 3437.68 10748.3
1342000 3706.14 3617.79 3445.55 10769.5
1344000 3724.41 3633.71 3458.72 10816.8
1346000 3734.22 3635.42 3451.35 10821
1348000 3742.06 3639.43 3452.81 10834.3
1350000 3739.97 3642.07 3457.91 10839.9
1352000 3742.76 3636.38 3458.46 10837.6
1354000 3757.74 3642.57 3472.64 10872.9
1356000 3764.93 3641.7 3483.12 10889.8
1358000 3775.91 3640.1 3479.76 10895.8
1360000 3783.18 3642.21 3490.2 10915.6
1362000 3793.85 3637.89 3490.33 10922.1
1364000 3795.35 3647.12 3494.12 10936.6
1366000 3788.99 3641.34 3505.99 10936.3
1368000 3787.68 3642.15 3514.23 10944.1
1370000 3793.55 3647.29 3525.75 10966.6
1372000 3789.44 3661.39 3531.53 10982.4
1374000 3787.44 3668.4 3531.3 10987.1
1376000 3785.42 3680.47 3527.1 10993
1378000 3795.02 3689.45 3536.93 11021.4
1380000 3814.97 3696.65 3548.77 11060.4
1382000 3826 3693.48 3554.95 11074.4
1384000 3846.43 3695.27 3556.18 11097.9
1386000 3866.71 3693.52 3548.47 11108.7
1388000 3849.84 3696.04 3558.94 11104.8
1390000 3860.85 3712.21 3564.51 11137.6
1392000 3880.61 3724.61 3575.36 11180.6
1394000 3880.81 3729.15 3574.1 11184.1
1396000 3878.66 3744.64 3566.87 11190.2
1398000 3879.7 3746.97 3574.05 11200.7
1400000 3890.56 3755.15 3575.99 11221.7
1402000 3894.49 3759.21 3580.1 11233.8
1404000 3900.3 3759.87 3588.11 11248.3
1406000 3906.67 3771.67 3594.21 11272.6
1408000 3906.14 3778.39 3590.01 11274.5
1410000 3908.2 3773.44 3598.98 11280.6
1412000 3914.34 3778.61 3590.72 11283.7
1414000 3929.2 3785.87 3588.21 11303.3
1416000 3929.02 3797.13 3598.11 11324.3
1418000 3942.66 3797.09 3606.33 11346.1
1420000 3958.22 3798.57 3599.4 11356.2
1422000 3950.91 3816.5 3588.18 11355.6
1424000 3947.97 3835.04 3590.94 11373.9
1426000 3952.82 3838.45 3594.43 11385.7
1428000 3954.21 3844.16 3610.7 11409.1
1430000 3967.12 3843.39 3620.3 11430.8
1432000 3969.76 3849.43 3629.21 11448.4
1434000 3979.88 3846.08 3629.36 11455.3
1436000 3992.7 3850.35 3634.82 11477.9
1438000 3993.47 3866.68 3644.47 11504.6
1440000 4007.56 3880.9 3648.43 11536.9
1442000 4016.35 3881.34 3647.21 11544.9
1444000 4009.6 3889.68 3649.47 11548.7
1446000 4021.16 3891.15 3646.44 11558.7
1448000 4013.79 3894.66 3648.56 11557
1450000 4009.41 3901.82 3667.69 11578.9
1452000 4011.9 3912.7 3666.18 11590.8
1454000 4018.94 3922.5 3670.31 11611.7
1456000 4018.29 3924.18 3680.3 11622.8
1458000 4031.95 3925.17 3681.57 11638.7
1460000 4056.98 3923.63 3683.01 11663.6
1462000 4059.85 3917.09 3682.6 11659.5
1464000 4057.51 3923.77 3679.13 11660.4
1466000 4051.02 3930.04 3677.75 11658.8
1468000 4051.55 3933.42 3680.17 11665.1
1470000 4054.78 3938.59 3681.57 11674.9
1472000 4066.55 3945.57 3685.72 11697.8
1474000 4058.17 3939.53 3690.53 11688.2
1476000 4068.68 3937.26 3702.73 11708.7
1478000 4072.47 3937.26 3706.17 11715.9
1480000 4075.13 3947.52 3715.65 11738.3
1482000 4076.08 3952.41 3723.6 11752.1
1484000 4084.15 3966.09 3726.61 11776.8
1486000 4083.61 3973.58 3726.18 11783.4
1488000 4080.47 3981.81 3731.1 11793.4
1490000 4086.93 3991.44 3735.21 11813.6
1492000 4100.58 4000.13 3740.04 11840.8
1494000 4100.57 4001.52 3740.41 11842.5
1496000 4109.23 3997.42 3750.01 11856.7
1498000 4112.82 3997.74 3756.35 11866.9
1500000 4115.88 4013.26 3756.96 11886.1
1502000 4121.62 4023.42 3765.82 11910.9
1504000 4127.16 4031.83 3771.5 11930.5
1506000 4142.25 4043.82 3776.28 11962.4
1508000 4148.96 4037.13 3777.77 11963.9
1510000 4159.54 4041.96 3775.46 11977
1512000 4163.8 4048.48 3781.55 11993.8
1514000 4171.01 4048.19 3791.39 12010.6
1516000 4187.35 4060.54 3804.87 12052.8
1518000 4192.94 4068.54 3807.81 12069.3
1520000 4199.53 4073.68 3807.62 12080.8
1522000 4197.29 4086.2 3810.79 12094.3
1524000 4211.17 4103.66 3820.11 12134.9
1526000 4210.48 4113.69 3831.81 12156
1528000 4212.76 4126.57 3838.1 12177.4
1530000 4206.83 4132.3 3849.92 12189.1
1532000 4224.89 4143.62 3853.39 12221.9
1534000 4230.91 4150.95 3859.27 12241.1
1536000 4242.45 4145.79 3870.69 12258.9
1538000 4243.71 4153.4 3867.98 12265.1
1540000 4242.92 4148.76 3871.18 12262.8
1542000 4263.21 4147.7 3875.88 12286.8
1544000 4267.82 4154.96 3884.48 12307.3
1546000 4275.24 4154.85 3882.98 12313.1
1548000 4277.66 4162.23 3879.83 12319.7
1550000 4275.72 4170.05 3874.75 12320.5
1552000 4270.34 4174.7 3883.49 12328.5
1554000 4276.99 4184.75 3891.64 12353.4
1556000 4286.86 4197.18 3895.87 12379.9
1558000 4293.03 4200.81 3902.28 12396.1
1560000 4293.14 4192.23 3904.93 12390.3
1562000 4295.34 4201.41 3903.79 12400.5
1564000 4303.82 4208.27 3916.86 12429
1566000 4311.71 4221.13 3927.86 12460.7
1568000 4319.87 4226.74 3920.45 12467.1
1570000 4329.2 4231.56 3927.76 12488.5
1572000 4340.63 4249.76 3934.91 12525.3
1574000 4338.45 4242.09 3937.11 12517.7
1576000 4343.2 4243.87 3930.42 12517.5
1578000 4364.89 4252.61 3935.59 12553.1
1580000 4383.99 4269 3943.35 12596.3
1582000 4396.73 4279.5 3949.15 12625.4
1584000 4411.62 4294.55 3962.02 12668.2
1586000 4406.9 4299.14 3958.98 12665
1588000 4412.44 4301 3963.67 12677.1
1590000 4436.79 4290.93 3975.57 12703.3
1592000 4440.56 4308.14 3978.48 12727.2
1594000 4436.64 4307.75 3982.46 12726.8
1596000 4434.14 4306.61 3986.23 12727
1598000 4444.64 4309.93 3988.49 12743.1
1600000 4453.57 4309.01 4006.92 12769.5
1602000 4451.36 4315.82 4004.12 12771.3
1604000 4453.36 4334.99 4017.51 12805.9
1606000 4456.4 4354.74 4029.83 12841
1608000 4464.77 4369.67 4037.83 12872.3
1610000 4478.83 4366.29 4041.24 12886.4
1612000 4484.49 4368.15 4048.94 12901.6
1614000 4481.93 4358.98 4049.71 12890.6
1616000 4487.62 4374.15 4069.67 12931.4
1618000 4488.13 4375.3 4082.6 12946
1620000 4480.83 4377.47 4087.4 12945.7
1622000 4491.33 4383.02 4093.99 12968.3
1624000 4493.04 4379.47 4107.44 12979.9
1626000 4500.49 4371.95 4116.81 12989.2
1628000 4510.09 4375.44 4121.84 13007.4
1630000 4530.46 4359.18 4131.41 13021.1
1632000 4536.58 4371.93 4128.16 13036.7
1634000 4554.39 4372.39 4134.37 13061.1
1636000 4559 4370.9 4141.92 13071.8
1638000 4568.61 4374.78 4144.62 13088
1640000 4568.18 4380.71 4131.32 13080.2
1642000 4559.41 4387.73 4137.59 13084.7
1644000 4560.49 4395.96 4140.55 13097
1646000 4561.44 4406.02 4149.19 13116.6
1648000 4571.52 4420.59 4158.21 13150.3
1650000 4570.24 4428.19 4161.83 13160.3
1652000 4567.25 4420.37 4171.79 13159.4
1654000 4560.26 4427.03 4176.67 13164
1656000 4573.27 4422.71 4178.99 13175
1658000 4585.16 4417.29 4187.13 13189.6
1660000 4588.89 4420.36 4197.16 13206.4
1662000 4589.02 4429.76 4206.99 13225.8
1664000 4599.92 4436.68 4208.01 13244.6
1666000 4598.23 4429.09 4207.86 13235.2
1668000 4598.69 4437.37 4209.94 13246
1670000 4613.2 4437.28 4231.85 13282.3
1672000 4619.95 4456.73 4232.85 13309.5
1674000 4628.34 4451.27 4244.17 13323.8
1676000 4636.22 4455.79 4249.44 13341.5
1678000 4624.56 4453.49 4262.82 13340.9
1680000 4624.58 4453.57 4270.53 13348.7
1682000 4628.85 4459.98 4281.61 13370.4
1684000 4636.08 4475.36 4283.92 13395.4
1686000 4634.72 4484.56 4289.9 13409.2
1688000 4645.85 4494.18 4298.34 13438.4
1690000 4647.95 4498.89 4309.44 13456.3
1692000 4655.51 4498.85 4319.12 13473.5
1694000 4667.8 4494.44 4321.02 13483.3
1696000 4677.28 4499.18 4316.36 13492.8
1698000 4687.15 4505.89 4328.08 13521.1
1700000 4695.84 4507.96 4328.64 13532.4
1702000 4708.63 4514.93 4331.63 13555.2
1704000 4714.87 4515.47 4343.77 13574.1
1706000 4709.4 4518.29 4353.34 13581
1708000 4724.22 4513.78 4357.01 13595
1710000 4741.6 4518.75 4367.27 13627.6
1712000 4762.28 4521.21 4368.81 13652.3
1714000 4766.29 4520.48 4376.38 13663.1
1716000 4779.11 4528.26 4396.47 13703.8
1718000 4786.34 4526.03 4407.9 13720.3
1720000 4786.4 4534.19 4421.65 13742.2
1722000 4797.74 4546.79 4416.53 13761.1
1724000 4796.89 4556.75 4436.69 13790.3
1726000 4798.83 4558.92 4454.96 13812.7
1728000 4796.17 4552.45 4484.37 13833
1730000 4810.02 4561.58 4483.53 13855.1
1732000 4810.27 4575.89 4507.52 13893.7
1734000 4811.42 4576.44 4521.26 13909.1
1736000 4821.23 4582.49 4527.51 13931.2
1738000 4829.07 4581.72 4533.3 13944.1
1740000 4832.64 4586.63 4557.49 13976.8
1742000 4833.77 4593.38 4557.57 13984.7
1744000 4828.67 4595.02 4567.66 13991.4
1746000 4829.35 4609.25 4580.45 14019
1748000 4829.05 4605.13 4583.27 14017.4
1750000 4844.31 4607.14 4588.08 14039.5
1752000 4841.17 4612.09 4594.12 14047.4
1754000 4841.26 4609 4594.89 14045.1
1756000 4850.88 4601.55 4595.07 14047.5
1758000 4865.53 4605.85 4604.62 14076
1760000 4876.07 4602.76 4612.31 14091.1
1762000 4882.11 4600.46 4618.99 14101.6
1764000 4876.72 4593.2 4619.95 14089.9
1766000 4893.08 4594.23 4650.09 14137.4
1768000 4896.98 4599.06 4647.36 14143.4
1770000 4905.22 4606.9 4654.16 14166.3
1772000 4908.78 4607.99 4662.59 14179.4
1774000 4910.66 4608.72 4676.05 14195.4
1776000 4909.46 4608.02 4685.23 14202.7
1778000 4909.47 4608.85 4691.38 14209.7
1780000 4920.46 4607.86 4708.69 14237
1782000 4937.21 4606.76 4711.08 14255
1784000 4941.25 4611.84 4727.16 14280.3
1786000 4952.65 4614.7 4729.86 14297.2
1788000 4962.97 4628.11 4742.98 14334.1
1790000 4975.85 4644.13 4742.73 14362.7
1792000 4985.41 4658.55 4735.28 14379.2
1794000 4990.63 4671.88 4742.06 14404.6
1796000 5000.5 4669 4744.68 14414.2
1798000 4994.94 4684.17 4753.57 14432.7
1800000 4994.19 4692.79 4757.88 14444.9
1802000 5000.03 4699.1 4762.28 14461.4
1804000 5022.77 4706.71 4769.11 14498.6
1806000 5025 4715.65 4769.7 14510.3
1808000 5025.16 4721.37 4778.14 14524.7
1810000 5040.32 4737.12 4771.72 14549.2
1812000 5044.26 4743.63 4774.93 14562.8
1814000 5062.13 4761.57 4774.9 14598.6
1816000 5068.72 4770.58 4773.73 14613
1818000 5072.59 4782.37 4780.77 14635.7
1820000 5059.71 4780.37 4785.82 14625.9
1822000 5060.89 4794.24 4786.48 14641.6
1824000 5075.66 4803.79 4806.04 14685.5
1826000 5074.3 4808.64 4803.81 14686.8
1828000 5070.88 4815.59 4802.25 14688.7
1830000 5073.37 4837.48 4800.76 14711.6
1832000 5076.67 4848.77 4819.35 14744.8
1834000 5087.39 4865.06 4824.41 14776.9
1836000 5075.26 4862.12 4823.48 14760.9
1838000 5070.56 4861.2 4826.7 14758.5
1840000 5080.82 4862.49 4830.75 14774.1
1842000 5064.9 4875.64 4839.19 14779.7
1844000 5064.53 4877.9 4844.43 14786.9
1846000 5085.11 4893.3 4855.99 14834.4
1848000 5082.98 4910.09 4861.25 14854.3
1850000 5089.04 4917.41 4866.47 14872.9
1852000 5085.6 4913.02 4876.07 14874.7
1854000 5082.9 4918.82 4887.59 14889.3
1856000 5083.28 4925.72 4891.25 14900.2
1858000 5097.57 4930.88 4892.57 14921
1860000 5102.14 4928.13 4889.98 14920.2
1862000 5105.01 4922.65 4900.39 14928.1
1864000 5108.29 4937.64 4903.47 14949.4
1866000 5111.57 4937.17 4914.37 14963.1
1868000 5121.27 4939.24 4919.26 14979.8
1870000 5113.49 4933.42 4923.27 14970.2
1872000 5111.84 4950.07 4930.42 14992.3
1874000 5128.24 4965.32 4927.49 15021
1876000 5153.49 4999.05 4947.69 15100.2
1878000 5163.55 4996.8 4950.37 15110.7
1880000 5172.1 5002.74 4948.97 15123.8
1882000 5161.95 5010.45 4952.42 15124.8
1884000 5179.86 5004.23 4973.1 15157.2
1886000 5199.45 5003.7 4962.88 15166
1888000 5206.33 5009.59 4961.1 15177
1890000 5196.98 5019.22 4968.46 15184.7
1892000 5201 5027.22 4973.79 15202
1894000 5213.73 5029.63 4978.91 15222.3
1896000 5219.48 5042.19 4982 15243.7
1898000 5214.09 5054.77 4983.03 15251.9
1900000 5218.79 5061.54 4994.52 15274.8
1902000 5218.87 5063.64 5014.92 15297.4
1904000 5215.46 5070.41 5025.61 15311.5
1906000 5229.3 5083.03 5035.16 15347.5
1908000 5245.15 5095.23 5035.58 15376
1910000 5239.24 5097.23 5037.92 15374.4
1912000 5243.53 5107.66 5042.23 15393.4
1914000 5249.73 5111.47 5037.74 15398.9
1916000 5242.93 5113.35 5042.24 15398.5
1918000 5249.56 5111.49 5050.72 15411.8
1920000 5260.7 5123.82 5056.07 15440.6
1922000 5282.99 5139.07 5056.49 15478.6
1924000 5302.95 5144.65 5071.69 15519.3
1926000 5318.08 5154.89 5088.04 15561
1928000 5329.42 5171.5 5092.04 15593
1930000 5329.34 5164.32 5098.59 15592.2
1932000 5334.26 5164.3 5104.09 15602.7
1934000 5347.49 5170.2 5099.33 15617
1936000 5350.09 5187.7 5107.38 15645.2
1938000 5356.45 5201 5122.21 15679.7
1940000 5351.9 5214.12 5133.94 15700
1942000 5365.2 5233.59 5141.13 15739.9
1944000 5368.17 5233.48 5131.17 15732.8
1946000 5376.6 5242.86 5140.31 15759.8
1948000 5380.77 5241.39 5147.67 15769.8
1950000 5376.21 5237.85 5144.42 15758.5
1952000 5372.45 5242.53 5146.02 15761
1954000 5373.91 5259.33 5166.38 15799.6
1956000 5370.46 5266.34 5185.78 15822.6
1958000 5367.88 5271.22 5186.89 15826
1960000 5386.07 5287.03 5197 15870.1
1962000 5378.19 5304.19 5200.98 15883.4
1964000 5370.9 5315.99 5198.72 15885.6
1966000 5374.4 5328 5199.96 15902.4
1968000 5384.04 5338.94 5198.1 15921.1
1970000 5394.66 5339.45 5212.83 15946.9
1972000 5408.32 5336.5 5231.91 15976.7
1974000 5416.57 5330.76 5256.07 16003.4
1976000 5421.79 5339.14 5254.58 16015.5
1978000 5424.58 5344.37 5262.6 16031.5
1980000 5433 5360.11 5270.73 16063.8
1982000 5429.01 5360.23 5278.82 16068.1
1984000 5428.46 5362.9 5275.64 16067
1986000 5428.08 5362.33 5278.82 16069.2
1988000 5421.5 5364.72 5288.42 16074.6
1990000 5417.68 5376.32 5288.36 16082.4
1992000 5412.93 5381.22 5312.96 16107.1
1994000 5416.78 5387.63 5309.44 16113.8
1996000 5421.4 5398.18 5314.85 16134.4
1998000 5429.79 5395.18 5310.05 16135
2000000 5442.51 5403.44 5303.72 16149.7
