0 816237.44
2000 827406.9
4000 816591.75
6000 821011.75
8000 810258.21
10000 811512.39
12000 828564.1
14000 822584.35
16000 803199.05
18000 807590.4
20000 813724.08
22000 809663.18
24000 818941.29
26000 824090.85
28000 818951.76
30000 814421.7
32000 822513.8
34000 820243.67
36000 823672.58
38000 820844
40000 817544.98
42000 822928.81
44000 813499.21
46000 820659.21
48000 823007.7
50000 817344.23
52000 810665.14
54000 808740.3
56000 812848.06
58000 817683.57
60000 820229.05
62000 814876.73
64000 818141.06
66000 812287.4
68000 815177.99
70000 825994.82
72000 812939.58
74000 817401.9
76000 806787.3
78000 808161.76
80000 805440.92
82000 820688.91
84000 811986.72
86000 815738.77
88000 816934.54
90000 817040.43
92000 819739.15
94000 821853.18
96000 818467.31
98000 813855.32
100000 818052.86
102000 823227.07
104000 816840.46
106000 818986.7
108000 815437.33
110000 826128.33
112000 824450.4
114000 824064.16
116000 804484.29
118000 812359.7
120000 809818.36
122000 821873.4
124000 816805.75
126000 820847.97
128000 815875.39
130000 818100.08
132000 809121.29
134000 821088.12
136000 821403.11
138000 814272.87
140000 821116.84
142000 820847.89
144000 824200.23
146000 813321.17
148000 816067.71
150000 810474.62
152000 807564.89
154000 806935.64
156000 817197.99
158000 813075.1
160000 823442.84
162000 824941.37
164000 825533.73
166000 804396.61
168000 816704.21
170000 804906.88
172000 814179.86
174000 813343.59
176000 812006.45
178000 817998.41
180000 815047.08
182000 829044.62
184000 809827.48
186000 815732.77
188000 804088.65
190000 812390.19
192000 815872.95
194000 820922.76
196000 810645.77
198000 809616.19
200000 826754.09
202000 814680.63
204000 808755.64
206000 818444.29
208000 817520.54
210000 814115.64
212000 804670.06
214000 812267.22
216000 814401.62
218000 808866.33
220000 807311.83
222000 816249.24
224000 827636.1
226000 818647.52
228000 813088.53
230000 818751.89
232000 817984.01
234000 817763.57
236000 818550.12
238000 816035.34
240000 817368.34
242000 814174.69
244000 809358.5
246000 809961.29
248000 821542.26
250000 821530.39
252000 820942.8
254000 815752.19
256000 815601.32
258000 806527.39
260000 806352.56
262000 804414.09
264000 814620
266000 817196.25
268000 813909.23
270000 821236.09
272000 814313.27
274000 818569.32
276000 821703.16
278000 815146.82
280000 808654.12
282000 814593.21
284000 812013.06
286000 816033.76
288000 821837.36
290000 813939.14
292000 817192.35
294000 817335.65
296000 822434.73
298000 820511.55
300000 800958.09
302000 813554.73
304000 828139.15
306000 826514.33
308000 815338.83
310000 818506.01
312000 816618.49
314000 811984.54
316000 809472.69
318000 814442.04
320000 818706.86
322000 815558.56
324000 811183.1
326000 824613.08
328000 809340.46
330000 821095.41
332000 815220.26
334000 807305.29
336000 824951.12
338000 813871.17
340000 829606.23
342000 803818.45
344000 813952.22
346000 819763.08
348000 824772.07
350000 818209.17
352000 818302.19
354000 820810.02
356000 814998.29
358000 813665.74
360000 820451.07
362000 811084.97
364000 821387.14
366000 814203.41
368000 805687.58
370000 825333.45
372000 807626.64
374000 821747.67
376000 816469.43
378000 816586.49
380000 812368.37
382000 805455.31
384000 820340.54
386000 811787.35
388000 811952.14
390000 814451.13
392000 819208.15
394000 819762.49
396000 815786.97
398000 813244.83
400000 807505.73
402000 805191.15
404000 819289.19
406000 816264.56
408000 824718.04
410000 823579.33
412000 809967.98
414000 818919.54
416000 808675.54
418000 810975.7
420000 812487.8
422000 814845.67
424000 810760.46
426000 808269.84
428000 823917.83
430000 807817.95
432000 821723.99
434000 823619.09
436000 821103.56
438000 814874.64
440000 815497.67
442000 816784.43
444000 814356.33
446000 809920.05
448000 814620.44
450000 815131.74
452000 793410.99
454000 825381.97
456000 817294.86
458000 816267.97
460000 822476.71
462000 806908.19
464000 820203.42
466000 816367.3
468000 818727.92
470000 824084.85
472000 821354.32
474000 813965.44
476000 817977.19
478000 813908.94
480000 826050.27
482000 813516.88
484000 818060.02
486000 822609.86
488000 823783.2
490000 815585.72
492000 821254.29
494000 826356.31
496000 808685.15
498000 824304.35
500000 806358.9
502000 819526.64
504000 803955.35
506000 808489.18
508000 813713.66
510000 804866.81
512000 815967.13
514000 814898.38
516000 817106.76
518000 824452.25
520000 810386.95
522000 818660.48
524000 821301.44
526000 806665.92
528000 812116.87
530000 822455.67
532000 821256.11
534000 820789.35
536000 807671.78
538000 818440.23
540000 810080.72
542000 813759.93
544000 814264.02
546000 818174.39
548000 812880.65
550000 818632.17
552000 816939.14
554000 810786.54
556000 818721.74
558000 818976.45
560000 825081.83
562000 818790.45
564000 818771.55
566000 814123.44
568000 813798.69
570000 815781.92
572000 815620.83
574000 821042.84
576000 816208.85
578000 823067.7
580000 820450.16
582000 816940.52
584000 813444.5
586000 822077.9
588000 811567.09
590000 813305.41
592000 813277.59
594000 813163.5
596000 811970.66
598000 813434.53
600000 825232.83
602000 830015.4
604000 806377.9
606000 826390.57
608000 820469.64
610000 817482.58
612000 819022.4
614000 820491.28
616000 815178.35
618000 808288.61
620000 811233.4
622000 813002.61
624000 814527.47
626000 820107.96
628000 821294.36
630000 824758.81
632000 813697.16
634000 813545.32
636000 811634.54
638000 805659.03
640000 811815.82
642000 819606.28
644000 821879.08
646000 812992.65
648000 816332.47
650000 804577.79
652000 807407.33
654000 804074.69
656000 811807.27
658000 812978.34
660000 809997.87
662000 830623.95
664000 819564.37
666000 814392.85
668000 808327.99
670000 813910.73
672000 803783.95
674000 816514.92
676000 813739.93
678000 810132.46
680000 820311.51
682000 809067.01
684000 823530.52
686000 820414.27
688000 828454.8
690000 813703.07
692000 817058.05
694000 820569.89
696000 820907.57
698000 817536.76
700000 810538.83
702000 817459.55
704000 822010.67
706000 810586.68
708000 814470.63
710000 812005.15
712000 817235.81
714000 821075.85
716000 825081.35
718000 817374.89
720000 807483.19
722000 816296.32
724000 812933.06
726000 815860.24
728000 826247.41
730000 820845.51
732000 821060.4
734000 814417.33
736000 826316.39
738000 824822.03
740000 816782.92
742000 810004.93
744000 816609.35
746000 827519.44
748000 824082.67
750000 815789.34
752000 817475.43
754000 812217.09
756000 810956.23
758000 821323.63
760000 816863.84
762000 818946.45
764000 831154.19
766000 820579.11
768000 819705.25
770000 813126.03
772000 801405.89
774000 812586.39
776000 817685.4
778000 821659.09
780000 817432.97
782000 817604.5
784000 817779.09
786000 814218.47
788000 815898.87
790000 811120.45
792000 811686.46
794000 817917.8
796000 823810.96
798000 813094.63
800000 813910.24
802000 823037.33
804000 806443.28
806000 810165.47
808000 819846.47
810000 819305.49
812000 814937.49
814000 820673.59
816000 814723.51
818000 816155.35
820000 825842.62
822000 820472.49
824000 825616.73
826000 815462.42
828000 822948.37
830000 818852.69
832000 815777.86
834000 827428.77
836000 805586.3
838000 805309.75
840000 816141.46
842000 823016.62
844000 816606.1
846000 818631.96
848000 829286.61
850000 823299.05
852000 815192.28
854000 818422.5
856000 814949.94
858000 812301.76
860000 812656.98
862000 815266.75
864000 817452.48
866000 812142.78
868000 819173.99
870000 825141.67
872000 809923.91
874000 813480.36
876000 815850.64
878000 820752.45
880000 821771.32
882000 820204.08
884000 813019.95
886000 828949.68
888000 810211
890000 823903.78
892000 820589.14
894000 811461.7
896000 809803.8
898000 824777.39
900000 814054.62
902000 816216.7
904000 811362.68
906000 816147.9
908000 819906.3
910000 806192.39
912000 823480.65
914000 820421.7
916000 805746.33
918000 814964.99
920000 816690.55
922000 816031.1
924000 828234.71
926000 825002.07
928000 819171.87
930000 815493.05
932000 812686.29
934000 820153.3
936000 819473.38
938000 811168.05
940000 823666.48
942000 810059.18
944000 815020.72
946000 814416.71
948000 816599.41
950000 820765.62
952000 822110.46
954000 817827.13
956000 815119.54
958000 819858.71
960000 827407.72
962000 828100.09
964000 814988.62
966000 817179.77
968000 822324.51
970000 825436.78
972000 817530.26
974000 822408.5
976000 807992.07
978000 819963.47
980000 819690.86
982000 814628.15
984000 811484.23
986000 818788.43
988000 823508.87
990000 814418.87
992000 824139.54
994000 821307.13
996000 821936.02
998000 810783.64
1000000 812312.42
1002000 816178.41
1004000 821270.54
1006000 819291.27
1008000 819675.64
1010000 809909.94
1012000 820270.59
1014000 816703.33
1016000 806724.9
1018000 817964.58
1020000 827587.88
1022000 810228.79
1024000 809566.35
1026000 819282.82
1028000 814827.49
1030000 810194.75
1032000 818331.64
1034000 814676.9
1036000 803803.56
1038000 817749.58
1040000 813800.56
1042000 802034.17
1044000 816986.46
1046000 813676.13
1048000 815793.56
1050000 817076.93
1052000 816185.76
1054000 822024.02
1056000 817051.33
1058000 817102.18
1060000 820443.4
1062000 818513.62
1064000 814541.62
1066000 823439.25
1068000 819379.32
1070000 823011.11
1072000 815116.63
1074000 808349.17
1076000 819588.55
1078000 814638.8
1080000 821860.56
1082000 821391.63
1084000 813699.42
1086000 811079.37
1088000 816994.17
1090000 814270.41
1092000 814032.03
1094000 822845.09
1096000 820091.58
1098000 818808.25
1100000 803928.69
1102000 819858.3
1104000 808844.7
1106000 820742.61
1108000 832469.57
1110000 822187.9
1112000 814321.57
1114000 818189.92
1116000 825767.18
1118000 820655.96
1120000 818545.11
1122000 820592.12
1124000 810260.63
1126000 820373.96
1128000 827570.23
1130000 809521.69
1132000 809066.37
1134000 828396.85
1136000 819800.96
1138000 817039.82
1140000 817560.37
1142000 809054.7
1144000 819749.8
1146000 820248.15
1148000 814365.93
1150000 823215.39
1152000 815968.27
1154000 815169.37
1156000 821446.56
1158000 814794.07
1160000 812931.98
1162000 814626.7
1164000 819345.04
1166000 828790.97
1168000 811584.87
1170000 831430.49
1172000 809828.1
1174000 808535.37
1176000 809982.39
1178000 812213.78
1180000 812440.95
1182000 815123.76
1184000 825469.92
1186000 813391.5
1188000 815589.8
1190000 811857.16
1192000 822587.12
1194000 820899.09
1196000 819490.68
1198000 811741.45
1200000 826256.38
1202000 807920.07
1204000 803701.7
1206000 806935.1
1208000 829607.62
1210000 831493.54
1212000 818698.1
1214000 823038.16
1216000 804557.56
1218000 801474.14
1220000 804830.2
1222000 817122.62
1224000 817440.83
1226000 821236.19
1228000 824230.6
1230000 817147.76
1232000 813480.78
1234000 817407.06
1236000 803076.49
1238000 818714.02
1240000 810628.71
1242000 825404.64
1244000 811123.94
1246000 808360.36
1248000 819940.23
1250000 815198.43
1252000 829964.77
1254000 819755.12
1256000 817944.18
1258000 822384.75
1260000 813595.01
1262000 819160.75
1264000 815793.05
1266000 821908.12
1268000 812776.21
1270000 825520.15
1272000 811077.34
1274000 801411.59
1276000 807580.77
1278000 818146.17
1280000 821552.17
1282000 819449.29
1284000 806747.96
1286000 819119.52
1288000 812794.97
1290000 815332.87
1292000 811592.78
1294000 817458.15
1296000 812814.83
1298000 817426.41
1300000 811324.05
1302000 826423.33
1304000 820819.28
1306000 823893.33
1308000 820852.27
1310000 827860.3
1312000 829343.31
1314000 821570.34
1316000 807532.01
1318000 826207.64
1320000 819434.85
1322000 815352.03
1324000 814879.06
1326000 832415.51
1328000 814434.22
1330000 822607.7
1332000 821341.38
1334000 822397.5
1336000 821234.77
1338000 818481.82
1340000 813045.43
1342000 829487.07
1344000 817807.35
1346000 811951.38
1348000 813713.79
1350000 826751.73
1352000 822805.55
1354000 818631.19
1356000 812461.05
1358000 828801.29
1360000 807518.18
1362000 826043.14
1364000 826897.46
1366000 811868.64
1368000 823627.44
1370000 822625.88
1372000 811861.29
1374000 801053.28
1376000 809376.11
1378000 819295.61
1380000 814109.16
1382000 811247.27
1384000 810183.76
1386000 806785.8
1388000 814108.92
1390000 811909.09
1392000 820897.89
1394000 820769.07
1396000 809696.18
1398000 818208.1
1400000 820656.25
1402000 816323.81
1404000 817980.12
1406000 809955.89
1408000 820395.29
1410000 814598.82
1412000 812548.52
1414000 821726.29
1416000 821174.09
1418000 824957.12
1420000 814835.58
1422000 803437.56
1424000 817610.17
1426000 811987.06
1428000 815705.37
1430000 812221
1432000 815197.06
1434000 812846.37
1436000 806689.17
1438000 816009.87
1440000 813684.27
1442000 826886.85
1444000 821059.04
1446000 818067.21
1448000 816061.74
1450000 823183.3
1452000 818321.88
1454000 818020.65
1456000 803085.55
1458000 806870.04
1460000 826879.6
1462000 816571.28
1464000 820659.75
1466000 821625.94
1468000 816022.34
1470000 826374.64
1472000 819738.02
1474000 808207.69
1476000 821252.64
1478000 822113.39
1480000 822396.77
1482000 816742.46
1484000 813632.69
1486000 814148.82
1488000 803888.34
1490000 816072.5
1492000 814116.26
1494000 826217.83
1496000 812965.53
1498000 818384.62
1500000 814347.94
1502000 823360.24
1504000 809017.3
1506000 811476.04
1508000 811426.78
1510000 827281.34
1512000 805843.61
1514000 818120.74
1516000 816018.06
1518000 816449.35
1520000 816492.01
1522000 810055.24
1524000 818314.3
1526000 822322.06
1528000 827587.9
1530000 822859.77
1532000 822020.79
1534000 815979.29
1536000 809183.87
1538000 824578.67
1540000 818638.09
1542000 825659.45
1544000 817971.12
1546000 816061.02
1548000 816265.04
1550000 824224.18
1552000 816592.05
1554000 813701.39
1556000 822998.97
1558000 815227.82
1560000 816490.52
1562000 820737.47
1564000 819763.73
1566000 828203.96
1568000 822618.87
1570000 823019.45
1572000 823519.15
1574000 816935.95
1576000 808597.18
1578000 824430.86
1580000 809043.61
1582000 813008.13
1584000 811212.18
1586000 816880.88
1588000 816117.92
1590000 806521.09
1592000 817629.04
1594000 820418.82
1596000 818261.81
1598000 813676.54
1600000 829236.33
1602000 827421.52
1604000 815465.87
1606000 818498.06
1608000 812991.7
1610000 814542.06
1612000 815294.89
1614000 806355.28
1616000 823388.12
1618000 819619.74
1620000 822556.98
1622000 819479.79
1624000 814327.63
1626000 825050.95
1628000 808288.51
1630000 820839.99
1632000 813652.41
1634000 810043.56
1636000 820456.27
1638000 816441.83
1640000 798946.56
1642000 813922.06
1644000 820184.31
1646000 815346.52
1648000 825604.74
1650000 821783.09
1652000 816373.74
1654000 819532.38
1656000 818300.82
1658000 818244.83
1660000 813856.74
1662000 813864.17
1664000 812243.74
1666000 817112.98
1668000 817892.58
1670000 814796.96
1672000 816611.23
1674000 818574.82
1676000 815789.52
1678000 816730.87
1680000 817273.88
1682000 811856.56
1684000 814039.1
1686000 827153.07
1688000 810969.04
1690000 806839
1692000 821024.59
1694000 826680.51
1696000 821996.9
1698000 818252.14
1700000 823003.41
1702000 814673.74
1704000 826729.53
1706000 816053.41
1708000 824798.62
1710000 809382.9
1712000 813801.26
1714000 812954.82
1716000 824265.04
1718000 809701.02
1720000 814202.64
1722000 819742.45
1724000 809826.96
1726000 819910.38
1728000 811550.43
1730000 813695.24
1732000 825657.83
1734000 821193.62
1736000 810002.3
1738000 820143.21
1740000 818224.81
1742000 815446.23
1744000 818418.74
1746000 810856.58
1748000 820835.09
1750000 823730.92
1752000 813615.95
1754000 812083.77
1756000 821335.72
1758000 821434.39
1760000 811001.27
1762000 817799.42
1764000 812298.75
1766000 811797.16
1768000 811923.24
1770000 816190.7
1772000 814108.52
1774000 822876.52
1776000 818444.67
1778000 822296.14
1780000 807142.6
1782000 816773.31
1784000 823579.44
1786000 833606.02
1788000 804059.13
1790000 809680.6
1792000 818826.87
1794000 815630.11
1796000 810375.57
1798000 813438.23
1800000 816770.22
1802000 815423.61
1804000 825578.37
1806000 807079.04
1808000 815329.05
1810000 806911.59
1812000 813022.15
1814000 828999.61
1816000 808265.88
1818000 817802.35
1820000 820120.69
1822000 832162.02
1824000 808522.45
1826000 822403.62
1828000 809572.45
1830000 818804.04
1832000 814804.6
1834000 818669.77
1836000 809469.88
1838000 820048.42
1840000 828024.79
1842000 814528.32
1844000 817028.69
1846000 828357.1
1848000 822323.09
1850000 816334.87
1852000 827370.7
1854000 822884.85
1856000 822566.51
1858000 813268.88
1860000 826034.15
1862000 816084.01
1864000 821466.92
1866000 821262.79
1868000 814548.61
1870000 810792.27
1872000 810717.01
1874000 805090.74
1876000 821938.72
1878000 808627.77
1880000 802247.99
1882000 820909.78
1884000 818218.93
1886000 820220.31
1888000 825512.32
1890000 818517.85
1892000 823462.37
1894000 824376.11
1896000 818381.2
1898000 829398.43
1900000 810712.1
1902000 815322.25
1904000 811083.3
1906000 822873
1908000 816843.4
1910000 812756.58
1912000 813924.4
1914000 817372.67
1916000 813018.64
1918000 824901.27
1920000 824836.2
1922000 821004.64
1924000 825818.22
1926000 816622.56
1928000 823137.31
1930000 832000.87
1932000 823550.21
1934000 813421.87
1936000 809668.28
1938000 796792.55
1940000 821144.88
1942000 812759.78
1944000 819243.19
1946000 819468.55
1948000 813691.43
1950000 817331.5
1952000 804737.78
1954000 820485.68
1956000 811387.09
1958000 818097.9
1960000 817692.88
1962000 825906.72
1964000 816346.26
1966000 818326.37
1968000 809090.93
1970000 819123.96
1972000 830187.83
1974000 812395.95
1976000 814123.55
1978000 825463.79
1980000 829953.41
1982000 806242.41
1984000 816767.89
1986000 824658.27
1988000 828868.31
1990000 823920.89
1992000 819229.2
1994000 809838.9
1996000 815907.18
1998000 828978.04
2000000 820580.11
