# Time-averaged data for fix savemsd
# TimeStep c_msd[1] c_msd[2] c_msd[3] c_msd[4]
0 0 2.29317e-29 1.82607e-33 2.29336e-29
2000 1.79993 1.77798 1.88209 5.46001
4000 3.84074 3.60035 3.66227 11.1034
6000 5.41987 5.31465 4.98981 15.7243
8000 7.14431 7.17426 6.5901 20.9087
10000 8.64631 9.15694 7.9811 25.7843
12000 10.406 11.3409 10.1113 31.8582
14000 12.4242 13.2387 11.6655 37.3285
16000 14.0008 15.1211 13.4205 42.5424
18000 16.0039 17.1398 15.1612 48.3048
20000 17.7023 19.41 17.0788 54.1912
22000 19.5868 21.6961 18.7311 60.014
24000 20.8805 23.804 20.3232 65.0077
26000 23.2403 25.662 21.7057 70.6081
28000 25.3235 27.7028 23.6827 76.709
30000 27.2178 29.7788 25.3007 82.2973
32000 29.2416 32.5491 27.5181 89.3089
34000 31.7807 35.6214 29.5983 97.0004
36000 34.3146 37.4508 31.3869 103.152
38000 36.2711 39.26 33.8552 109.386
40000 37.825 39.4579 36.1183 113.401
42000 39.0208 40.5094 37.9514 117.482
44000 41.0994 42.9398 39.0618 123.101
46000 42.9579 44.8411 40.9348 128.734
48000 45.3882 46.1772 43.4934 135.059
50000 47.9041 48.0113 46.0261 141.941
52000 49.0719 49.0898 47.3304 145.492
54000 51.243 50.9111 47.5211 149.675
56000 53.1256 51.839 50.5236 155.488
58000 55.3776 52.8017 53.0166 161.196
60000 57.4195 54.8866 56.554 168.86
62000 59.4579 57.0907 58.1646 174.713
64000 61.3654 57.8822 59.2206 178.468
66000 63.176 59.0673 61.727 183.97
68000 65.0477 61.1573 63.4166 189.622
70000 65.964 63.1895 66.1062 195.26
72000 67.3474 64.792 67.942 200.081
74000 70.1556 66.4125 69.0566 205.625
76000 73.1542 69.0826 70.8907 213.127
78000 74.7567 70.335 73.0909 218.183
80000 77.0725 71.833 76.8318 225.737
82000 78.9508 73.414 78.9489 231.314
84000 80.2888 75.3616 79.9195 235.57
86000 81.1245 76.7888 81.2388 239.152
88000 83.1085 78.936 82.1877 244.232
90000 86.1355 81.8516 83.9395 251.927
92000 87.4231 83.4706 86.8126 257.706
94000 89.6937 84.6491 88.5063 262.849
96000 92.0491 85.3491 91.1981 268.596
98000 92.2292 86.9536 94.6714 273.854
100000 93.7909 89.3306 96.8768 279.998
102000 95.023 92.0365 97.9054 284.965
104000 96.4428 92.4139 101.06 289.917
106000 97.2952 94.6667 102.394 294.356
108000 99.3977 96.4476 104.449 300.295
110000 102.27 97.7576 105.553 305.58
112000 103.164 100.345 107.343 310.851
114000 104.785 102.424 109.178 316.387
116000 105.84 105.658 110.211 321.708
118000 108.779 109.118 112.464 330.361
120000 110.881 110.945 113.703 335.529
122000 113.5 112.904 116.441 342.845
124000 115.372 113.529 118.693 347.594
126000 116.234 115.896 120.521 352.651
128000 118.646 117.562 121.995 358.203
130000 119.323 120.455 122.914 362.691
132000 121.814 121.625 123.67 367.108
134000 122.312 122.898 125.732 370.943
136000 124.495 124.883 127.939 377.316
138000 126.766 127.908 129.989 384.663
140000 130.063 129.29 132.063 391.415
142000 130.227 130.957 134.667 395.851
144000 133.359 132.873 136.206 402.439
146000 134.504 135.033 139.47 409.008
148000 134.449 136.276 140.521 411.246
150000 137.327 138.868 141.521 417.716
152000 139.4 141.091 144.327 424.817
154000 142.001 142.296 145.699 429.996
156000 143.588 143.937 147.439 434.964
158000 145.519 145.304 149.563 440.385
160000 148.196 146.729 151.452 446.377
162000 150.648 147.951 154.234 452.832
164000 153.034 149.503 156.534 459.072
166000 155.129 150.495 156.723 462.348
168000 156.596 151.432 157.704 465.732
170000 158.327 154.024 159.305 471.656
172000 160.905 154.209 162.498 477.611
174000 161.868 155.408 164.787 482.062
176000 162.77 158.607 166.725 488.103
178000 164.085 160.675 168.821 493.581
180000 165.432 162.817 171.201 499.45
182000 169.562 164.913 172.415 506.89
184000 170.744 166.924 173.913 511.581
186000 172.846 167.556 177.835 518.237
188000 176.054 168.312 178.907 523.273
190000 178.248 169.656 181.422 529.326
192000 181.413 172.685 183.972 538.07
194000 182.467 174.311 185.096 541.874
196000 184.183 176.425 185.593 546.201
198000 185.086 178.49 187.475 551.05
200000 185.919 181.265 188.063 555.247
202000 188.307 183.254 190.64 562.201
204000 189.865 185.483 191.479 566.827
206000 192.974 188.728 191.502 573.205
208000 194.51 190.795 193.305 578.61
210000 196.91 193.043 195.561 585.514
212000 200.876 196.397 197.734 595.006
214000 202.677 199.139 197.941 599.757
216000 202.834 200.263 201.195 604.292
218000 204.588 202.43 202.314 609.332
220000 205.882 205.449 205.41 616.741
222000 207.976 206.113 207.085 621.174
224000 207.925 209.308 210.995 628.227
226000 209.988 210.821 209.968 630.777
228000 211.043 212.554 212.464 636.06
230000 211.934 212.584 214.102 638.621
232000 213.628 214.199 215.816 643.643
234000 215.349 215.601 216.204 647.154
236000 218.78 217.167 216.63 652.577
238000 222.015 220.106 217.774 659.895
240000 221.539 222.563 219.067 663.169
242000 224.828 223.88 220.067 668.775
244000 227.699 226.684 222.094 676.477
246000 229.535 227.006 222.405 678.946
248000 232.014 227.923 222.546 682.483
250000 233.494 228.184 224.521 686.199
252000 236.85 230.031 225.905 692.786
254000 238.426 231.687 227.897 698.011
256000 239.085 232.35 230.014 701.449
258000 240.181 233.852 233.48 707.513
260000 242.672 235.076 234.248 711.996
262000 243.072 236.471 235.673 715.216
264000 245.054 237.521 236.757 719.333
266000 246.901 237.619 238.678 723.198
268000 249.223 239.84 240.792 729.855
270000 252.184 241.89 242.471 736.544
272000 255.053 245.269 242.122 742.444
274000 259.158 245.774 242.026 746.958
276000 260.254 247.787 245.078 753.119
278000 262.546 250.365 248.288 761.2
280000 265.443 252.317 248.112 765.873
282000 268.25 254.829 249.481 772.559
284000 270.354 255.7 249.583 775.638
286000 272.147 256.014 251.572 779.733
288000 272.381 257.923 254.718 785.022
290000 273.856 261.684 255.311 790.85
292000 276.477 262.512 257.604 796.593
294000 278.735 262.987 259.585 801.308
296000 281.046 264.848 261.318 807.212
298000 282.062 265.708 263.472 811.241
300000 284.275 268.086 266.545 818.906
302000 287.504 271.084 267.952 826.54
304000 289.409 273.214 268.847 831.47
306000 290.122 276.31 270.55 836.982
308000 292.319 277.981 270.381 840.681
310000 294.097 281.228 273.62 848.945
312000 296.1 281.853 275.457 853.41
314000 297.741 284.232 276.982 858.954
316000 297.678 286.451 278.705 862.834
318000 296.577 289.121 281.416 867.114
320000 299.496 292.505 281.945 873.946
322000 302.898 294.157 281.068 878.124
324000 304.335 297.915 282.103 884.353
326000 307.439 300.719 285.104 893.262
328000 308.807 303.859 284.68 897.346
330000 309.336 304.965 285.476 899.777
332000 311.27 304.762 285.761 901.793
334000 313.398 306.174 285.023 904.595
336000 315.068 308.708 288.803 912.579
338000 317.041 310.652 292.104 919.798
340000 321.583 311.306 292.908 925.796
342000 324.222 313.145 296.866 934.232
344000 326.009 315.423 296.397 937.829
346000 328.206 318.571 297.276 944.053
348000 328.791 319.819 299.246 947.856
350000 332.684 322.976 300.874 956.535
352000 333.935 323.869 303.124 960.928
354000 334.102 325.02 304.717 963.838
356000 336.924 328.532 305.831 971.287
358000 341.336 331.33 306.294 978.96
360000 342.452 332.787 307.235 982.474
362000 346.016 335.977 308.375 990.369
364000 346.652 335.408 309.951 992.01
366000 347.619 335.484 312.395 995.497
368000 348.681 337.804 315.131 1001.62
370000 351.321 339.022 316.824 1007.17
372000 352.092 340.28 319.086 1011.46
374000 357.215 342.759 321.202 1021.18
376000 358.397 343.969 323.1 1025.47
378000 360.587 344.036 325.593 1030.22
380000 360.805 345.939 327.159 1033.9
382000 363.652 347.243 328.232 1039.13
384000 363.741 347.082 330.889 1041.71
386000 365.923 348.691 333.853 1048.47
388000 367.436 350.186 337.165 1054.79
390000 368.478 354.463 339.002 1061.94
392000 369.159 357.708 340.781 1067.65
394000 373.663 361.756 344.461 1079.88
396000 373.299 364.442 346.57 1084.31
398000 374.874 366.493 345.671 1087.04
400000 377.662 369.805 349.487 1096.95
402000 380.413 372.107 349.822 1102.34
404000 380.828 377.19 351.82 1109.84
406000 383.678 377.979 354.379 1116.04
408000 385.13 377.166 357.924 1120.22
410000 387.391 380.565 361.178 1129.13
412000 389.076 382.066 362.319 1133.46
414000 391.245 384.846 368.278 1144.37
416000 394.953 386.849 369.013 1150.81
418000 397.494 388.989 372.395 1158.88
420000 398.105 389.532 375.831 1163.47
422000 399.258 389.674 376.686 1165.62
424000 401.437 390.088 378.257 1169.78
426000 405.042 391.175 380.91 1177.13
428000 406.027 389.518 382.039 1177.58
430000 407.844 389.588 385.999 1183.43
432000 409.366 392.91 388.957 1191.23
434000 412.329 393.165 391.21 1196.7
436000 414.427 394.011 391.841 1200.28
438000 416.47 395.44 396.583 1208.49
440000 419.839 395.712 397.51 1213.06
442000 419.04 396.085 400.029 1215.15
444000 421.725 396.907 402.854 1221.49
446000 423.777 398.557 403.977 1226.31
448000 424.542 400.287 406.082 1230.91
450000 426.855 402.02 409.249 1238.12
452000 428.419 403.078 411.874 1243.37
454000 429.864 403.732 414.783 1248.38
456000 432.618 406.233 415.156 1254.01
458000 435.835 409.581 416.051 1261.47
460000 436.441 408.977 417.054 1262.47
462000 436.109 410.459 417.952 1264.52
464000 438.224 410.076 420.556 1268.86
466000 442.251 413.297 424.205 1279.75
468000 444.085 414.063 424.301 1282.45
470000 447.365 415.077 427.267 1289.71
472000 449.742 416.463 426.746 1292.95
474000 450.848 418.185 429.921 1298.95
476000 454.744 417.505 431.123 1303.37
478000 457.608 419.074 432.72 1309.4
480000 458.605 421.005 434.213 1313.82
482000 458.769 421.642 435.703 1316.11
484000 461.71 422.511 438.772 1322.99
486000 462.197 421.891 439.533 1323.62
488000 464.163 423.234 441.668 1329.07
490000 466.372 426.496 445.65 1338.52
492000 467.171 427.19 448.322 1342.68
494000 465.938 430.255 451.055 1347.25
496000 466.525 432.078 454.166 1352.77
498000 468.677 434.309 457.63 1360.62
500000 471.628 436.684 459.27 1367.58
502000 475.183 437.926 460.702 1373.81
504000 474.837 437.947 464.199 1376.98
506000 476.57 438.825 466.882 1382.28
508000 478.497 442.876 468.461 1389.83
510000 479.39 446.836 471.242 1397.47
512000 481.326 448.928 474.727 1404.98
514000 482.039 448.855 476.65 1407.54
516000 483.066 449.278 480.764 1413.11
518000 482.954 450.941 481.913 1415.81
520000 483.126 450.859 483.385 1417.37
522000 483.457 451.84 487.007 1422.3
524000 485.935 452.684 490.56 1429.18
526000 489.357 453.19 490.125 1432.67
528000 492.228 453.22 489.774 1435.22
530000 495.122 454.848 491.672 1441.64
532000 495.761 457.762 492.412 1445.93
534000 498.166 460.407 492.033 1450.61
536000 500.338 463.547 494.823 1458.71
538000 500.185 467.284 496.906 1464.37
540000 501.514 468.407 499.724 1469.64
542000 500.361 469.774 504.008 1474.14
544000 501.673 471.71 504.697 1478.08
546000 503.112 473.786 506.83 1483.73
548000 505.592 476.299 508.956 1490.85
550000 508.635 477.595 511.876 1498.11
552000 511.643 479.071 514.695 1505.41
554000 512.232 481.86 510.914 1505.01
556000 513.32 483.62 512.966 1509.91
558000 515.999 485.401 514.748 1516.15
560000 518.518 488.897 517.977 1525.39
562000 520.871 493.424 519.92 1534.22
564000 518.623 497.671 522.753 1539.05
566000 522.661 499.698 525.31 1547.67
568000 524.417 502.84 527.289 1554.55
570000 523.459 503.62 527.734 1554.81
572000 522.693 504.327 531.489 1558.51
574000 526.792 505.717 530.323 1562.83
576000 527.699 509.785 531.463 1568.95
578000 528.005 514.309 529.779 1572.09
580000 528.857 515.532 533.09 1577.48
582000 531.248 515.516 536.242 1583.01
584000 532.98 518.549 537.871 1589.4
586000 532.858 519.322 541.171 1593.35
588000 534.874 517.861 543.64 1596.38
590000 534.574 515.504 547.471 1597.55
592000 537.627 517.953 548.912 1604.49
594000 539.009 522.048 551.302 1612.36
596000 543.959 523.861 550.701 1618.52
598000 545.597 526.425 551.817 1623.84
600000 549.129 526.578 553.268 1628.98
602000 552.717 528.275 559.162 1640.15
604000 554.321 527.822 562.618 1644.76
606000 557.643 529.994 562.461 1650.1
608000 559.732 531.87 564.455 1656.06
610000 561.538 535.938 570.301 1667.78
612000 566.758 538.955 571.198 1676.91
614000 566.165 538.828 573.962 1678.96
616000 566.579 541.118 574.896 1682.59
618000 570.274 547.84 577.492 1695.61
620000 570.011 547.565 581.476 1699.05
622000 571.293 547.562 583.72 1702.58
624000 574.867 547.636 582.812 1705.32
626000 577.937 548.577 585.718 1712.23
628000 581.667 546.908 587.362 1715.94
630000 582.739 548.158 584.776 1715.67
632000 585.509 550.226 586.09 1721.83
634000 590.369 551.946 588.968 1731.28
636000 591.461 552.945 590.393 1734.8
638000 589.832 556.239 590.99 1737.06
640000 592.51 559.4 591.688 1743.6
642000 595.076 561.644 595.432 1752.15
644000 597.973 564.354 598.203 1760.53
646000 601.284 565.234 599.239 1765.76
648000 604.072 569.456 599.875 1773.4
650000 606.4 571.458 601.859 1779.72
652000 607.815 572.289 601.292 1781.4
654000 610.113 575.125 600.312 1785.55
656000 611.467 579.757 601.8 1793.02
658000 613.318 578.875 605.656 1797.85
660000 614.637 579.688 609.052 1803.38
662000 617.114 582.41 613.584 1813.11
664000 616.631 584.637 619.457 1820.73
666000 619.953 587.203 621.675 1828.83
668000 619.763 586.194 623.001 1828.96
670000 618.64 588.444 625.564 1832.65
672000 623.95 590.936 630.289 1845.17
674000 626.88 591.597 630.119 1848.6
676000 627.156 593.19 632.93 1853.28
678000 627.46 593.596 633.328 1854.38
680000 629.406 595.921 635.07 1860.4
682000 631.565 597.581 635.798 1864.94
684000 634.004 600.262 639.012 1873.28
686000 634.832 600.622 643.25 1878.7
688000 635.743 606.071 643.447 1885.26
690000 638.332 609.178 646.958 1894.47
692000 639.998 609.761 649.592 1899.35
694000 641.196 613.251 650.141 1904.59
696000 641.458 614.516 654.266 1910.24
698000 644.328 618.502 655.667 1918.5
700000 644.673 618.874 656.314 1919.86
702000 644.854 617.313 658.46 1920.63
704000 648.368 619.138 660.215 1927.72
706000 652.524 622.518 662.609 1937.65
708000 655.408 622.779 663.582 1941.77
710000 657.674 627.381 665.424 1950.48
712000 659.304 630.221 666.473 1956
714000 663.576 634.758 669.253 1967.59
716000 662.884 634 665.931 1962.82
718000 663.136 635.044 667.959 1966.14
720000 666.058 638.031 672.603 1976.69
722000 667.164 641.696 674.086 1982.95
724000 671.517 646.558 677.177 1995.25
726000 671.623 649.363 679.457 2000.44
728000 672.327 651.014 682.363 2005.7
730000 675.257 651.755 681.761 2008.77
732000 679.355 652.693 684.877 2016.92
734000 679.074 650.136 689.981 2019.19
736000 682.531 652.184 692.35 2027.07
738000 683.22 649.777 692.173 2025.17
740000 687.801 651.337 697.131 2036.27
742000 693.128 654.823 698.643 2046.59
744000 694.19 652.917 699.794 2046.9
746000 698.037 655.458 702.646 2056.14
748000 704.81 658.619 704.064 2067.49
750000 705.096 662.993 706.189 2074.28
752000 710.776 664.073 708.58 2083.43
754000 709.814 666.494 710.604 2086.91
756000 709.047 666.958 714.185 2090.19
758000 709.671 669.609 715.043 2094.32
760000 713.563 672.79 716.789 2103.14
762000 716.4 673.917 719.105 2109.42
764000 722.107 673.88 720.301 2116.29
766000 725.325 676.936 722.684 2124.94
768000 725.406 676.214 724.992 2126.61
770000 727.233 677.186 726.743 2131.16
772000 727.914 682.957 725.94 2136.81
774000 732.117 688.464 729.058 2149.64
776000 732.637 689.756 731.004 2153.4
778000 736.739 691.056 733.697 2161.49
780000 737.375 693.859 730.009 2161.24
782000 740.935 695.9 733.349 2170.18
784000 741.015 696.206 733.374 2170.59
786000 745.364 698.186 736.976 2180.53
788000 751.239 700.502 735.872 2187.61
790000 748.601 699.961 736.141 2184.7
792000 750.759 700.634 733.453 2184.85
794000 752.414 700.872 738.588 2191.87
796000 753.41 704.091 739.778 2197.28
798000 754.827 705.594 738.721 2199.14
800000 754.302 708.183 738.155 2200.64
802000 759.245 710.669 737.851 2207.77
804000 762.528 715.847 735.901 2214.28
806000 764.32 718.553 737.201 2220.07
808000 768.952 719.677 737.605 2226.23
810000 770.903 721.972 736.764 2229.64
812000 771.028 724.12 738.676 2233.82
814000 776.072 725.579 743.103 2244.75
816000 776.959 729.802 747.843 2254.6
818000 779.307 733.987 751.127 2264.42
820000 782.404 736.176 756.969 2275.55
822000 784.155 740.489 756.054 2280.7
824000 785.952 742.354 758.146 2286.45
826000 790.157 744.869 761.113 2296.14
828000 792.678 750.398 762.802 2305.88
830000 795.284 755.343 762.992 2313.62
832000 793.832 758.813 765.676 2318.32
834000 793.844 761.759 766.213 2321.82
836000 796.889 762.27 765.919 2325.08
838000 800.979 762.494 767.362 2330.84
840000 803.673 759.75 770.223 2333.65
842000 807.79 762.844 773.658 2344.29
844000 807.426 762.616 778.648 2348.69
846000 810.702 765.25 781.773 2357.73
848000 812.508 767.832 781.891 2362.23
850000 814.584 770.186 778.369 2363.14
852000 819.466 767.117 778.152 2364.74
854000 821.462 767.956 784.709 2374.13
856000 826.693 772.042 783.767 2382.5
858000 827.246 770.57 784.342 2382.16
860000 829.633 771.372 788.559 2389.56
862000 834.76 773.493 790.965 2399.22
864000 835.567 775.283 794.141 2404.99
866000 834.552 776.074 793.059 2403.68
868000 838.711 778.134 795.719 2412.56
870000 839.809 780.275 796.25 2416.33
872000 839.434 781.674 797.696 2418.8
874000 840.255 784.85 799.163 2424.27
876000 841.928 786.348 801.407 2429.68
878000 840.808 789.753 801.432 2431.99
880000 841.89 791.146 802.656 2435.69
882000 844.715 787.941 801.489 2434.14
884000 848.018 791.615 802.175 2441.81
886000 850.407 791.761 804.598 2446.77
888000 851.478 795.442 806.252 2453.17
890000 853.14 795.948 807.062 2456.15
892000 853.601 796.698 808.637 2458.94
894000 855.531 799.204 808.255 2462.99
896000 854.957 803.843 809.347 2468.15
898000 857.547 802.646 810.096 2470.29
900000 861.492 807.378 813.395 2482.27
902000 865.037 809.165 813.17 2487.37
904000 865.456 806.557 814.675 2486.69
906000 870.106 807.338 817.749 2495.19
908000 871.61 810.65 822.318 2504.58
910000 875.814 813.235 824.525 2513.57
912000 875.709 812.951 821.124 2509.78
914000 878.764 816.829 822.43 2518.02
916000 880.085 817.486 823.937 2521.51
918000 883.538 818.92 827.076 2529.53
920000 885.389 821.18 826.01 2532.58
922000 889.11 823.471 827.943 2540.52
924000 891.013 825.234 828.703 2544.95
926000 890.054 825.141 828.839 2544.03
928000 893.335 825.472 833.956 2552.76
930000 894.881 827.059 835.857 2557.8
932000 894.155 826.234 836.014 2556.4
934000 897.267 828.93 838.305 2564.5
936000 900.134 830.585 839.731 2570.45
938000 900.42 831.186 839.377 2570.98
940000 903.821 832.629 839.697 2576.15
942000 902.943 835.356 840.418 2578.72
944000 907.149 839.112 840.666 2586.93
946000 911.293 842.945 842.261 2596.5
948000 912.749 848.532 843.151 2604.43
950000 914.417 851.004 845.568 2610.99
952000 917.506 851.946 849.509 2618.96
954000 919.157 857.697 851.562 2628.42
956000 919.508 858.024 855.585 2633.12
958000 922 859.05 857.586 2638.64
960000 924.431 860.466 856.852 2641.75
962000 928.157 865.158 861.406 2654.72
964000 927.38 863.963 861.604 2652.95
966000 924.6 863.292 863.611 2651.5
968000 926.731 864.91 865.566 2657.21
970000 924.384 867.956 871.681 2664.02
972000 923.922 868.627 872.954 2665.5
974000 920.192 871.057 876.382 2667.63
976000 921.77 875.013 877.36 2674.14
978000 921.13 874.981 877.628 2673.74
980000 924.503 877.581 881.007 2683.09
982000 924.762 882.267 881.24 2688.27
984000 925.646 880.362 882.733 2688.74
986000 930.878 881.155 886.73 2698.76
988000 934.718 883.443 885.401 2703.56
990000 937.645 884.66 888.229 2710.53
992000 937.416 884.629 889.426 2711.47
994000 939.844 885.903 890.933 2716.68
996000 942.88 892.248 892.627 2727.76
998000 944.169 898.745 892.978 2735.89
1000000 945.074 900.696 896.962 2742.73
1002000 948.283 901.327 898.977 2748.59
1004000 947.918 907.325 897.593 2752.84
1006000 949.192 908.813 898.201 2756.21
1008000 951.003 907.204 900.419 2758.63
1010000 953.766 909.851 901.948 2765.57
1012000 955.076 909.447 904.235 2768.76
1014000 955.897 914.944 905.417 2776.26
1016000 959.594 914.383 906.327 2780.3
1018000 962.182 917.392 906.996 2786.57
1020000 965.211 917.398 908.983 2791.59
1022000 969.448 919.722 911.612 2800.78
1024000 967.572 922.816 910.207 2800.6
1026000 969.567 925.527 916.662 2811.76
1028000 969.933 927.414 919.702 2817.05
1030000 970.422 929.359 920.537 2820.32
1032000 972.709 930.358 922.935 2826
1034000 972.743 931.8 925.226 2829.77
1036000 976.394 933.305 929.959 2839.66
1038000 976.145 938.729 933.242 2848.12
1040000 975.967 939.779 934.203 2849.95
1042000 976.26 940.426 934.946 2851.63
1044000 978.168 942.175 935.729 2856.07
1046000 983.429 943.294 936.345 2863.07
1048000 981.324 940.59 941.533 2863.45
1050000 982.999 941.02 943.85 2867.87
1052000 986.211 942.192 945.589 2873.99
1054000 988.663 945.764 948.372 2882.8
1056000 986.394 948.616 948.247 2883.26
1058000 986.448 950.572 951.13 2888.15
1060000 987.914 949.99 952.388 2890.29
1062000 988.994 951.528 955.949 2896.47
1064000 994.297 953.83 955.905 2904.03
1066000 993.196 955.426 957.625 2906.25
1068000 992.122 958.512 960.956 2911.59
1070000 996.653 963.735 962.74 2923.13
1072000 1002.99 965.861 965.189 2934.04
1074000 1003.62 968.372 967.122 2939.11
1076000 1005 971.753 972.034 2948.79
1078000 1008.26 971.491 977.14 2956.89
1080000 1011.28 977.465 977.54 2966.29
1082000 1015.17 976.452 977.83 2969.45
1084000 1016.76 976.48 984.191 2977.43
1086000 1018.14 981.084 988.538 2987.76
1088000 1019.78 984.799 991.299 2995.88
1090000 1024.41 984.055 994.322 3002.79
1092000 1027.89 989.685 993.08 3010.66
1094000 1027.25 990.482 995.341 3013.07
1096000 1028.43 995.595 997.175 3021.2
1098000 1028.74 999.436 996.461 3024.63
1100000 1030.87 1002.58 998.508 3031.96
1102000 1031.31 999.146 1002.43 3032.88
1104000 1034.27 1001.54 1002.05 3037.86
1106000 1036.61 1002.92 1007.11 3046.64
1108000 1041.95 1002.93 1008.22 3053.09
1110000 1044.35 1004.56 1008.46 3057.37
1112000 1048.84 1003.7 1005.56 3058.1
1114000 1048.73 1007.89 1004.37 3060.99
1116000 1051.1 1007.79 1006.41 3065.31
1118000 1052.7 1008.82 1005.37 3066.89
1120000 1052.52 1008.23 1006.68 3067.42
1122000 1057.1 1009.71 1005.97 3072.78
1124000 1058.27 1006.43 1003.91 3068.62
1126000 1060.1 1009.99 1008.5 3078.59
1128000 1064.16 1009.76 1007.06 3080.98
1130000 1061.26 1012.19 1009.67 3083.12
1132000 1064.52 1015.83 1007.66 3088.01
1134000 1064.43 1014.85 1008.99 3088.27
1136000 1064.67 1019.71 1013.14 3097.53
1138000 1070.06 1023.53 1013.76 3107.35
1140000 1070.94 1026.26 1016.25 3113.45
1142000 1069.79 1027.19 1017.18 3114.16
1144000 1069.45 1027.03 1019.51 3115.98
1146000 1073.02 1026.8 1018.31 3118.12
1148000 1074.81 1026.97 1017.93 3119.71
1150000 1075.78 1030.28 1017.92 3123.98
1152000 1077.63 1030.32 1016.64 3124.58
1154000 1083.9 1033.64 1018.45 3135.99
1156000 1082.02 1035.95 1020.3 3138.27
1158000 1080.25 1036.9 1022.54 3139.7
1160000 1078.77 1040.15 1022.52 3141.45
1162000 1085.72 1039.93 1027.19 3152.83
1164000 1085.09 1044.31 1029.59 3158.99
1166000 1087.74 1046.6 1031.07 3165.41
1168000 1092.13 1049.2 1031.09 3172.41
1170000 1096.27 1051.14 1037.93 3185.34
1172000 1096.57 1053.62 1040.72 3190.92
1174000 1099.92 1054.94 1041.15 3196.01
1176000 1102.14 1056.13 1043.8 3202.06
1178000 1106.59 1056.78 1045.09 3208.46
1180000 1107.75 1058.84 1047.9 3214.49
1182000 1111.17 1064.33 1049.39 3224.89
1184000 1115.62 1069.55 1051.72 3236.89
1186000 1113.48 1069.86 1051.95 3235.29
1188000 1118.2 1068.21 1051.74 3238.15
1190000 1118.45 1071.82 1050.4 3240.67
1192000 1119.53 1070.08 1051.71 3241.32
1194000 1120.12 1072.18 1054.25 3246.54
1196000 1120.27 1072.97 1057.77 3251.01
1198000 1124.5 1076.2 1059.15 3259.85
1200000 1127.69 1073.75 1062.5 3263.93
1202000 1123.29 1076.15 1062.22 3261.67
1204000 1127.22 1077.43 1068.06 3272.71
1206000 1131.52 1080.14 1066.83 3278.48
1208000 1131.08 1080.15 1067.57 3278.81
1210000 1131.4 1080.56 1069.41 3281.37
1212000 1135.07 1085.78 1074.12 3294.97
1214000 1131.01 1087.69 1076.05 3294.74
1216000 1127.56 1091.61 1082.19 3301.35
1218000 1131.83 1096.11 1082.93 3310.87
1220000 1132.85 1096.85 1085.56 3315.26
1222000 1134.74 1100.11 1087.49 3322.35
1224000 1135.93 1104.03 1088.51 3328.47
1226000 1136.85 1104.28 1092.42 3333.55
1228000 1139.47 1104.06 1096.87 3340.4
1230000 1139.58 1104.03 1099.78 3343.4
1232000 1140.68 1106.37 1102.15 3349.19
1234000 1145 1105.35 1104.76 3355.11
1236000 1150.43 1111.02 1108.44 3369.89
1238000 1153.79 1109.22 1112.4 3375.42
1240000 1154.94 1112.31 1115.55 3382.8
1242000 1155.1 1112.49 1118.19 3385.78
1244000 1159.18 1118.73 1126.26 3404.17
1246000 1166.3 1123.77 1128.15 3418.21
1248000 1166.52 1122.72 1129.78 3419.02
1250000 1170.17 1124.29 1133.29 3427.75
1252000 1168.7 1127.81 1136.49 3433
1254000 1169.85 1127.5 1141.48 3438.84
1256000 1174.9 1128.46 1141.8 3445.16
1258000 1176.82 1128.14 1144.45 3449.41
1260000 1176.9 1133.38 1146.07 3456.35
1262000 1178 1134.19 1149.25 3461.44
1264000 1179.98 1133.91 1150.97 3464.86
1266000 1179.85 1138.72 1151.04 3469.62
1268000 1179.9 1138.74 1150.6 3469.25
1270000 1181.13 1142.39 1150.83 3474.36
1272000 1186.62 1145.13 1150.63 3482.38
1274000 1189.43 1147.61 1152.26 3489.3
1276000 1193.11 1151.15 1154.38 3498.63
1278000 1194.99 1153.64 1159.34 3507.96
1280000 1197.09 1156.67 1155.04 3508.8
1282000 1201.51 1158.65 1161.04 3521.2
1284000 1203.76 1161.16 1162.96 3527.88
1286000 1202.7 1163.35 1164.19 3530.24
1288000 1203.82 1163.37 1167.76 3534.94
1290000 1210.37 1167.83 1170.66 3548.86
1292000 1209.37 1168.97 1175.58 3553.92
1294000 1210.34 1174.47 1179.27 3564.08
1296000 1211.01 1177.2 1179.04 3567.25
1298000 1211.82 1172.83 1180.39 3565.04
1300000 1213.07 1173.33 1179.13 3565.54
1302000 1216.08 1176.75 1182.47 3575.31
1304000 1218.31 1178.96 1185.27 3582.54
1306000 1222.24 1183.61 1185.57 3591.42
1308000 1217.44 1185.71 1186.85 3590.01
1310000 1215 1187.08 1186.51 3588.59
1312000 1217.48 1189.59 1187.97 3595.04
1314000 1220.42 1194.46 1189.11 3603.99
1316000 1222.14 1201.02 1193.81 3616.97
1318000 1224.72 1204.84 1194.76 3624.32
1320000 1225.71 1206.59 1195.76 3628.06
1322000 1223.14 1213.13 1195.07 3631.34
1324000 1225.03 1214.7 1198.13 3637.86
1326000 1226.67 1218.86 1199.75 3645.28
1328000 1228.64 1224.33 1204.11 3657.08
1330000 1230.09 1227.42 1206.94 3664.45
1332000 1230.83 1229.25 1213.2 3673.28
1334000 1231.04 1230.9 1214.46 3676.4
1336000 1230.48 1232.99 1215.62 3679.09
1338000 1238.29 1237.45 1218.47 3694.21
1340000 1243.74 1240.86 1219.07 3703.66
1342000 1242.71 1240.53 1221.53 3704.77
1344000 1241.83 1238.72 1230.29 3710.83
1346000 1243.4 1239.46 1233.6 3716.46
1348000 1245.6 1240.31 1238.18 3724.1
1350000 1249.55 1242.41 1238.47 3730.42
1352000 1254.22 1242.94 1240.61 3737.76
1354000 1257.03 1244.28 1241.72 3743.04
1356000 1259.61 1247.51 1243.88 3751
1358000 1263.76 1247.47 1244.77 3755.99
1360000 1263.69 1251.14 1244.75 3759.57
1362000 1263.59 1255.27 1245.54 3764.4
1364000 1264.76 1255.33 1252.98 3773.07
1366000 1267.49 1257.13 1253.29 3777.91
1368000 1269.11 1259.05 1252.32 3780.48
1370000 1270.56 1259.44 1251.74 3781.74
1372000 1269.92 1261.68 1251.08 3782.68
1374000 1272.35 1263.52 1252.31 3788.18
1376000 1272.2 1263.52 1255.7 3791.42
1378000 1275.39 1264.03 1252.77 3792.19
1380000 1277.89 1260.99 1253.15 3792.04
1382000 1282.39 1261.18 1257.45 3801.02
1384000 1285.53 1265.03 1257.49 3808.05
1386000 1283.66 1265.3 1258.72 3807.68
1388000 1287.32 1262.89 1265.4 3815.62
1390000 1289.04 1262.62 1266.07 3817.74
1392000 1296.18 1268.51 1266.58 3831.26
1394000 1297.95 1269.66 1270.68 3838.29
1396000 1299.94 1269.81 1278.58 3848.33
1398000 1305.13 1270.69 1280.89 3856.72
1400000 1302.23 1274.14 1281.68 3858.05
1402000 1306.54 1269.53 1286.14 3862.21
1404000 1310.33 1271.04 1289.5 3870.87
1406000 1308.47 1272.53 1291.19 3872.19
1408000 1312.27 1271.4 1293.05 3876.72
1410000 1318.09 1274.02 1294.36 3886.46
1412000 1320.08 1274.45 1294.53 3889.07
1414000 1320.11 1277.33 1292.79 3890.23
1416000 1319.4 1281.59 1295.04 3896.04
1418000 1321.91 1281.58 1295.43 3898.92
1420000 1322.27 1284.04 1301.94 3908.25
1422000 1325.53 1289.79 1307.93 3923.24
1424000 1327.41 1296.76 1307.73 3931.91
1426000 1327.89 1298.1 1309.73 3935.72
1428000 1329.68 1300.08 1317.06 3946.82
1430000 1330.85 1300.08 1321.79 3952.72
1432000 1333.59 1300.81 1325.18 3959.58
1434000 1335.81 1301.34 1326 3963.15
1436000 1334.45 1303.66 1328.42 3966.53
1438000 1335.4 1306.64 1325.51 3967.56
1440000 1332.78 1304.47 1330.59 3967.84
1442000 1330.97 1310.39 1329.55 3970.91
1444000 1333.05 1307.08 1331.72 3971.85
1446000 1333.45 1309.92 1335.71 3979.08
1448000 1333.75 1315.34 1338.98 3988.07
1450000 1331.81 1317.35 1339.3 3988.46
1452000 1331.96 1319.52 1341.09 3992.57
1454000 1333.29 1321.51 1340.16 3994.95
1456000 1338.56 1322.49 1341.07 4002.12
1458000 1337.61 1324.39 1341.73 4003.73
1460000 1339.6 1328.12 1336.65 4004.37
1462000 1342.78 1333.11 1341.44 4017.33
1464000 1347.26 1335.95 1339.2 4022.41
1466000 1345.77 1337.73 1339.49 4022.99
1468000 1344.57 1338.21 1344.33 4027.12
1470000 1349.09 1340.2 1346.88 4036.17
1472000 1351.41 1341.21 1344.59 4037.21
1474000 1354.91 1342.3 1347.95 4045.16
1476000 1355.45 1344.16 1346.36 4045.97
1478000 1359.42 1342.33 1346.75 4048.51
1480000 1365.25 1345.22 1346.15 4056.62
1482000 1369.03 1342.43 1352.15 4063.61
1484000 1365.99 1347.72 1355.42 4069.13
1486000 1362.33 1352.39 1358.29 4073.01
1488000 1365.91 1353.56 1363.43 4082.9
1490000 1369.27 1357.89 1364.1 4091.26
1492000 1369.58 1359.89 1365.43 4094.9
1494000 1370.84 1360.04 1366.22 4097.09
1496000 1373.53 1361.06 1368.5 4103.1
1498000 1379.1 1361.65 1370.76 4111.51
1500000 1379.65 1363.03 1378.7 4121.39
1502000 1380.81 1366.89 1383.07 4130.77
1504000 1379.3 1366.8 1386.71 4132.82
1506000 1381.48 1371.46 1389.33 4142.27
1508000 1387.64 1373.9 1392.4 4153.93
1510000 1389.84 1370.1 1391.35 4151.3
1512000 1391.9 1373.18 1393.81 4158.89
1514000 1392.52 1376.47 1398.39 4167.38
1516000 1391.29 1375.28 1401.3 4167.88
1518000 1392.46 1376.85 1399.04 4168.35
1520000 1392.35 1380.77 1404.74 4177.86
1522000 1395.36 1379.98 1407.95 4183.3
1524000 1395.94 1381.75 1410.42 4188.1
1526000 1402.38 1380.9 1417.32 4200.6
1528000 1400.71 1384.41 1415.67 4200.79
1530000 1401.95 1389.57 1416.15 4207.67
1532000 1407.45 1393.02 1418.43 4218.9
1534000 1408.48 1395.17 1425 4228.65
1536000 1411.11 1396.34 1427.49 4234.94
1538000 1412.2 1394.78 1428.27 4235.25
1540000 1412.42 1401.02 1427.44 4240.88
1542000 1410.68 1409.32 1430.02 4250.02
1544000 1413.78 1406.36 1433.25 4253.39
1546000 1415.21 1410.11 1433.12 4258.44
1548000 1418.57 1412.33 1434.23 4265.13
1550000 1423.79 1419.67 1434.75 4278.22
1552000 1425.78 1422.7 1435.5 4283.98
1554000 1426.51 1419.35 1436.03 4281.88
1556000 1421.22 1423.48 1436.2 4280.9
1558000 1418.88 1423.33 1437.21 4279.41
1560000 1421.09 1423.62 1443.22 4287.93
1562000 1421.01 1422.27 1443.42 4286.69
1564000 1422.6 1422.65 1444.21 4289.46
1566000 1423.59 1425.69 1450.83 4300.11
1568000 1426.18 1428.06 1451.78 4306.03
1570000 1430.55 1426.88 1455.83 4313.26
1572000 1432.08 1430.6 1455.99 4318.66
1574000 1431.59 1432.69 1453.62 4317.91
1576000 1430.76 1437.11 1458.99 4326.86
1578000 1432.2 1437.88 1460.01 4330.09
1580000 1435.66 1439.15 1467.29 4342.09
1582000 1441.04 1443.57 1469.52 4354.13
1584000 1436.9 1447.43 1470.38 4354.71
1586000 1436.91 1442.05 1473.4 4352.35
1588000 1439.61 1442.66 1475.45 4357.72
1590000 1438.89 1443.18 1476.43 4358.5
1592000 1440.91 1446.69 1478.07 4365.67
1594000 1442.84 1448.41 1478.2 4369.46
1596000 1445.99 1451.58 1480.82 4378.4
1598000 1452.83 1453.47 1485.79 4392.09
1600000 1459.29 1454.77 1484.83 4398.89
1602000 1463.11 1457.05 1478.43 4398.59
1604000 1462.14 1457.09 1478.78 4398
1606000 1466.27 1458.37 1482.58 4407.22
1608000 1468.42 1458.6 1479.82 4406.84
1610000 1472.65 1462.57 1481.01 4416.23
1612000 1475.87 1464.93 1483.43 4424.22
1614000 1478.54 1464.88 1484.93 4428.35
1616000 1477.2 1467.97 1487.83 4433
1618000 1479.18 1469.71 1490.16 4439.05
1620000 1481.2 1476.67 1494.5 4452.36
1622000 1483.52 1476.99 1498.94 4459.45
1624000 1484.34 1474.24 1499.09 4457.67
1626000 1483.38 1468.75 1500.39 4452.52
1628000 1484.4 1468.14 1501.43 4453.96
1630000 1489.55 1467.39 1500.22 4457.16
1632000 1491.34 1470.71 1502.1 4464.14
1634000 1490.04 1475.31 1502.07 4467.43
1636000 1490.96 1478.42 1504.05 4473.43
1638000 1494.31 1482.19 1503.84 4480.34
1640000 1496.75 1482.1 1510.75 4489.6
1642000 1498.94 1484.76 1510.21 4493.9
1644000 1502.39 1492.79 1511.48 4506.65
1646000 1505.75 1495.96 1509.12 4510.83
1648000 1504.78 1496.54 1509.38 4510.7
1650000 1505.29 1496.65 1507.59 4509.53
1652000 1507.32 1498.13 1511.42 4516.87
1654000 1508.08 1499.89 1514.06 4522.03
1656000 1512.62 1499.54 1512.9 4525.06
1658000 1510.79 1496.05 1518.08 4524.92
1660000 1516 1497.12 1519.06 4532.18
1662000 1517.43 1496.26 1520.35 4534.03
1664000 1523.52 1500 1522.25 4545.77
1666000 1526.78 1499.22 1520.39 4546.39
1668000 1529.74 1502.13 1522.15 4554.01
1670000 1527.9 1504.58 1526.41 4558.88
1672000 1530.26 1508.09 1527.11 4565.45
1674000 1536.41 1508.7 1527.01 4572.12
1676000 1537.46 1512.31 1535.25 4585.02
1678000 1541.35 1514.66 1537.42 4593.43
1680000 1544.35 1515.89 1539.21 4599.45
1682000 1545 1517.1 1538.1 4600.2
1684000 1550.39 1516.61 1537.85 4604.85
1686000 1551.85 1522.05 1543.17 4617.07
1688000 1555.2 1527.14 1544.84 4627.18
1690000 1556.61 1527.06 1544.7 4628.36
1692000 1562.86 1529.46 1546.05 4638.38
1694000 1567.53 1530.34 1549.01 4646.89
1696000 1569.06 1529.92 1553.54 4652.52
1698000 1575.76 1533.29 1555.96 4665
1700000 1569.38 1535.27 1556.63 4661.29
1702000 1573.15 1536.26 1560.52 4669.94
1704000 1574.38 1539.6 1564.46 4678.45
1706000 1578.22 1543.09 1566.83 4688.15
1708000 1580.99 1544.46 1567.55 4692.99
1710000 1582.71 1550.04 1568.62 4701.38
1712000 1581.73 1551.79 1568.6 4702.12
1714000 1582.16 1553.33 1569.68 4705.16
1716000 1584.48 1555.53 1566.98 4706.99
1718000 1586.62 1559.58 1568.15 4714.34
1720000 1588.12 1553.73 1572.76 4714.6
1722000 1592.76 1561.22 1570.5 4724.48
1724000 1594.28 1565.17 1573.42 4732.88
1726000 1599.38 1568.43 1574.82 4742.63
1728000 1594.87 1567.25 1578.79 4740.91
1730000 1599.03 1570.22 1580.23 4749.47
1732000 1599.18 1574.28 1580.82 4754.29
1734000 1598.32 1582.81 1584.61 4765.74
1736000 1601.06 1581.46 1589.8 4772.33
1738000 1604.63 1579.95 1592.55 4777.13
1740000 1606.9 1583.63 1594.18 4784.71
1742000 1614.51 1588.52 1601.12 4804.15
1744000 1616.62 1591.13 1604.24 4811.99
1746000 1619.57 1592.17 1610.7 4822.44
1748000 1624.4 1594.35 1612.5 4831.26
1750000 1624.04 1596.39 1613.62 4834.05
1752000 1623.93 1596.61 1618.24 4838.79
1754000 1624.33 1599.54 1620 4843.87
1756000 1626.99 1600.71 1620.34 4848.04
1758000 1629.79 1605.31 1627.99 4863.1
1760000 1630.56 1602.78 1631.59 4864.93
1762000 1632.09 1606.53 1629.82 4868.44
1764000 1634.35 1603.79 1632.65 4870.8
1766000 1634.78 1607.19 1636.87 4878.84
1768000 1637.75 1613.85 1637.29 4888.89
1770000 1640.06 1616.85 1635.56 4892.46
1772000 1646.4 1622.53 1639.7 4908.62
1774000 1651.89 1621.57 1641.42 4914.88
1776000 1655.62 1620.98 1640.05 4916.65
1778000 1656.08 1623.26 1640.99 4920.33
1780000 1655.48 1628.24 1645.52 4929.23
1782000 1660.3 1631.93 1642.96 4935.18
1784000 1661.28 1635.88 1649.71 4946.87
1786000 1662.54 1636.48 1650.75 4949.76
1788000 1665.02 1639.78 1648.13 4952.93
1790000 1673.51 1642.71 1650.76 4966.97
1792000 1670 1647.6 1655.13 4972.73
1794000 1675.05 1654.22 1656.3 4985.57
1796000 1678.16 1653.42 1655.2 4986.79
1798000 1676.52 1657.15 1657.9 4991.57
1800000 1680.92 1662.24 1656.81 4999.96
1802000 1682.24 1661.76 1657.84 5001.83
1804000 1684.88 1660.46 1660.74 5006.07
1806000 1684.33 1660.17 1657.42 5001.93
1808000 1688.45 1658.91 1660.12 5007.47
1810000 1688.6 1663.55 1661.53 5013.68
1812000 1681.72 1667.4 1662.62 5011.74
1814000 1685.93 1675.46 1662.01 5023.4
1816000 1689.67 1678.93 1663.35 5031.95
1818000 1693.29 1682.6 1659.98 5035.88
1820000 1699.54 1684.94 1663.21 5047.7
1822000 1702.68 1685.11 1663.6 5051.39
1824000 1704.46 1683.74 1666.16 5054.37
1826000 1702.81 1689.07 1667.52 5059.4
1828000 1699.32 1694.08 1670.58 5063.98
1830000 1702.27 1694.33 1670.9 5067.49
1832000 1705.22 1694.67 1672.46 5072.35
1834000 1713.55 1704.15 1677.06 5094.76
1836000 1717.43 1701.61 1672.73 5091.77
1838000 1725.94 1701.79 1677.99 5105.72
1840000 1723.02 1705.3 1683 5111.32
1842000 1728.41 1704.89 1687.73 5121.03
1844000 1734.49 1704.88 1685.59 5124.96
1846000 1737.23 1704.45 1685.75 5127.44
1848000 1739.05 1706.75 1687.8 5133.6
1850000 1742.73 1710.02 1688.92 5141.68
1852000 1749.43 1709.46 1687.93 5146.82
1854000 1751.14 1712.52 1691.75 5155.41
1856000 1754.32 1713.6 1691.03 5158.96
1858000 1757.52 1715.32 1694.65 5167.49
1860000 1758.96 1718.83 1696.73 5174.51
1862000 1755.11 1720.91 1702.22 5178.25
1864000 1755.74 1722.61 1700.43 5178.79
1866000 1757.52 1727.33 1701.86 5186.71
1868000 1760.77 1730.33 1699.55 5190.66
1870000 1763.98 1731.26 1697.03 5192.27
1872000 1769.41 1732.26 1700.27 5201.94
1874000 1767.89 1736.86 1699.11 5203.86
1876000 1773.2 1739.45 1702.72 5215.38
1878000 1777.46 1737.39 1705.4 5220.24
1880000 1778.78 1739.3 1707.23 5225.31
1882000 1777.03 1739.82 1707.94 5224.78
1884000 1778.3 1739.47 1707.17 5224.94
1886000 1784.44 1739.66 1712.8 5236.9
1888000 1783.52 1740.06 1716.58 5240.16
1890000 1785.28 1742.92 1720.11 5248.31
1892000 1786.74 1744.78 1723.18 5254.7
1894000 1788.64 1747.67 1720.38 5256.69
1896000 1789.91 1749.14 1726.19 5265.24
1898000 1791.9 1751.35 1722.73 5265.98
1900000 1792.55 1756.48 1725.96 5274.98
1902000 1799.34 1752.14 1726.35 5277.83
1904000 1797.31 1747.81 1727.91 5273.04
1906000 1800.16 1749.7 1729.76 5279.63
1908000 1804.84 1756.3 1726.74 5287.88
1910000 1801.23 1757.13 1731.48 5289.84
1912000 1802.15 1759.05 1730.15 5291.34
1914000 1799.65 1759.7 1732.14 5291.5
1916000 1802.01 1758.45 1731.86 5292.33
1918000 1801.67 1756.72 1729.38 5287.77
1920000 1805.7 1757.62 1731.13 5294.45
1922000 1808.26 1758.57 1728.6 5295.43
1924000 1810.1 1756.99 1731.46 5298.55
1926000 1812.53 1757.83 1730.62 5300.98
1928000 1815.56 1758.73 1735.71 5310.01
1930000 1819.95 1760.68 1736.09 5316.72
1932000 1824.24 1761.33 1736.61 5322.18
1934000 1828.04 1765.97 1738.76 5332.78
1936000 1830.09 1773.13 1738.9 5342.13
1938000 1831.95 1774.07 1737.62 5343.64
1940000 1835.17 1776.59 1740.69 5352.45
1942000 1836.68 1780.92 1742.19 5359.79
1944000 1834.54 1781.74 1742.26 5358.54
1946000 1834.08 1780.96 1739.56 5354.61
1948000 1831.43 1781.73 1740.95 5354.11
1950000 1834.91 1785.29 1746.75 5366.96
1952000 1836.89 1785.75 1751.18 5373.81
1954000 1840.48 1785.91 1751.93 5378.32
1956000 1843.82 1786.07 1757.85 5387.74
1958000 1849.46 1781.97 1761.59 5393.02
1960000 1848.14 1782.25 1765.71 5396.09
1962000 1852.74 1786.92 1763.31 5402.97
1964000 1856.09 1787.05 1766.36 5409.5
1966000 1856.73 1788.27 1768.43 5413.42
1968000 1857.84 1788.05 1775.13 5421.02
1970000 1862.63 1786.49 1773.79 5422.91
1972000 1865.3 1787.27 1779.18 5431.75
1974000 1865.1 1790.72 1785.6 5441.42
1976000 1871.58 1794.53 1790.44 5456.55
1978000 1873 1792.26 1789.31 5454.57
1980000 1872.62 1792.65 1790.96 5456.23
1982000 1878.96 1796.48 1795.08 5470.52
1984000 1884.88 1801.64 1795.9 5482.41
1986000 1887.89 1805.65 1799.97 5493.51
1988000 1893.11 1805.45 1804.4 5502.96
1990000 1891.9 1807.76 1798.05 5497.71
1992000 1891.5 1809.59 1801.37 5502.46
1994000 1896.72 1810.86 1800.19 5507.78
1996000 1895.9 1810.83 1806.01 5512.74
1998000 1898.01 1812.35 1808.81 5519.18
2000000 1899.9 1812.48 1812.04 5524.41
