# Time-averaged data for fix savemsd
# TimeStep c_msd[1] c_msd[2] c_msd[3] c_msd[4]
0 0 0 0 0
2000 1.68174 1.55933 1.60465 4.84571
4000 3.15754 2.87717 3.24517 9.27988
6000 4.98687 4.75329 4.88354 14.6237
8000 6.48023 5.89184 6.61678 18.9889
10000 8.05565 7.2583 8.13235 23.4463
12000 9.73039 8.83492 9.53679 28.1021
14000 11.4232 10.8648 11.5391 33.8271
16000 13.0741 12.5961 13.2902 38.9605
18000 15.1674 14.5855 15.571 45.3239
20000 16.5504 16.4678 17.5661 50.5843
22000 17.8881 17.8782 19.2063 54.9727
24000 19.5586 19.2118 21.2216 59.992
26000 21.4351 20.9406 23.3463 65.722
28000 22.8279 23.5172 25.274 71.6191
30000 24.0339 25.2141 26.9692 76.2173
32000 25.5656 27.6438 28.6863 81.8957
34000 27.0111 30.1958 30.5507 87.7576
36000 28.7348 31.347 32.4264 92.5082
38000 29.6288 32.5648 34.4817 96.6752
40000 31.7713 34.2892 35.7904 101.851
42000 34.3168 35.3707 37.0157 106.703
44000 35.6037 37.468 38.685 111.757
46000 36.8159 38.4237 40.0573 115.297
48000 38.2027 39.952 42.4016 120.556
50000 40.2414 42.0163 44.1965 126.454
52000 41.5071 44.1288 46.5428 132.179
54000 44.5844 45.5104 47.8819 137.977
56000 45.9378 46.1498 49.5425 141.63
58000 48.3934 47.9068 50.8537 147.154
60000 49.7027 49.8542 52.2671 151.824
62000 50.5524 51.6495 54.38 156.582
64000 52.4825 53.2735 55.9916 161.748
66000 53.5651 54.1995 57.8563 165.621
68000 55.7475 55.869 59.9743 171.591
70000 57.233 57.7306 61.1466 176.11
72000 57.9714 59.1798 62.9235 180.075
74000 59.2102 60.3397 64.3738 183.924
76000 60.4714 62.2928 65.619 188.383
78000 63.0397 64.3497 67.2209 194.61
80000 64.2022 65.81 68.5774 198.59
82000 65.2158 67.3175 70.4893 203.023
84000 67.3428 68.8021 72.8267 208.972
86000 69.6149 70.7972 74.2218 214.634
88000 71.4349 71.5829 75.4191 218.437
90000 73.1346 73.1992 76.0897 222.423
92000 74.5839 74.9004 78.5783 228.063
94000 75.9969 76.6511 80.5285 233.176
96000 77.9896 78.5887 82.3955 238.974
98000 80.101 79.7132 81.9172 241.731
100000 82.1895 81.8667 83.8376 247.894
102000 82.3346 84.5332 85.4178 252.286
104000 83.2392 86.2807 87.8014 257.321
106000 84.5902 87.5023 90.7083 262.801
108000 86.7759 89.7387 92.5825 269.097
110000 89.2939 91.464 94.4151 275.173
112000 90.5755 93.2775 95.3933 279.246
114000 91.5647 95.0299 97.0334 283.628
116000 94.0485 96.3762 98.8169 289.242
118000 95.0942 99.2893 100.791 295.174
120000 97.3751 101.123 102.387 300.885
122000 99.2624 102.136 103.885 305.284
124000 101.592 103.284 104.798 309.675
126000 101.217 104.297 106.21 311.723
128000 104.952 105.465 107.998 318.415
130000 105.68 106.562 109.053 321.296
132000 106.209 107.126 110.503 323.838
134000 107.244 109.406 113.09 329.74
136000 108.687 110.948 113.558 333.193
138000 110.791 113.011 114.981 338.783
140000 112.209 114.443 116.91 343.563
142000 113.178 115.186 117.463 345.827
144000 114.936 117.035 118.26 350.232
146000 117.207 119.86 119.437 356.504
148000 118.536 120.681 120.824 360.041
150000 120.977 123.161 122.808 366.946
152000 121.511 124.976 124.546 371.032
154000 124.455 127.037 126.124 377.616
156000 125.023 128.99 128.986 383
158000 125.841 131.99 131.796 389.627
160000 127.032 134.362 133.481 394.876
162000 128.845 135.368 134.985 399.198
164000 130.711 136.557 136.786 404.054
166000 132.005 138.786 137.644 408.435
168000 134.865 140.324 139.962 415.15
170000 136.155 140.774 141.761 418.691
172000 137.333 140.909 141.848 420.09
174000 139.747 142.806 142.792 425.345
176000 141.346 144.748 144.528 430.622
178000 141.684 146.332 146.799 434.815
180000 143.108 147.753 147.17 438.032
182000 145.084 147.69 149.303 442.077
184000 146.088 149.481 150.478 446.047
186000 146.964 150.471 152.548 449.984
188000 147.255 152.788 156.069 456.113
190000 148.387 154.593 156.595 459.576
192000 148.997 156.283 158.512 463.792
194000 150.696 158.082 160.063 468.841
196000 153.221 159.773 161.869 474.864
198000 154.868 160.647 163.414 478.929
200000 154.752 162.305 165.876 482.933
202000 157.342 164.234 166.302 487.878
204000 159.712 165.719 167.486 492.917
206000 161.626 167.532 169.202 498.36
208000 163.455 170.434 172.954 506.844
210000 165.376 173.267 174.834 513.477
212000 168.777 174.547 176.281 519.605
214000 172.715 176.154 179.007 527.875
216000 172.422 176.977 181.399 530.797
218000 173.616 179.098 183.211 535.925
220000 175.665 181.745 184.961 542.372
222000 177.386 184.213 186.66 548.259
224000 180.278 186.901 189.52 556.699
226000 181.578 189.304 191.153 562.034
228000 182.878 192.35 192.881 568.109
230000 184.375 195.198 193.873 573.446
232000 185.296 198.09 194.322 577.708
234000 187.121 199.281 195.318 581.719
236000 189.064 201.516 196.563 587.143
238000 189.723 203.262 196.229 589.214
240000 190.609 203.337 197.294 591.24
242000 193.175 205.091 198.158 596.424
244000 194.804 207.341 200.834 602.98
246000 195.588 207.893 202.688 606.169
248000 198.796 208.75 205.051 612.598
250000 199.787 209.973 205.681 615.441
252000 201.995 211.198 206.121 619.313
254000 203.325 212.154 207.382 622.862
256000 204.677 213.166 209.598 627.441
258000 206.532 215.828 210.639 632.998
260000 208.796 217.135 212.662 638.593
262000 210.845 218.268 212.376 641.489
264000 213.302 219.703 213.858 646.863
266000 215.195 221.943 214.008 651.147
268000 218.848 223.279 215.377 657.504
270000 218.907 224.527 217.453 660.887
272000 221.342 225.913 218.714 665.97
274000 222.94 226.769 221.629 671.338
276000 224.948 229.693 222.859 677.5
278000 225.428 229.846 224.873 680.147
280000 228.232 231.57 228.292 688.094
282000 230.594 234.234 230.068 694.897
284000 233.833 236.577 230.736 701.146
286000 235.373 238.194 232.665 706.232
288000 236.946 240.778 235.392 713.117
290000 239.587 241.941 237.075 718.603
292000 240.272 243.538 239.796 723.606
294000 241.793 246.157 243.648 731.598
296000 243.818 247.074 245.01 735.902
298000 246.962 248.759 247.226 742.947
300000 249.313 252.121 248.566 750.001
302000 251.376 252.983 250.361 754.72
304000 255.003 254.386 253.762 763.151
306000 257.621 257.549 255.896 771.067
308000 259.813 258.827 257.578 776.217
310000 261.998 258.405 259.807 780.21
312000 265.645 259.585 259.84 785.07
314000 267.018 260.446 260.065 787.528
316000 269.407 261.795 262.263 793.465
318000 269.857 264.098 263.464 797.419
320000 271.723 267.278 265.087 804.088
322000 272.626 268.357 268.701 809.685
324000 275.35 270.404 270.897 816.652
326000 278.596 272.729 272.01 823.336
328000 280.767 274.57 275.274 830.611
330000 280.049 274.474 276.87 831.393
332000 281.972 275.348 277.563 834.883
334000 284.799 276.948 278.992 840.739
336000 284.609 278.571 278.95 842.13
338000 286.564 279.981 279.265 845.81
340000 285.982 281.49 278.487 845.959
342000 288.254 283.268 281.945 853.467
344000 291.289 285.296 281.649 858.234
346000 293.203 286.62 282.355 862.178
348000 294.445 288.628 283.517 866.59
350000 296.14 289.854 287.544 873.538
352000 297.691 294.078 291.852 883.62
354000 300.03 297.017 295.105 892.152
356000 299.966 298.014 297.604 895.585
358000 302.9 300.063 298.074 901.037
360000 304.158 302.187 297.823 904.169
362000 306.827 304.266 300.142 911.235
364000 309.851 304.295 303.324 917.47
366000 309.956 306.33 305.194 921.48
368000 311.643 305.673 305.965 923.281
370000 314.072 307.232 307.918 929.222
372000 315.646 311.508 310.883 938.037
374000 317.517 314.708 312.117 944.342
376000 319.337 319.937 312.041 951.314
378000 321.307 323.476 312.721 957.505
380000 322.15 323.976 314 960.126
382000 324.791 325.382 315.72 965.893
384000 327.361 327.13 318.34 972.831
386000 328.076 328.318 320.702 977.097
388000 330.873 329.52 323.924 984.317
390000 332.846 329.483 324.823 987.152
392000 333.681 330.49 324.682 988.853
394000 336.507 332.324 326.272 995.103
396000 337.144 335.329 325.807 998.281
398000 338.67 337.247 327.358 1003.28
400000 338.477 337.111 328.793 1004.38
402000 339.024 336.538 331.928 1007.49
404000 336.223 338.73 334.566 1009.52
406000 338.258 340.472 334.443 1013.17
408000 340.445 341.537 333.518 1015.5
410000 342.748 343.854 334.65 1021.25
412000 346.357 346.322 338.01 1030.69
414000 348.618 345.981 339.947 1034.55
416000 351.308 347.98 341.131 1040.42
418000 353.49 347.571 342.731 1043.79
420000 354.371 349.694 344.736 1048.8
422000 355.431 349.847 348.207 1053.49
424000 358.076 350.025 350.67 1058.77
426000 359.408 352.424 353.647 1065.48
428000 361.301 355.418 357.69 1074.41
430000 362.284 355.198 358.471 1075.95
432000 363.819 357.54 358.74 1080.1
434000 367.757 356.841 361.313 1085.91
436000 368.255 358.19 365.066 1091.51
438000 369.964 360.074 367.156 1097.19
440000 372.859 362.566 367.72 1103.14
442000 376.107 365.109 369.162 1110.38
444000 377.259 367.045 370.607 1114.91
446000 380.041 369.235 371.339 1120.61
448000 383.11 371.411 372.458 1126.98
450000 386.199 372.694 375.295 1134.19
452000 387.48 372.545 377.159 1137.18
454000 389.184 374.713 377.871 1141.77
456000 390.437 377.658 379.504 1147.6
458000 392.023 379.51 380.644 1152.18
460000 392.513 382.76 382.797 1158.07
462000 391.54 382.179 384.976 1158.7
464000 391.963 385.467 385.971 1163.4
466000 393.915 386.981 388.771 1169.67
468000 395.564 389.428 389.207 1174.2
470000 396.188 391.276 389.792 1177.26
472000 399.801 394.884 392.069 1186.75
474000 400.068 397.975 393.05 1191.09
476000 403.604 395.8 397.372 1196.78
478000 402.434 396.239 397.88 1196.55
480000 405.102 397.366 397.49 1199.96
482000 406.463 398.425 400.541 1205.43
484000 406.736 399.201 400.733 1206.67
486000 409.289 400.005 401.495 1210.79
488000 410.997 402.476 401.966 1215.44
490000 410.985 402.835 405.156 1218.98
492000 414.614 405.379 406.972 1226.97
494000 418.013 408.273 411.279 1237.56
496000 420.388 411.003 412.127 1243.52
498000 422.72 413.685 414.154 1250.56
500000 425.904 417.833 412.512 1256.25
502000 427.472 422.121 411.317 1260.91
504000 432.728 420.328 413.053 1266.11
506000 433.84 421.592 415.385 1270.82
508000 431.77 425.511 417.171 1274.45
510000 435.236 425.271 419.15 1279.66
512000 435.985 426.278 423.064 1285.33
514000 433.817 426.422 426.102 1286.34
516000 434.298 428.064 426.251 1288.61
518000 434.385 427.833 427.547 1289.77
520000 435.485 431.167 430.405 1297.06
522000 437.893 431.945 430.762 1300.6
524000 438.807 432.409 431.875 1303.09
526000 443.037 435.698 434.909 1313.64
528000 444.77 440.448 437.079 1322.3
530000 447.131 440.497 439.357 1326.99
532000 449.085 443.981 441.06 1334.13
534000 451.253 446.907 442.044 1340.2
536000 451.11 446.953 445.53 1343.59
538000 453.19 449.084 447.643 1349.92
540000 454.614 450.455 449.226 1354.3
542000 456.827 451.917 451.108 1359.85
544000 456.68 454.232 450.007 1360.92
546000 455.931 455.567 454.134 1365.63
548000 458.155 455.625 453.253 1367.03
550000 457.778 456.865 454.99 1369.63
552000 458.414 457.095 457.147 1372.66
554000 458.713 458.256 460.037 1377.01
556000 459.062 459.549 463.682 1382.29
558000 461.419 461.536 465.046 1388
560000 463.82 463.931 462.802 1390.55
562000 464.601 465.697 463.824 1394.12
564000 470.09 468.244 463.563 1401.9
566000 471.616 469.076 465.087 1405.78
568000 474.27 470.931 467.323 1412.52
570000 477.022 473.339 470.041 1420.4
572000 478.285 475.64 471.76 1425.69
574000 479.531 479.964 473.208 1432.7
576000 479.837 479.638 475.902 1435.38
578000 482.947 482.815 476.978 1442.74
580000 482.842 483.325 476.831 1443
582000 486.12 484.915 478.102 1449.14
584000 487.346 489.132 480.34 1456.82
586000 487.177 489.238 483.793 1460.21
588000 489.831 490.474 484.476 1464.78
590000 494.316 489.428 486.84 1470.58
592000 495.511 493.094 488.213 1476.82
594000 499.229 494.157 488.927 1482.31
596000 502.307 493.331 491.84 1487.48
598000 504.547 496.11 493.233 1493.89
600000 505.043 495.522 494.266 1494.83
602000 506.433 497.776 494.08 1498.29
604000 507.04 498.47 495.039 1500.55
606000 507.139 500.826 498.172 1506.14
608000 509.83 500.145 498.713 1508.69
610000 511.587 501.823 500.317 1513.73
612000 513.069 503.417 502.066 1518.55
614000 513.727 505.696 501.759 1521.18
616000 515.893 508.507 504.406 1528.81
618000 518.642 513.161 504.622 1536.43
620000 519.1 516.211 505.597 1540.91
622000 518.322 518.699 505.725 1542.75
624000 522.681 522.871 508.243 1553.79
626000 525.603 522.417 509.762 1557.78
628000 527.684 525.642 508.598 1561.92
630000 529.42 528.38 511.428 1569.23
632000 529.805 528.896 512.027 1570.73
634000 532.297 528.87 513.286 1574.45
636000 538.234 531.934 512.663 1582.83
638000 542.044 531.789 514.849 1588.68
640000 544.687 534.594 515.171 1594.45
642000 545.149 538.318 516.089 1599.56
644000 544.577 541.742 517.309 1603.63
646000 548.835 542.983 521.023 1612.84
648000 550.353 546.129 521.145 1617.63
650000 551.208 547.071 521.887 1620.17
652000 551.948 551.601 523.038 1626.59
654000 553.637 555.926 522.854 1632.42
656000 554.956 558.685 525.982 1639.62
658000 558.37 560.423 529.848 1648.64
660000 558.9 560.711 530.984 1650.59
662000 561.319 561.421 530.64 1653.38
664000 561.927 560.259 531.963 1654.15
666000 559.642 559.022 533.636 1652.3
668000 561.625 563.676 536.056 1661.36
670000 564.231 566.31 537.565 1668.11
672000 565.495 568.353 537.782 1671.63
674000 567.989 570.157 540.39 1678.54
676000 568.444 570.611 541.223 1680.28
678000 570.93 573.186 545.167 1689.28
680000 572.175 576.132 547.75 1696.06
682000 573.689 577.677 551.674 1703.04
684000 573.71 577.582 552.425 1703.72
686000 572.579 580.344 555.791 1708.71
688000 573.535 582.169 556.009 1711.71
690000 576.292 583.688 559.429 1719.41
692000 576.823 583.473 560.638 1720.93
694000 574.335 586.106 562.263 1722.7
696000 578.092 588.346 563.548 1729.99
698000 578.889 586.981 565.088 1730.96
700000 583.172 589.128 568.888 1741.19
702000 583.56 591.639 569.235 1744.43
704000 588.621 593.797 571.844 1754.26
706000 588.457 595.112 571.938 1755.51
708000 590.029 597.581 571.887 1759.5
710000 592.728 601.55 571.827 1766.11
712000 594.895 605.393 573.101 1773.39
714000 596.956 607.665 572.532 1777.15
716000 600.235 610.125 574.961 1785.32
718000 598.909 613.575 579.248 1791.73
720000 597.308 615.426 582.806 1795.54
722000 602.436 617.17 583.438 1803.04
724000 608.231 619.503 585.264 1813
726000 609.655 620.535 583.14 1813.33
728000 612.399 620.487 585.126 1818.01
730000 612.692 625.013 586.844 1824.55
732000 614.815 627.191 590.175 1832.18
734000 616.053 631.79 593.561 1841.4
736000 619.561 629.676 594.596 1843.83
738000 621.876 630.213 596.556 1848.65
740000 622.829 632.666 599.108 1854.6
742000 622.771 632.927 604.141 1859.84
744000 623.342 634.751 604.373 1862.47
746000 626.362 640.443 605.608 1872.41
748000 627.969 643.162 609.653 1880.78
750000 629.15 641.874 608.468 1879.49
752000 630.06 640.134 611.383 1881.58
754000 634.594 640.464 615.145 1890.2
756000 637.707 642.68 613.171 1893.56
758000 639.725 645.17 613.343 1898.24
760000 644.325 648.629 612.754 1905.71
762000 646.27 651.506 614.111 1911.89
764000 650.975 653.103 615.394 1919.47
766000 653.657 656.198 617.838 1927.69
768000 656.162 659.187 618.525 1933.87
770000 659.529 659.471 621.28 1940.28
772000 658.863 662.509 621.463 1942.84
774000 658.293 665.276 623.775 1947.34
776000 656.66 668.34 625.324 1950.32
778000 657.194 670.456 627.671 1955.32
780000 653.969 670.043 627.591 1951.6
782000 655.888 671.772 630.711 1958.37
784000 655.123 672.156 631.441 1958.72
786000 655.106 671.893 634.562 1961.56
788000 657.919 676.024 635.361 1969.3
790000 659.048 678.5 636.125 1973.67
792000 662.221 681.462 641.386 1985.07
794000 661.295 681.718 643.979 1986.99
796000 663.178 682.17 644.387 1989.74
798000 664.942 686.05 646.167 1997.16
800000 665.473 689.964 650.217 2005.65
802000 667.174 688.835 653.181 2009.19
804000 667.712 689.135 654.401 2011.25
806000 669.629 692.579 657.743 2019.95
808000 672.376 694.42 660.271 2027.07
810000 675.664 693.986 663.789 2033.44
812000 674.036 697.229 665.116 2036.38
814000 676.606 699.98 665.904 2042.49
816000 675.115 699.956 667.772 2042.84
818000 676.862 701.307 670.537 2048.71
820000 676.267 703.733 668.701 2048.7
822000 678.55 706.915 669.549 2055.01
824000 680.357 708.942 672.849 2062.15
826000 681.622 711.737 674.364 2067.72
828000 683.286 712.902 678.396 2074.58
830000 685.998 713.938 683.251 2083.19
832000 688.018 714.266 683.882 2086.17
834000 690.711 716.431 685.669 2092.81
836000 692.655 717.329 687.329 2097.31
838000 694.702 722.526 688.852 2106.08
840000 697.973 722.732 689.612 2110.32
842000 699.023 722.038 691.429 2112.49
844000 700.722 721.86 691.57 2114.15
846000 700.296 722.056 692.191 2114.54
848000 703.374 723.775 695.959 2123.11
850000 707.092 723.945 699.945 2130.98
852000 708.021 725.115 701.388 2134.52
854000 707.25 726.003 702.479 2135.73
856000 706.813 728.222 705.834 2140.87
858000 708.56 728.523 706.622 2143.7
860000 710.526 726.599 710.648 2147.77
862000 714.037 730.378 711.997 2156.41
864000 716.057 733.89 714.749 2164.7
866000 716.057 737.284 717.384 2170.72
868000 721.226 739.426 718.06 2178.71
870000 719.809 739.66 717.956 2177.42
872000 721.9 741.346 720.576 2183.82
874000 723.818 743.523 724.185 2191.53
876000 726.201 745.173 730.305 2201.68
878000 725.341 746.066 733.378 2204.79
880000 724.311 746.888 734.38 2205.58
882000 726.362 748.671 739.051 2214.08
884000 728.214 748.992 737.676 2214.88
886000 732.384 753.542 736.181 2222.11
888000 733.415 753.143 739.796 2226.35
890000 735.837 755.151 742.591 2233.58
892000 738.014 760.802 745.454 2244.27
894000 739.472 759.863 746.36 2245.7
896000 740.979 762.539 746.026 2249.54
898000 741.132 763.586 746.746 2251.46
900000 742.33 763.67 751.111 2257.11
902000 744.036 764.243 755.624 2263.9
904000 746.268 765.971 755.775 2268.01
906000 746.577 765.266 758.149 2269.99
908000 747.7 764.541 760.332 2272.57
910000 748.252 763.705 764.577 2276.53
912000 748.945 765.136 765.529 2279.61
914000 748.98 764.466 768.189 2281.64
916000 750.869 767.515 769.702 2288.09
918000 752.383 768.996 771.173 2292.55
920000 753.808 771.97 773.953 2299.73
922000 754.545 774.291 776.545 2305.38
924000 759.976 774.83 778.4 2313.21
926000 760.387 778.002 779.174 2317.56
928000 759.169 783.249 779.814 2322.23
930000 759.985 786.911 780.522 2327.42
932000 763.4 790.924 784.358 2338.68
934000 765.326 792.754 784.218 2342.3
936000 765.76 796.202 786.155 2348.12
938000 769.459 795.852 788.71 2354.02
940000 769.427 794.411 789.231 2353.07
942000 769.787 793.646 788.156 2351.59
944000 769.996 792.638 788.581 2351.22
946000 773.105 794.192 789.825 2357.12
948000 774.728 793.976 791.637 2360.34
950000 775.088 797.584 792.196 2364.87
952000 775.83 800.96 793.39 2370.18
954000 775.496 802.684 797.869 2376.05
956000 775.705 805.664 800.016 2381.39
958000 777.515 807.41 799.497 2384.42
960000 779.682 809.677 799.661 2389.02
962000 782.851 809.484 799.639 2391.97
964000 784.561 811.63 800.043 2396.23
966000 785.702 814.309 802.336 2402.35
968000 789.762 813.822 802.565 2406.15
970000 790.772 815.082 803.885 2409.74
972000 791.679 816.575 806.964 2415.22
974000 791.238 815.768 807.349 2414.36
976000 796.995 817.735 807.346 2422.08
978000 799.429 818.881 806.304 2424.61
980000 799.593 817.725 811.53 2428.85
982000 802.448 818.716 815.789 2436.95
984000 802.391 819.596 817.797 2439.78
986000 805.216 821.916 819.387 2446.52
988000 807.208 828.088 821.445 2456.74
990000 810.258 828.279 825.372 2463.91
992000 812.255 833.236 827.362 2472.85
994000 813.797 832.181 827.413 2473.39
996000 813.536 833.695 828.144 2475.37
998000 816.885 834.668 832.966 2484.52
1000000 816.272 833.564 832.613 2482.45
1002000 817.035 836.415 833.525 2486.98
1004000 818.105 838.614 836.891 2493.61
1006000 817.604 837.266 837.512 2492.38
1008000 819.297 836.45 840.644 2496.39
1010000 821.742 837.137 844.498 2503.38
1012000 824.71 837.753 846.688 2509.15
1014000 822.992 839.81 851.751 2514.55
1016000 826.106 840.893 853.712 2520.71
1018000 831.027 845.704 854.83 2531.56
1020000 835.324 850.267 857.388 2542.98
1022000 834.378 851.713 859.622 2545.71
1024000 836.973 855.469 864.487 2556.93
1026000 838.937 853.606 867.03 2559.57
1028000 840.75 854.212 870.849 2565.81
1030000 841.923 857.155 870.361 2569.44
1032000 844.082 858.574 871.597 2574.25
1034000 845.426 858.217 872.781 2576.42
1036000 844.907 859.963 872.489 2577.36
1038000 846.473 863.069 875.783 2585.33
1040000 845.973 865.337 875.644 2586.95
1042000 844.75 864.403 876.944 2586.1
1044000 846.407 860.633 878.91 2585.95
1046000 846.756 863.984 880.532 2591.27
1048000 846.92 866.805 883.857 2597.58
1050000 850.652 870.667 887.019 2608.34
1052000 849.5 871.253 887.7 2608.45
1054000 848.291 873.737 889.5 2611.53
1056000 848.756 876.925 892.742 2618.42
1058000 852.191 875.221 895.261 2622.67
1060000 853.254 875.095 894.887 2623.24
1062000 854.48 874.009 896.005 2624.49
1064000 858.328 873.691 896.383 2628.4
1066000 858.641 877.033 893.997 2629.67
1068000 861.849 878.544 895.315 2635.71
1070000 865.565 879.038 895.025 2639.63
1072000 863.749 880.173 898.553 2642.48
1074000 864.857 880.264 902.77 2647.89
1076000 866.493 882.518 903.469 2652.48
1078000 864.878 886.621 908.349 2659.85
1080000 866.726 890.171 910.83 2667.73
1082000 869.998 890.613 911.355 2671.97
1084000 872.966 891.522 910.899 2675.39
1086000 872.52 891.089 908.759 2672.37
1088000 872.456 893.997 912.047 2678.5
1090000 872.365 898.706 910.7 2681.77
1092000 871.679 900.448 911.952 2684.08
1094000 874.957 899.999 916.245 2691.2
1096000 876.543 903.299 918.525 2698.37
1098000 875.64 904.845 919.565 2700.05
1100000 878.787 907.113 923.18 2709.08
1102000 882.089 908.948 929.455 2720.49
1104000 882.797 912.755 929.546 2725.1
1106000 886.313 913.248 935.096 2734.66
1108000 888.493 912.124 938.396 2739.01
1110000 891.974 910.469 942.053 2744.5
1112000 891.02 914.149 942.643 2747.81
1114000 891.225 914.366 943.454 2749.05
1116000 893.371 916.597 946.459 2756.43
1118000 897.384 916.833 950.196 2764.41
1120000 901.832 916.777 953.618 2772.23
1122000 900.532 921.781 951.737 2774.05
1124000 900.498 922.841 950.479 2773.82
1126000 903.036 924.01 954.894 2781.94
1128000 905.709 925.92 956.688 2788.32
1130000 904.061 928 961.371 2793.43
1132000 906.35 931.888 960.839 2799.08
1134000 907.547 934.674 960.893 2803.11
1136000 907.095 936.381 966.691 2810.17
1138000 911.336 939.246 970.722 2821.3
1140000 912.127 940.187 972.437 2824.75
1142000 914.033 941.559 975.906 2831.5
1144000 919.287 945.115 976.638 2841.04
1146000 923.483 948.828 979.031 2851.34
1148000 917.466 954.919 981.889 2854.27
1150000 922.851 957.223 982.172 2862.25
1152000 923.567 960.568 983.396 2867.53
1154000 928.708 963.056 981.088 2872.85
1156000 929.079 965.318 983.622 2878.02
1158000 930.621 967.115 982.869 2880.6
1160000 930.054 968.024 984.533 2882.61
1162000 931.829 973.704 987.225 2892.76
1164000 936.234 976.294 991.656 2904.18
1166000 936.24 976.41 994.196 2906.85
1168000 939.318 978.198 997.908 2915.42
1170000 939.013 978.492 999.032 2916.54
1172000 938.732 981.969 1004.07 2924.77
1174000 938.114 986.354 1007.62 2932.09
1176000 943.082 990.02 1008.84 2941.94
1178000 944.569 992.399 1007.14 2944.11
1180000 947.851 991.593 1004.72 2944.17
1182000 946.614 994.141 1006.99 2947.75
1184000 947.325 997.291 1010.95 2955.56
1186000 950.768 1000.12 1009.85 2960.75
1188000 951.829 1000.43 1011.56 2963.82
1190000 951.774 1002.12 1014.8 2968.7
1192000 954.667 1000.98 1013.49 2969.14
1194000 958.552 1001.6 1014.32 2974.48
1196000 957.811 1006.46 1016.37 2980.64
1198000 958.628 1007.93 1016.54 2983.1
1200000 959.975 1008.24 1016.39 2984.61
1202000 960.505 1011.88 1014.74 2987.12
1204000 963.998 1013.79 1016.06 2993.85
1206000 965.613 1011.94 1016.12 2993.68
1208000 966.484 1012.88 1014.93 2994.3
1210000 967.322 1016.26 1018.14 3001.72
1212000 968.566 1016.78 1019.24 3004.59
1214000 971.338 1020.43 1022.85 3014.62
1216000 973.372 1023.88 1025.36 3022.61
1218000 971.423 1024.36 1028.99 3024.77
1220000 971.612 1025.61 1033.82 3031.04
1222000 972.315 1029.98 1039.34 3041.64
1224000 974.127 1034.86 1040.66 3049.65
1226000 977.309 1038.55 1040.89 3056.75
1228000 980.838 1039.37 1042.96 3063.18
1230000 979.329 1046.05 1040.49 3065.87
1232000 980.031 1048.92 1043.28 3072.23
1234000 979.78 1053.68 1044.03 3077.49
1236000 978.776 1055.64 1047.66 3082.07
1238000 981.174 1056.83 1048.08 3086.09
1240000 984.937 1057.52 1047.6 3090.06
1242000 987.6 1058.56 1047.22 3093.38
1244000 991.394 1061.16 1045.85 3098.41
1246000 994.157 1063.81 1048.91 3106.87
1248000 998.679 1070.52 1052.08 3121.28
1250000 1002.98 1074.57 1052.65 3130.2
1252000 1007.06 1075.66 1056.32 3139.03
1254000 1006.24 1073.98 1061.11 3141.33
1256000 1004.68 1073.55 1062.7 3140.93
1258000 1008.21 1073.36 1069.76 3151.32
1260000 1009.18 1073.25 1070.3 3152.72
1262000 1010.91 1075.79 1071.21 3157.92
1264000 1015.72 1081.79 1074.48 3171.99
1266000 1020.49 1081.3 1076.45 3178.24
1268000 1020.88 1081.98 1079.44 3182.29
1270000 1024.99 1086.11 1083.47 3194.57
1272000 1025.04 1089.41 1084.94 3199.4
1274000 1029.41 1090.67 1085.31 3205.39
1276000 1031.11 1091.77 1084.87 3207.75
1278000 1029.27 1091.81 1088.62 3209.7
1280000 1031.79 1093.65 1087.21 3212.64
1282000 1036.25 1095.93 1091.89 3224.06
1284000 1041.37 1095.48 1094.81 3231.65
1286000 1043.02 1095.02 1097.05 3235.09
1288000 1048.49 1091.1 1096.49 3236.08
1290000 1051.39 1092.15 1096.05 3239.58
1292000 1052.03 1095.19 1099.72 3246.94
1294000 1053.16 1101.94 1102.14 3257.25
1296000 1051.86 1101.22 1104.03 3257.1
1298000 1050.5 1104.6 1107.46 3262.55
1300000 1053.72 1108.62 1105.83 3268.16
1302000 1056.41 1112.12 1105.95 3274.47
1304000 1057.08 1111.74 1108.06 3276.88
1306000 1057.53 1118.54 1112.46 3288.53
1308000 1057.4 1118.84 1115.79 3292.03
1310000 1063.1 1121.18 1115.17 3299.45
1312000 1065.91 1122.12 1117.37 3305.4
1314000 1066.24 1126.93 1120.63 3313.8
1316000 1069.1 1129.21 1119.82 3318.13
1318000 1070.36 1131.28 1122.06 3323.7
1320000 1070.56 1132.36 1126.79 3329.71
1322000 1071.24 1131.96 1128.07 3331.28
1324000 1074.99 1132.72 1132.7 3340.42
1326000 1074.18 1130.38 1133.25 3337.81
1328000 1075.31 1133.4 1135.68 3344.39
1330000 1078.89 1135.13 1139.45 3353.48
1332000 1082.89 1140.82 1139.91 3363.63
1334000 1083.13 1141.87 1141.85 3366.85
1336000 1086.8 1144.4 1144.25 3375.45
1338000 1088.42 1143.68 1147.91 3380.01
1340000 1086.65 1144.53 1151.42 3382.6
1342000 1085.32 1145.32 1152.51 3383.15
1344000 1085.01 1147.01 1151.63 3383.65
1346000 1086.99 1151.58 1152.27 3390.84
1348000 1087.1 1153.8 1155.64 3396.54
1350000 1086.6 1152.78 1157.71 3397.09
1352000 1090.07 1155.29 1157.3 3402.65
1354000 1093.92 1156.38 1156.76 3407.06
1356000 1096.07 1158.44 1158.46 3412.97
1358000 1098 1162.84 1159.4 3420.23
1360000 1098.76 1162.2 1162.47 3423.43
1362000 1097.39 1163.07 1166.16 3426.63
1364000 1094.49 1163.72 1167.4 3425.61
1366000 1095.49 1166.95 1170.18 3432.62
1368000 1093.5 1168.83 1172.82 3435.15
1370000 1097.38 1173.52 1173.2 3444.1
1372000 1095.06 1176.79 1171.08 3442.93
1374000 1098.07 1178.98 1177.36 3454.4
1376000 1100 1180.21 1182.03 3462.23
1378000 1100.59 1182.8 1179.98 3463.37
1380000 1102.43 1181.57 1185.42 3469.42
1382000 1107.03 1181.76 1190.77 3479.56
1384000 1105.5 1180.76 1194.3 3480.55
1386000 1104.23 1179.99 1192.78 3477
1388000 1108.28 1178.31 1193.71 3480.29
1390000 1110.2 1178.67 1197.67 3486.54
1392000 1106.98 1179.62 1198.65 3485.26
1394000 1106.79 1178.47 1201.1 3486.35
1396000 1110.17 1176.61 1203.01 3489.8
1398000 1108.24 1177.37 1206.85 3492.47
1400000 1113.22 1179.89 1202.69 3495.8
1402000 1114.31 1181.88 1206.67 3502.85
1404000 1115.81 1186.29 1211.07 3513.16
1406000 1118.85 1187.36 1213.98 3520.18
1408000 1119.01 1190.76 1217.77 3527.54
1410000 1120.09 1194.24 1216.65 3530.98
1412000 1118.75 1193.75 1219.21 3531.71
1414000 1124.14 1195.88 1219.46 3539.48
1416000 1126.79 1202.84 1222.74 3552.37
1418000 1130.72 1203.28 1225.15 3559.15
1420000 1131.45 1206.15 1228.24 3565.84
1422000 1135.89 1205.15 1232.5 3573.54
1424000 1142.84 1208.48 1235.05 3586.37
1426000 1141.74 1206.11 1236.01 3583.86
1428000 1144.86 1206.04 1237.93 3588.82
1430000 1147.51 1208.28 1240.57 3596.37
1432000 1149.16 1209.98 1240.17 3599.31
1434000 1148.04 1213.63 1243.74 3605.4
1436000 1147.58 1214.43 1244.69 3606.7
1438000 1147.22 1215.73 1248.02 3610.97
1440000 1149.01 1216.93 1242.37 3608.31
1442000 1150.23 1220.54 1240.74 3611.52
1444000 1147.31 1223.84 1241.03 3612.19
1446000 1150.03 1226.8 1245.37 3622.21
1448000 1153.42 1228.79 1246.77 3628.98
1450000 1157.04 1229.41 1249.3 3635.75
1452000 1157.39 1232.26 1245.07 3634.72
1454000 1162.06 1232.62 1247.31 3641.98
1456000 1167.18 1237.25 1247.74 3652.17
1458000 1167.73 1237.18 1251.23 3656.14
1460000 1171.61 1240.68 1254.14 3666.43
1462000 1172.32 1243.46 1258.04 3673.81
1464000 1168.85 1247.31 1261.54 3677.7
1466000 1171.82 1249.19 1263.37 3684.39
1468000 1176.54 1250.49 1263.83 3690.87
1470000 1177.8 1249.76 1267.04 3694.6
1472000 1183.21 1252.31 1269.67 3705.18
1474000 1188.56 1254.71 1270.92 3714.19
1476000 1190.36 1254.83 1273.46 3718.65
1478000 1191.53 1258.57 1276.02 3726.13
1480000 1194.11 1261.64 1277.32 3733.07
1482000 1194.99 1263.98 1277.21 3736.19
1484000 1197.93 1268.88 1279.44 3746.26
1486000 1201.34 1270.57 1278.13 3750.03
1488000 1201.17 1276.3 1280.09 3757.55
1490000 1200.42 1279.65 1281.94 3762.01
1492000 1200.04 1280.03 1282.93 3763
1494000 1201.97 1284.48 1284.09 3770.54
1496000 1204.88 1288.75 1282.59 3776.23
1498000 1208.01 1287.71 1283.24 3778.97
1500000 1210.43 1289.04 1283.39 3782.86
1502000 1213.07 1290.77 1286.99 3790.83
1504000 1214.32 1288.26 1289.26 3791.84
1506000 1217.81 1291.1 1294.67 3803.58
1508000 1217.04 1293.35 1297.16 3807.56
1510000 1220.27 1292.42 1300.93 3813.62
1512000 1221.04 1297.1 1306.88 3825.03
1514000 1222.79 1297.85 1306.15 3826.79
1516000 1224.47 1299.47 1303.03 3826.97
1518000 1227.27 1297.68 1302.28 3827.23
1520000 1228.52 1301.28 1301.25 3831.06
1522000 1233.27 1300.81 1305.57 3839.65
1524000 1235.27 1300.33 1308.68 3844.28
1526000 1235.61 1304.73 1311.89 3852.24
1528000 1236.23 1306.61 1315.01 3857.85
1530000 1237.52 1308.54 1319.18 3865.24
1532000 1239.26 1314.52 1321.94 3875.72
1534000 1241.99 1316.63 1323.64 3882.26
1536000 1240.47 1318.01 1323.87 3882.35
1538000 1241.44 1318.64 1327.98 3888.06
1540000 1241.12 1323.52 1327.53 3892.17
1542000 1241.68 1323.96 1328.43 3894.07
1544000 1243.83 1324.68 1333.1 3901.62
1546000 1242.63 1328.44 1332.52 3903.6
1548000 1243.36 1328.08 1332.68 3904.11
1550000 1244.3 1328.62 1339.34 3912.25
1552000 1245.96 1332 1342.68 3920.65
1554000 1245.88 1336.25 1342.14 3924.27
1556000 1247.2 1342.32 1349.11 3938.63
1558000 1250.47 1345.48 1347.97 3943.92
1560000 1250.96 1349.92 1352.43 3953.31
1562000 1252.65 1351.38 1351.87 3955.9
1564000 1254.33 1357.23 1354.95 3966.51
1566000 1250.33 1360.68 1356.55 3967.56
1568000 1254.3 1361.51 1355.84 3971.65
1570000 1252.22 1365.14 1357.17 3974.53
1572000 1252.12 1366.47 1360.02 3978.61
1574000 1252.98 1368.56 1361.6 3983.14
1576000 1257.02 1374.15 1363.21 3994.38
1578000 1260.19 1376.92 1361.43 3998.54
1580000 1263.82 1378.08 1364.07 4005.98
1582000 1269.84 1381.87 1368.64 4020.35
1584000 1273.91 1386.3 1370.1 4030.31
1586000 1276.07 1387.02 1372.71 4035.8
1588000 1279.07 1387.81 1376.44 4043.31
1590000 1277.73 1390.54 1378.8 4047.07
1592000 1277.49 1393.42 1382.28 4053.2
1594000 1277.82 1392.6 1381.42 4051.84
1596000 1277.41 1393.25 1383.12 4053.78
1598000 1277.22 1396.64 1382.61 4056.47
1600000 1277.43 1398.28 1383.73 4059.45
1602000 1281.58 1396.84 1384.47 4062.9
1604000 1285.65 1397.13 1386.52 4069.29
1606000 1288.32 1394.72 1386.5 4069.54
1608000 1290.88 1394.32 1389.58 4074.77
1610000 1294.37 1394.14 1390.49 4079.01
1612000 1297.98 1392.93 1392.59 4083.5
1614000 1297.25 1391.9 1393.76 4082.92
1616000 1298.67 1391.16 1395.52 4085.36
1618000 1300.85 1393.85 1401.34 4096.03
1620000 1304.2 1396.92 1403.12 4104.24
1622000 1307.98 1398.29 1399.31 4105.58
1624000 1307.58 1402.78 1401.99 4112.35
1626000 1309.39 1401.71 1404.41 4115.51
1628000 1308.2 1405.83 1404.37 4118.4
1630000 1314.14 1406.59 1401.3 4122.03
1632000 1315.86 1412.31 1400.39 4128.55
1634000 1317.31 1409.95 1398.23 4125.49
1636000 1317.24 1406.25 1398.93 4122.42
1638000 1316.39 1410.03 1401.25 4127.66
1640000 1315.3 1414.77 1404.08 4134.15
1642000 1315.16 1417.8 1402.56 4135.52
1644000 1318.8 1419.59 1403.3 4141.68
1646000 1319.86 1421.43 1403.52 4144.81
1648000 1327.54 1423.89 1404.92 4156.36
1650000 1331.68 1424.37 1404.72 4160.76
1652000 1333.91 1427.46 1404.55 4165.92
1654000 1334.01 1433.36 1408.17 4175.54
1656000 1336.81 1433.52 1405.39 4175.72
1658000 1337.99 1433.69 1405.25 4176.93
1660000 1340.07 1435.28 1405.57 4180.93
1662000 1337.93 1434.6 1408.56 4181.08
1664000 1341.04 1437.79 1412.99 4191.81
1666000 1341.44 1439.58 1417 4198.02
1668000 1346.72 1442.83 1421.49 4211.03
1670000 1349.49 1447.02 1426.06 4222.57
1672000 1350.39 1444.42 1428.85 4223.66
1674000 1353.05 1446.1 1431.53 4230.68
1676000 1352.63 1442.96 1434.71 4230.3
1678000 1349.04 1444.59 1438.06 4231.69
1680000 1357.68 1445.29 1439.36 4242.33
1682000 1359.86 1445.36 1439.01 4244.23
1684000 1360.55 1446.19 1442.58 4249.32
1686000 1365.81 1447.9 1443.92 4257.63
1688000 1366.95 1449.6 1441.33 4257.87
1690000 1366.4 1449.49 1443.79 4259.68
1692000 1363.12 1448.28 1440.66 4252.06
1694000 1363.27 1452.51 1443.05 4258.82
1696000 1363.48 1450.98 1447.04 4261.5
1698000 1367.49 1453.38 1449.99 4270.86
1700000 1368.17 1453.51 1447.8 4269.47
1702000 1366.33 1452.39 1447.91 4266.63
1704000 1365.73 1454.91 1452.23 4272.88
1706000 1366.31 1450.5 1452.6 4269.41
1708000 1369 1455.28 1452.62 4276.91
1710000 1367.39 1457.77 1454.29 4279.45
1712000 1369.3 1458.66 1457.24 4285.21
1714000 1369.97 1459.46 1460.81 4290.25
1716000 1369.79 1462.51 1459.19 4291.5
1718000 1373.63 1461.53 1462.3 4297.45
1720000 1374.57 1465.7 1463.54 4303.8
1722000 1377.88 1469.09 1464.42 4311.39
1724000 1379.82 1472.2 1465.27 4317.29
1726000 1379.01 1473.2 1465.2 4317.41
1728000 1382.51 1476.14 1463.84 4322.48
1730000 1384.29 1478.99 1465.1 4328.38
1732000 1385.41 1477.73 1463.48 4326.62
1734000 1387.87 1476.29 1466.18 4330.33
1736000 1391.09 1475.57 1462.54 4329.21
1738000 1390.29 1479.03 1464.21 4333.53
1740000 1392.24 1484.96 1466.68 4343.88
1742000 1393.51 1487.47 1468.73 4349.72
1744000 1393.04 1485.68 1469.18 4347.89
1746000 1392.1 1488.21 1475.17 4355.48
1748000 1393.43 1491 1475.29 4359.71
1750000 1395.67 1494.58 1478.63 4368.88
1752000 1404.62 1493.83 1479.84 4378.29
1754000 1408.62 1494.64 1478.54 4381.8
1756000 1411.57 1495.58 1475.94 4383.09
1758000 1408.25 1498.26 1476.85 4383.36
1760000 1409.63 1500.45 1482.91 4392.98
1762000 1417.01 1503.64 1488.38 4409.03
1764000 1419.39 1506.89 1486.84 4413.11
1766000 1421.12 1504.57 1485.93 4411.63
1768000 1421.52 1508.66 1489.54 4419.72
1770000 1422.06 1507.17 1491.49 4420.72
1772000 1425.83 1508.61 1491.69 4426.14
1774000 1425.81 1511.08 1497.15 4434.04
1776000 1425.05 1510.2 1493.92 4429.17
1778000 1426.36 1508.84 1495.05 4430.25
1780000 1429.04 1515.02 1498.56 4442.62
1782000 1428.97 1516.8 1499.6 4445.37
1784000 1433.55 1518.63 1504.54 4456.72
1786000 1432.39 1514.76 1509.22 4456.37
1788000 1434.95 1514.23 1512.57 4461.74
1790000 1434.58 1513.57 1516.24 4464.39
1792000 1438.79 1520.82 1512.77 4472.38
1794000 1442.43 1522.17 1517.37 4481.97
1796000 1440.3 1523.96 1518.4 4482.65
1798000 1438.02 1529.86 1524.48 4492.36
1800000 1441.73 1533.25 1523.71 4498.69
1802000 1443.5 1533.73 1525.3 4502.53
1804000 1442.54 1531.75 1531.99 4506.27
1806000 1444.04 1535.87 1533.22 4513.13
1808000 1448.52 1539.07 1537.28 4524.87
1810000 1453 1541.07 1535.73 4529.8
1812000 1453.84 1544.09 1538.3 4536.23
1814000 1456.43 1545.94 1539.07 4541.44
1816000 1458.5 1550.96 1540.08 4549.53
1818000 1462.46 1556.52 1541.56 4560.54
1820000 1462.17 1556.75 1542.75 4561.68
1822000 1462.69 1555.76 1543.01 4561.46
1824000 1461.68 1559.68 1546.3 4567.66
1826000 1465.93 1559.97 1549.76 4575.65
1828000 1465.84 1559.89 1548.3 4574.03
1830000 1466.5 1560.04 1549.28 4575.81
1832000 1469.8 1562.78 1549.98 4582.55
1834000 1469.66 1562.47 1548.9 4581.02
1836000 1475.38 1563.91 1552.7 4591.99
1838000 1475.75 1564.25 1556.64 4596.64
1840000 1476.4 1563.74 1557.47 4597.61
1842000 1477.97 1560.99 1556.7 4595.67
1844000 1480.73 1558.8 1556.7 4596.23
1846000 1481.7 1563.87 1563.9 4609.47
1848000 1482.54 1568.83 1567.55 4618.92
1850000 1479.14 1568.29 1570.56 4617.99
1852000 1477.57 1573.29 1575.45 4626.32
1854000 1478.61 1574.61 1577.22 4630.45
1856000 1482.36 1573.09 1579.85 4635.3
1858000 1485.78 1575.1 1580.39 4641.27
1860000 1484.95 1573.55 1578.63 4637.14
1862000 1483.98 1574.86 1580.48 4639.31
1864000 1484.88 1575.17 1588.53 4648.57
1866000 1485.5 1577.28 1586.3 4649.09
1868000 1485.47 1581.66 1588.22 4655.35
1870000 1487.33 1584.57 1591.23 4663.13
1872000 1487.76 1588.44 1595.51 4671.7
1874000 1489.98 1592.19 1593.21 4675.38
1876000 1488.23 1593.43 1595.95 4677.62
1878000 1486.58 1596.74 1596.74 4680.06
1880000 1488.79 1600.31 1602.31 4691.41
1882000 1489.88 1605.08 1603.22 4698.18
1884000 1490.33 1607.89 1608.32 4706.54
1886000 1491.89 1608.54 1605.52 4705.95
1888000 1493.13 1607.3 1606.74 4707.16
1890000 1492.51 1614.56 1607.4 4714.47
1892000 1490.81 1618.21 1610.26 4719.27
1894000 1491.95 1620.85 1608.05 4720.85
1896000 1502.05 1620.79 1609.93 4732.77
1898000 1498.29 1622.13 1611.31 4731.73
1900000 1496.03 1625.8 1612.91 4734.73
1902000 1493.25 1624.48 1613.6 4731.32
1904000 1496.71 1623 1608.73 4728.44
1906000 1498.55 1622.03 1613.54 4734.12
1908000 1497.15 1624.08 1611 4732.23
1910000 1499.13 1629 1614.57 4742.7
1912000 1503.76 1631.52 1616.79 4752.07
1914000 1507.27 1634.15 1618.46 4759.88
1916000 1506.5 1634.49 1618.29 4759.27
1918000 1510.94 1636.61 1621.24 4768.8
1920000 1515.07 1640.35 1621.52 4776.94
1922000 1515.96 1642.76 1622.22 4780.95
1924000 1517.65 1646.59 1622.96 4787.2
1926000 1517.42 1646.16 1622.25 4785.82
1928000 1518.74 1646.38 1617.59 4782.71
1930000 1522.44 1648.74 1618.98 4790.15
1932000 1525.73 1654.66 1622.59 4802.99
1934000 1526.13 1654.87 1618.53 4799.53
1936000 1530.09 1652.17 1618.24 4800.51
1938000 1526.3 1653.95 1618.67 4798.92
1940000 1530.45 1653.85 1621.47 4805.77
1942000 1534.36 1656.62 1623.21 4814.19
1944000 1535.44 1663.54 1627.88 4826.86
1946000 1537.29 1664.46 1634.12 4835.87
1948000 1537.06 1667.01 1637.07 4841.14
1950000 1539.23 1670.5 1639.27 4849
1952000 1539.55 1669.57 1638.93 4848.05
1954000 1541.78 1668.33 1642.43 4852.54
1956000 1542.84 1669.44 1644.52 4856.8
1958000 1544.08 1666.51 1643.26 4853.85
1960000 1544.88 1668.2 1643.92 4857
1962000 1541.97 1676.04 1646.85 4864.85
1964000 1542.49 1676.32 1645.56 4864.37
1966000 1544.82 1680.48 1647.76 4873.07
1968000 1549.94 1678.37 1649.9 4878.21
1970000 1548.14 1679.99 1649.25 4877.37
1972000 1549.61 1681.23 1652.77 4883.62
1974000 1551.54 1684.8 1650.62 4886.96
1976000 1553.96 1681.2 1650.17 4885.33
1978000 1556.87 1683.55 1653.98 4894.39
1980000 1560.7 1678.11 1651.24 4890.05
1982000 1565.32 1682.02 1651.12 4898.46
1984000 1567.59 1684.4 1651.49 4903.48
1986000 1567.46 1690.23 1654.05 4911.74
1988000 1571.65 1694.21 1654.1 4919.96
1990000 1570.04 1699.55 1656.99 4926.57
1992000 1571.77 1700.37 1661.84 4933.98
1994000 1569.28 1700.91 1668.55 4938.75
1996000 1570.26 1699.39 1672.9 4942.55
1998000 1573.58 1701.96 1679.89 4955.43
2000000 1577.13 1702.6 1680.15 4959.88
