# Time-averaged data for fix savemsd
# TimeStep c_msd[1] c_msd[2] c_msd[3] c_msd[4]
0 0 0 1.199e-29 1.199e-29
2000 5.94716 6.17695 6.06396 18.1881
4000 12.0575 12.3898 11.3319 35.7791
6000 18.4083 19.1907 18.0753 55.6744
8000 25.2856 25.1141 24.8392 75.239
10000 33.0244 31.028 31.595 95.6473
12000 38.7998 37.254 37.2644 113.318
14000 46.498 43.5461 43.7254 133.769
16000 54.3317 50.42 52.0238 156.775
18000 60.912 57.2638 57.0349 175.211
20000 65.3224 64.1711 63.4899 192.983
22000 69.8387 70.1419 71.3286 211.309
24000 74.2109 73.8417 77.1172 225.17
26000 79.4266 79.568 83.2022 242.197
28000 84.0741 83.2992 90.2001 257.573
30000 90.5374 89.441 96.0377 276.016
32000 95.3563 95.1128 101.217 291.686
34000 102.555 102.356 108.103 313.014
36000 107.011 109.661 115.226 331.899
38000 112.296 114.846 118.181 345.323
40000 117.277 121.131 125.058 363.466
42000 122.217 125.728 134.464 382.408
44000 130.302 131.833 141.308 403.443
46000 138.519 138.807 148.553 425.879
48000 144.997 145.767 155.572 446.337
50000 152.02 151.172 162.856 466.048
52000 159.222 162.025 167.271 488.518
54000 165.444 166.741 174.711 506.896
56000 172.299 172.913 180.62 525.831
58000 180.936 178.271 185.583 544.79
60000 185.404 185.817 191.439 562.659
62000 192.613 190.497 194.734 577.844
64000 196.241 195.229 202.886 594.357
66000 203.668 200.653 207.686 612.007
68000 211.178 208.923 215.886 635.987
70000 219.322 215.541 222.299 657.162
72000 227.844 219.424 228.597 675.865
74000 234.202 226.576 233.857 694.635
76000 238.553 234.447 237.092 710.092
78000 243.14 243.103 244.972 731.216
80000 249.228 250.906 250.019 750.154
82000 259.993 258.033 256.856 774.881
84000 263.993 259.848 263.903 787.744
86000 268.545 264.45 268.949 801.944
88000 274.915 269.661 276.017 820.593
90000 279.984 273.595 279.972 833.552
92000 286.057 278.582 285.763 850.402
94000 290.312 284.181 293.893 868.386
96000 296.505 291.253 303.026 890.784
98000 302.357 301.377 306.163 909.898
100000 310.18 305.219 313.919 929.318
102000 316.978 311.894 319.476 948.348
104000 324.223 317.155 327.48 968.859
106000 327.479 321.955 335.117 984.551
108000 333.936 328.034 338.718 1000.69
110000 338.339 334.024 341.146 1013.51
112000 346.62 339.779 348.844 1035.24
114000 351.135 345.387 358.068 1054.59
116000 357.217 353.335 362.822 1073.37
118000 362.443 360.219 373.34 1096
120000 369.075 366.852 378.745 1114.67
122000 378.934 370.261 383.265 1132.46
124000 387.446 378.051 393.291 1158.79
126000 393.25 386.789 401.915 1181.95
128000 398.704 391.155 407.118 1196.98
130000 405.931 397.14 410.491 1213.56
132000 410.301 403.816 414.37 1228.49
134000 415.802 407.561 423.447 1246.81
136000 423.501 416.167 428.027 1267.69
138000 429.988 424.813 432.653 1287.45
140000 438.884 430.966 440.788 1310.64
142000 445.733 433.411 449.006 1328.15
144000 454.315 440.362 456.216 1350.89
146000 459.904 444.887 464.237 1369.03
148000 463.199 450.112 471.211 1384.52
150000 471.338 453.817 480.019 1405.17
152000 478.705 458.624 483.226 1420.56
154000 484.364 468.431 490.437 1443.23
156000 490.774 466.167 496.856 1453.8
158000 493.793 469.523 503.823 1467.14
160000 496.786 479.076 508.222 1484.08
162000 502.605 480.841 513.078 1496.52
164000 508.257 485.936 518.158 1512.35
166000 514.478 492.265 521.747 1528.49
168000 521.271 503.115 532.355 1556.74
170000 530.099 506.727 544.931 1581.76
172000 535.063 512.958 549.82 1597.84
174000 541.781 522.618 554.042 1618.44
176000 550.327 527.579 558.347 1636.25
178000 554.265 539.277 566.248 1659.79
180000 556.786 541.448 571.066 1669.3
182000 566.117 546.514 576.152 1688.78
184000 574.284 558.448 575.146 1707.88
186000 584.016 561.611 584.907 1730.53
188000 587.325 568.985 592.702 1749.01
190000 590.433 573.097 595.953 1759.48
192000 596.598 581.557 601.956 1780.11
194000 604.138 583.948 610.776 1798.86
196000 608.496 590.769 614.27 1813.54
198000 612.335 602.321 620.128 1834.78
200000 621.484 610.512 621.021 1853.02
202000 628.047 616.237 623.41 1867.69
204000 634.227 621.351 634.932 1890.51
206000 639.634 629.183 641.485 1910.3
208000 648.406 631.38 645.993 1925.78
210000 652.405 636.185 650.633 1939.22
212000 660.564 637.907 661.353 1959.82
214000 666.229 645.15 669.684 1981.06
216000 668.921 653.558 675.297 1997.78
218000 678.596 659.419 682.607 2020.62
220000 681.966 672.203 695.072 2049.24
222000 684.619 678.748 700.745 2064.11
224000 691.556 690.269 700.048 2081.87
226000 705.055 697.658 706.695 2109.41
228000 709.005 704.738 714.008 2127.75
230000 711.304 707.273 720.133 2138.71
232000 718.404 711.088 730.935 2160.43
234000 732.267 711.704 739.104 2183.07
236000 738.118 719.63 741.462 2199.21
238000 742.975 728.902 747.635 2219.51
240000 748.334 727.717 757.03 2233.08
242000 755.538 740.481 763.033 2259.05
244000 763.855 751.213 768.365 2283.43
246000 763.196 753.58 776.087 2292.86
248000 767.602 761.01 786.607 2315.22
250000 772.901 767.249 797.713 2337.86
252000 777.53 776.817 808.598 2362.95
254000 788.082 781.533 818.133 2387.75
256000 793.026 788.585 816.962 2398.57
258000 795.669 795.256 826.232 2417.16
260000 803.476 799.059 836.179 2438.71
262000 812.593 806.118 846.112 2464.82
264000 819.875 807.71 851.835 2479.42
266000 824.076 814.959 859.666 2498.7
268000 831.298 819.272 871.209 2521.78
270000 840.162 823.582 879.352 2543.1
272000 847.699 830.481 890.786 2568.97
274000 858.352 833.066 898.628 2590.05
276000 871.922 841.611 903.63 2617.16
278000 877.408 847.497 914.641 2639.55
280000 879.706 855.55 919.926 2655.18
282000 884.683 863.265 931.269 2679.22
284000 884.545 875.276 942.03 2701.85
286000 891.729 883.297 944.659 2719.68
288000 899.287 883.507 952.689 2735.48
290000 907.956 884.503 957.033 2749.49
292000 914.202 886.557 970.586 2771.34
294000 924.898 896.591 983.601 2805.09
296000 927.828 906.07 992.139 2826.04
298000 936.427 908.963 998.887 2844.28
300000 946.245 921.728 1006.04 2874.01
302000 944.756 932.061 1004.67 2881.49
304000 949.612 933.819 1009.79 2893.22
306000 953.441 941.139 1021.64 2916.22
308000 963.905 944.35 1032.43 2940.68
310000 966.626 941.09 1030.13 2937.85
312000 974.816 943.131 1040.1 2958.05
314000 981.494 955.656 1048.77 2985.92
316000 991.853 968.203 1054.94 3015
318000 997.517 965.51 1060.36 3023.38
320000 1009.85 969.42 1068.81 3048.09
322000 1017.95 973.627 1077.22 3068.79
324000 1034.17 981.353 1084.4 3099.92
326000 1039.35 991.958 1082.87 3114.18
328000 1042.65 1008.03 1088.94 3139.61
330000 1047.93 1008.85 1090.5 3147.28
332000 1055.24 1017.38 1099.38 3172.01
334000 1064.88 1021.68 1104.14 3190.7
336000 1068.38 1023.9 1106.34 3198.61
338000 1077.77 1028.99 1109.35 3216.1
340000 1086.01 1037.56 1117.83 3241.4
342000 1091.91 1041.69 1121.61 3255.21
344000 1092.19 1053.22 1132.44 3277.85
346000 1104.42 1057.16 1138.54 3300.12
348000 1113.67 1070.24 1149.75 3333.66
350000 1117.48 1077.15 1158.73 3353.36
352000 1125.35 1079.57 1167.99 3372.91
354000 1131.46 1083.25 1174.55 3389.25
356000 1144.56 1084.73 1182.43 3411.72
358000 1151.79 1084.09 1187.85 3423.72
360000 1157.52 1095.02 1191.27 3443.8
362000 1168.43 1102.24 1204.06 3474.73
364000 1180.72 1106.49 1213.48 3500.69
366000 1184.9 1120.31 1224.19 3529.39
368000 1190.54 1128.62 1229.95 3549.11
370000 1195.65 1140.46 1240.71 3576.82
372000 1201.22 1149.61 1244.83 3595.66
374000 1204.31 1158.53 1245 3607.84
376000 1208.31 1161.57 1245.97 3615.85
378000 1215.42 1172.38 1253.59 3641.38
380000 1220.36 1183.18 1261.23 3664.77
382000 1223.37 1187.11 1261.7 3672.18
384000 1226.14 1193.54 1268.08 3687.76
386000 1230.7 1196.35 1268.14 3695.18
388000 1235.12 1199.88 1272.58 3707.59
390000 1239.84 1200.07 1279.45 3719.37
392000 1241.1 1203.39 1286.39 3730.88
394000 1256.12 1210.96 1290.53 3757.61
396000 1257.5 1219.38 1298.77 3775.65
398000 1262.56 1227.94 1306.54 3797.04
400000 1271.59 1236.1 1321.43 3829.12
402000 1279.76 1238.18 1333.99 3851.94
404000 1283.83 1249.33 1347.16 3880.31
406000 1290.54 1256.27 1357.62 3904.43
408000 1298.89 1264.78 1364.11 3927.78
410000 1302.51 1273.01 1373.85 3949.37
412000 1303.1 1280.46 1378.36 3961.92
414000 1311.65 1284.39 1380.49 3976.53
416000 1319.35 1295.3 1393.56 4008.21
418000 1319.94 1298.16 1397.45 4015.55
420000 1326.98 1304.55 1397.76 4029.29
422000 1335.27 1310.07 1403.94 4049.28
424000 1338.62 1304.63 1416.33 4059.58
426000 1353.04 1311.57 1426.66 4091.28
428000 1363.65 1318.34 1424.32 4106.31
430000 1374.28 1317.14 1430.62 4122.05
432000 1379.04 1315.88 1436.41 4131.33
434000 1387.04 1321.18 1440.17 4148.39
436000 1393.09 1331.07 1451.61 4175.77
438000 1406.74 1338.87 1466.3 4211.92
440000 1418.05 1337.84 1471.93 4227.82
442000 1426.79 1347.63 1476.59 4251.01
444000 1434.61 1356.92 1485.3 4276.83
446000 1439.44 1365.69 1490.69 4295.82
448000 1454.94 1366.06 1493.3 4314.29
450000 1462.55 1368.3 1498.72 4329.57
452000 1467.14 1369.84 1507.19 4344.16
454000 1475 1375.91 1514.42 4365.33
456000 1485.82 1380.34 1520.31 4386.48
458000 1484.48 1391.98 1526.44 4402.89
460000 1488.91 1402.9 1537.14 4428.95
462000 1498.77 1406.38 1549.45 4454.61
464000 1498.4 1413.52 1554.91 4466.83
466000 1506.52 1415.76 1569.1 4491.38
468000 1506.3 1423.91 1576.4 4506.61
470000 1512.87 1432.54 1576.91 4522.33
472000 1519.14 1449.04 1583.06 4551.24
474000 1519.46 1451.27 1592 4562.73
476000 1522.22 1457.01 1603.91 4583.15
478000 1524.65 1466.55 1592.62 4583.82
480000 1534.63 1483.56 1599.5 4617.7
482000 1541.73 1486.78 1601.47 4629.99
484000 1551.56 1497.88 1614.94 4664.38
486000 1555.14 1501.8 1620.59 4677.52
488000 1564.96 1499.01 1617.91 4681.88
490000 1572.04 1513.97 1627.36 4713.37
492000 1574.29 1516.75 1642.34 4733.38
494000 1576.64 1527.92 1654.89 4759.45
496000 1588.22 1533.93 1658.24 4780.39
498000 1585.14 1544.72 1675.55 4805.4
500000 1590.75 1549.51 1684.37 4824.63
502000 1598.67 1563.28 1689.46 4851.41
504000 1605.76 1566.89 1697.28 4869.93
506000 1611.26 1572.47 1702.99 4886.72
508000 1620.38 1579.61 1718.89 4918.88
510000 1615.91 1584.27 1726.2 4926.38
512000 1619.63 1586.06 1734.69 4940.38
514000 1625.28 1599.3 1739.47 4964.05
516000 1634.2 1605.16 1743.1 4982.46
518000 1641.44 1615.09 1743.01 4999.54
520000 1648.34 1620.35 1752.03 5020.72
522000 1657.26 1636.99 1763.25 5057.49
524000 1669.57 1642.52 1764.04 5076.12
526000 1682.32 1641.31 1768.44 5092.07
528000 1682.65 1640.46 1773.06 5096.16
530000 1687.94 1644.04 1775.13 5107.1
532000 1696.66 1646.08 1780.14 5122.88
534000 1709.1 1647.16 1793.56 5149.83
536000 1715.23 1652.08 1798.59 5165.89
538000 1714.33 1666.18 1799.22 5179.73
540000 1725.83 1666.5 1794.59 5186.92
542000 1731.96 1672.37 1795.71 5200.04
544000 1730.35 1680.65 1799.98 5210.98
546000 1756.19 1690.72 1802.68 5249.59
548000 1761.28 1698.77 1801.42 5261.47
550000 1761.67 1699.47 1815.23 5276.37
552000 1762.97 1704.47 1827.49 5294.93
554000 1780.44 1713.71 1835.56 5329.71
556000 1790.58 1714.82 1843.43 5348.83
558000 1800.56 1719.02 1847.61 5367.19
560000 1805.33 1739.62 1851.78 5396.73
562000 1809.58 1753.57 1851.71 5414.87
564000 1821.68 1756.14 1860.27 5438.08
566000 1832.8 1755.12 1867.39 5455.31
568000 1836.99 1754.5 1870.49 5461.99
570000 1847.96 1768.18 1881.27 5497.41
572000 1857.28 1774.7 1889.31 5521.29
574000 1863.76 1773.51 1889.99 5527.26
576000 1868.29 1797.15 1888.08 5553.52
578000 1870.77 1801.04 1893.16 5564.97
580000 1881.13 1805.24 1897.38 5583.74
582000 1890.02 1809.57 1910.09 5609.68
584000 1899.84 1810.32 1930.04 5640.21
586000 1905.82 1821.09 1932.04 5658.95
588000 1918.58 1824.97 1937.92 5681.47
590000 1928.16 1832.62 1944.26 5705.04
592000 1936.21 1833.35 1948.65 5718.21
594000 1941.43 1837.45 1944.05 5722.93
596000 1941.34 1846.35 1954.82 5742.51
598000 1953.97 1862.22 1966.09 5782.28
600000 1961.41 1865.71 1971.59 5798.71
602000 1961.16 1870.27 1981.26 5812.69
604000 1972.05 1866.78 1985.4 5824.23
606000 1976.48 1870.5 1988.24 5835.21
608000 1974.2 1879.17 1990.03 5843.4
610000 1974.06 1878.27 1996.08 5848.41
612000 1973.11 1883.27 2002.45 5858.83
614000 1978.34 1887.24 2008.71 5874.29
616000 1990.34 1882.36 2013.85 5886.56
618000 1996.17 1890.95 2024.35 5911.47
620000 1995.57 1896.16 2028.89 5920.62
622000 1998.38 1893.99 2028.71 5921.08
624000 2008.16 1902.12 2034.01 5944.29
626000 2008.98 1906.5 2045.14 5960.61
628000 2007.78 1908.62 2053.47 5969.87
630000 2022.05 1914.55 2065.46 6002.06
632000 2026.33 1926.53 2075.53 6028.39
634000 2034.68 1931.38 2083.1 6049.16
636000 2034.28 1943.08 2088.93 6066.29
638000 2039.27 1949.95 2097.92 6087.14
640000 2050.57 1949.77 2107.24 6107.58
642000 2065.04 1966.92 2113.47 6145.43
644000 2067.94 1974.21 2118.35 6160.5
646000 2071.3 1989.64 2131.17 6192.11
648000 2076.63 1996.53 2138.1 6211.26
650000 2084.28 1996.04 2146.29 6226.61
652000 2086.95 2000.23 2153.81 6240.99
654000 2100.37 2009.08 2163.92 6273.37
656000 2101.53 2017.99 2170.3 6289.83
658000 2106.88 2030.51 2180 6317.38
660000 2117.94 2034.34 2185.49 6337.77
662000 2125.96 2042.98 2203.89 6372.82
664000 2142.14 2057.37 2205.3 6404.8
666000 2152.31 2073.83 2214.68 6440.82
668000 2160.54 2080.61 2220.81 6461.96
670000 2158.06 2077.96 2228.45 6464.47
672000 2165.75 2082.08 2235.03 6482.85
674000 2176.94 2084.62 2245.37 6506.93
676000 2185.16 2087.46 2247.4 6520.01
678000 2195.39 2099.26 2254.37 6549.02
680000 2211.32 2107.09 2260.35 6578.76
682000 2223.92 2113.86 2269.24 6607.02
684000 2232.88 2123.97 2275.19 6632.05
686000 2238.02 2132.56 2280.82 6651.4
688000 2236.59 2138.89 2287.99 6663.48
690000 2249.03 2142.82 2291.88 6683.73
692000 2253.54 2147.6 2303.8 6704.94
694000 2258.95 2151.31 2311.48 6721.74
696000 2263.67 2159.33 2316.56 6739.57
698000 2275.63 2176.95 2316.96 6769.55
700000 2285.1 2181.57 2323.41 6790.08
702000 2296.61 2186.59 2326.75 6809.95
704000 2302.04 2188.68 2332.56 6823.29
706000 2308.82 2196.89 2326.8 6832.51
708000 2310.63 2216.28 2325.31 6852.22
710000 2322.57 2224.79 2318.18 6865.54
712000 2333.35 2231.2 2326.6 6891.14
714000 2339.82 2229.6 2326.38 6895.8
716000 2341.08 2233.47 2322.53 6897.09
718000 2354.04 2233.13 2321.05 6908.22
720000 2363.46 2239.23 2322.75 6925.44
722000 2367.56 2244.15 2333.09 6944.79
724000 2372.08 2238.37 2333.5 6943.96
726000 2374.6 2257.44 2340.07 6972.11
728000 2389.82 2271.99 2340.4 7002.21
730000 2400.99 2282.24 2355.15 7038.38
732000 2418.78 2292.53 2362.87 7074.18
734000 2425.1 2301.31 2360.64 7087.05
736000 2426.65 2308.99 2361.71 7097.35
738000 2443.14 2314.73 2378.91 7136.78
740000 2446.55 2322.9 2389.33 7158.78
742000 2453.41 2325.7 2394.43 7173.53
744000 2470.48 2338.86 2405.78 7215.12
746000 2477.2 2349.83 2414.27 7241.29
748000 2476.77 2360.39 2431.37 7268.53
750000 2482.93 2369.47 2425.6 7278
752000 2483.42 2379.39 2425.13 7287.94
754000 2498.33 2373.13 2437.11 7308.57
756000 2517.11 2380.77 2447.71 7345.6
758000 2526.15 2392.82 2453.35 7372.31
760000 2526.86 2403.78 2463.92 7394.56
762000 2534.47 2414.36 2478.9 7427.74
764000 2539.6 2428.57 2485.59 7453.75
766000 2539.59 2453.21 2487.93 7480.72
768000 2550.57 2465.62 2483.68 7499.87
770000 2559.69 2466.1 2490.77 7516.56
772000 2561.56 2473.77 2492.72 7528.04
774000 2565.34 2484.17 2499.7 7549.21
776000 2560.32 2485.68 2500.02 7546.03
778000 2565.43 2494.88 2498.49 7558.8
780000 2568.05 2489.42 2493.78 7551.25
782000 2575.52 2490.08 2511.9 7577.5
784000 2586.43 2499.35 2523.67 7609.45
786000 2588.86 2513.23 2529.25 7631.33
788000 2577.88 2533.02 2540.76 7651.65
790000 2592.39 2548.29 2552.52 7693.21
792000 2597.74 2547.62 2556.73 7702.09
794000 2594.16 2549.59 2552.54 7696.29
796000 2592.08 2558.39 2550.42 7700.88
798000 2607.7 2569 2556.3 7733.01
800000 2608.63 2580.33 2554.01 7742.97
802000 2606.33 2585.03 2544.99 7736.35
804000 2609.86 2581.76 2558.88 7750.5
806000 2616.9 2575.4 2562.04 7754.33
808000 2621.73 2573.59 2565.36 7760.69
810000 2629.58 2589.8 2575.68 7795.06
812000 2634.9 2599.93 2575.4 7810.22
814000 2639.03 2607.47 2577.83 7824.33
816000 2639.51 2618.59 2575.61 7833.71
818000 2657.96 2625.71 2578.9 7862.57
820000 2668.9 2641.18 2588.31 7898.39
822000 2682.81 2645.08 2599.19 7927.08
824000 2681.74 2648.17 2595.34 7925.25
826000 2688.83 2651.18 2607.05 7947.06
828000 2697.63 2641.37 2608.03 7947.04
830000 2707.55 2655.47 2618.87 7981.88
832000 2706.4 2670.62 2632.26 8009.29
834000 2714.63 2684.16 2638.61 8037.4
836000 2717.35 2689.14 2641.31 8047.8
838000 2720.49 2699.66 2649.32 8069.47
840000 2727.33 2703.01 2641.33 8071.67
842000 2720.4 2704.09 2654.86 8079.34
844000 2728.43 2699.37 2658.32 8086.11
846000 2728.56 2701.47 2663.88 8093.9
848000 2729.32 2708.54 2664.1 8101.97
850000 2742.05 2711.3 2674.18 8127.53
852000 2744.94 2724.7 2687.53 8157.17
854000 2750.17 2733.93 2691.79 8175.88
856000 2751.84 2744.5 2703.57 8199.91
858000 2766.89 2757.59 2712.15 8236.62
860000 2768.42 2763.86 2721.83 8254.11
862000 2774.64 2764.58 2734.41 8273.63
864000 2778.75 2774.07 2745.95 8298.77
866000 2783.44 2770.12 2739.07 8292.63
868000 2788.05 2772.92 2744.36 8305.33
870000 2790.12 2779.69 2760.18 8330
872000 2793.46 2794.99 2765.55 8354
874000 2805.71 2803.48 2765.7 8374.88
876000 2803.56 2814.13 2781.43 8399.11
878000 2808.81 2814.02 2783.12 8405.95
880000 2818.21 2825.45 2782.32 8425.98
882000 2839.89 2843.59 2800.67 8484.15
884000 2847.04 2852.09 2804.48 8503.61
886000 2858.67 2855.89 2804.97 8519.53
888000 2871.2 2856.46 2807.56 8535.21
890000 2879.87 2855.58 2820.21 8555.66
892000 2891.85 2849.47 2838.45 8579.77
894000 2893.59 2857.09 2853.18 8603.86
896000 2900.82 2860.36 2868.95 8630.12
898000 2895.69 2872.48 2876.56 8644.73
900000 2896.91 2886.47 2875.84 8659.23
902000 2905.23 2884.35 2875.4 8664.98
904000 2907.71 2871.1 2879.34 8658.15
906000 2916.28 2867.12 2894.97 8678.36
908000 2927.43 2868.01 2904.04 8699.48
910000 2943.43 2865.23 2923.1 8731.75
912000 2949.26 2862.83 2916.18 8728.26
914000 2954.36 2877.78 2925.04 8757.18
916000 2974.69 2884.47 2941.54 8800.71
918000 2983.4 2880.81 2944.04 8808.24
920000 2989.44 2883.55 2941.86 8814.84
922000 3010.59 2896.43 2947.12 8854.15
924000 3019.15 2906.23 2952.93 8878.3
926000 3020.15 2909.74 2957.15 8887.04
928000 3031.43 2921.78 2965.69 8918.9
930000 3042.02 2927.77 2961.09 8930.87
932000 3059.56 2934.66 2967.81 8962.03
934000 3060.52 2939.98 2970.64 8971.13
936000 3063.74 2942.42 2980.5 8986.66
938000 3073.67 2954.5 2984.21 9012.38
940000 3084.5 2957.1 2989.54 9031.14
942000 3092.32 2964.52 3000.47 9057.31
944000 3096.84 2976.03 3004.81 9077.69
946000 3099.13 2982.82 3016.54 9098.49
948000 3113.76 2995.67 3022.02 9131.45
950000 3117.73 3007.84 3027.91 9153.48
952000 3125.89 3012.83 3028.32 9167.04
954000 3141.49 3011.02 3032.95 9185.47
956000 3149.19 3011.3 3044.58 9205.07
958000 3147.7 3015.54 3053.75 9216.99
960000 3152.05 3017.27 3054.83 9224.16
962000 3147.1 3027.27 3060.29 9234.66
964000 3161.71 3017.64 3067.29 9246.64
966000 3161.68 3020.77 3076.2 9258.66
968000 3169.85 3025.77 3086.49 9282.11
970000 3174.01 3025.28 3088.61 9287.9
972000 3179.7 3041.49 3097.24 9318.43
974000 3188.47 3045.34 3104.42 9338.23
976000 3195.93 3049.98 3098.85 9344.76
978000 3206.85 3059.64 3116.6 9383.1
980000 3200.71 3069.63 3131.25 9401.58
982000 3210.54 3067.22 3136.16 9413.92
984000 3211.42 3081.38 3140.15 9432.95
986000 3218.66 3087.08 3138.59 9444.33
988000 3222.21 3094.22 3139.51 9455.95
990000 3220.32 3110.41 3132.86 9463.6
992000 3224.84 3115.05 3123.04 9462.93
994000 3232.95 3119.74 3141.78 9494.48
996000 3255.12 3131.97 3140.5 9527.59
998000 3256.96 3131.52 3137.07 9525.55
1000000 3264.8 3146.78 3143.4 9554.97
1002000 3266.55 3146.29 3153.27 9566.12
1004000 3282.21 3157.58 3165.18 9604.97
1006000 3280.29 3162.69 3172.55 9615.53
1008000 3287.37 3167.47 3183.76 9638.61
1010000 3288.94 3174.42 3173.82 9637.18
1012000 3303.03 3183.85 3182.59 9669.47
1014000 3305.15 3196.57 3197.26 9698.97
1016000 3312.97 3213.59 3208.13 9734.69
1018000 3313.04 3214.61 3214.98 9742.64
1020000 3315.63 3209.83 3218.45 9743.91
1022000 3317.18 3216.63 3229.36 9763.17
1024000 3322.24 3226.01 3232.53 9780.78
1026000 3322.45 3236.35 3231.29 9790.09
1028000 3332.96 3236.69 3231.72 9801.36
1030000 3336.94 3243.38 3230.06 9810.39
1032000 3323.82 3247.15 3234.85 9805.82
1034000 3323.61 3259.77 3237.82 9821.2
1036000 3323.54 3275.75 3237.46 9836.75
1038000 3321.69 3290.53 3249.6 9861.81
1040000 3330.37 3292.57 3265.68 9888.63
1042000 3332.27 3298.34 3264.65 9895.26
1044000 3333.59 3297.31 3266.65 9897.55
1046000 3332.25 3306.81 3277.07 9916.13
1048000 3336.31 3308.09 3289.51 9933.91
1050000 3352.53 3314.35 3292.55 9959.44
1052000 3359.6 3327.61 3301.86 9989.07
1054000 3360.23 3339.32 3306.41 10006
1056000 3369.6 3348.99 3302.73 10021.3
1058000 3386.76 3346.97 3324.69 10058.4
1060000 3409.37 3355.72 3320.45 10085.5
1062000 3400.95 3361.1 3331.76 10093.8
1064000 3411.82 3362.73 3332.34 10106.9
1066000 3402.72 3359.27 3327.57 10089.6
1068000 3398.99 3378.32 3328.02 10105.3
1070000 3407.42 3386.38 3339.11 10132.9
1072000 3414.17 3393.23 3336.18 10143.6
1074000 3423.67 3399.71 3347.17 10170.6
1076000 3433.02 3412.68 3359.48 10205.2
1078000 3427.92 3416.13 3369 10213
1080000 3427.53 3422.75 3388.41 10238.7
1082000 3435.06 3426.54 3388.12 10249.7
1084000 3442.85 3443.41 3388.89 10275.1
1086000 3440.14 3462.55 3393.2 10295.9
1088000 3456.51 3471.74 3401.73 10330
1090000 3462.46 3482.52 3385.77 10330.7
1092000 3447.82 3492.57 3387.06 10327.4
1094000 3445.6 3507.77 3406.03 10359.4
1096000 3459.85 3516.13 3414.99 10391
1098000 3470.02 3524.03 3426.24 10420.3
1100000 3475.32 3534.51 3435.61 10445.4
1102000 3471.46 3540.43 3434.09 10446
1104000 3473.6 3553.12 3438.23 10465
1106000 3489.95 3559.33 3452.09 10501.4
1108000 3494.89 3554.72 3462.15 10511.8
1110000 3500.63 3543.91 3467.97 10512.5
1112000 3521.4 3556.51 3482.05 10560
1114000 3533.13 3553.18 3483 10569.3
1116000 3538.9 3557.99 3489.1 10586
1118000 3553.03 3565.13 3485.55 10603.7
1120000 3541.29 3569.55 3488.1 10598.9
1122000 3552.53 3572.29 3499.49 10624.3
1124000 3567.18 3582.1 3501.79 10651.1
1126000 3566.8 3594.59 3511.97 10673.4
1128000 3565.94 3591.02 3523.79 10680.8
1130000 3575.96 3584.96 3535.21 10696.1
1132000 3581.32 3579.21 3551.48 10712
1134000 3577.02 3577.26 3551.8 10706.1
1136000 3585.82 3591.39 3557.71 10734.9
1138000 3569.81 3600.2 3568.47 10738.5
1140000 3575.2 3608 3583.52 10766.7
1142000 3586.58 3616.81 3600.54 10803.9
1144000 3584.23 3635.49 3608.51 10828.2
1146000 3584.44 3646.14 3618.45 10849
1148000 3598.84 3644.48 3624.89 10868.2
1150000 3602.53 3645.34 3624.95 10872.8
1152000 3600.81 3644.28 3640.38 10885.5
1154000 3618.16 3644.08 3647.91 10910.2
1156000 3608.4 3655.07 3661.77 10925.2
1158000 3618.39 3665.09 3673.45 10956.9
1160000 3623.83 3670.07 3681.83 10975.7
1162000 3644.03 3687.64 3696.57 11028.2
1164000 3651.37 3687.26 3687.62 11026.3
1166000 3664.26 3694.73 3687.45 11046.4
1168000 3670.38 3709.62 3706.12 11086.1
1170000 3681.79 3713.41 3707.38 11102.6
1172000 3691.42 3712.04 3717.85 11121.3
1174000 3705.42 3716.56 3719.21 11141.2
1176000 3692.51 3716.57 3724.86 11133.9
1178000 3700.86 3713.84 3728.17 11142.9
1180000 3706.33 3709.64 3727.67 11143.6
1182000 3720.74 3725.34 3728.48 11174.6
1184000 3732.7 3736.65 3732.25 11201.6
1186000 3740.45 3747.9 3736.49 11224.8
1188000 3744.22 3763.23 3744.99 11252.4
1190000 3742.28 3774.91 3755.59 11272.8
1192000 3749.22 3792.67 3748.75 11290.6
1194000 3757.06 3796.07 3756.88 11310
1196000 3755.63 3798.34 3770.06 11324
1198000 3772.4 3807.47 3780.82 11360.7
1200000 3769.62 3810.57 3793.34 11373.5
1202000 3772.84 3813.13 3793.2 11379.2
1204000 3778.79 3821.1 3794.08 11394
1206000 3776.28 3826.95 3805.12 11408.4
1208000 3781.42 3839.49 3802 11422.9
1210000 3790.98 3831.76 3807.87 11430.6
1212000 3781.6 3833.02 3810.67 11425.3
1214000 3771.68 3838.9 3809.02 11419.6
1216000 3772.96 3844.22 3824.65 11441.8
1218000 3782.69 3849.13 3827.36 11459.2
1220000 3794.05 3863.87 3823.92 11481.8
1222000 3805.96 3870.84 3833.35 11510.1
1224000 3818.52 3885.75 3852.33 11556.6
1226000 3820.4 3896.12 3856.84 11573.4
1228000 3830.54 3905.81 3861.53 11597.9
1230000 3826.12 3920.6 3863.78 11610.5
1232000 3835.91 3923.54 3884.93 11644.4
1234000 3839.33 3931.59 3897.18 11668.1
1236000 3845.93 3936.35 3897.54 11679.8
1238000 3856.14 3922.14 3905.72 11684
1240000 3867.39 3927.6 3910.39 11705.4
1242000 3882.55 3930.25 3911.72 11724.5
1244000 3882.02 3938.26 3924.43 11744.7
1246000 3890.49 3957.63 3931.03 11779.2
1248000 3895.42 3958.27 3929.54 11783.2
1250000 3899.94 3956.94 3930.87 11787.8
1252000 3923.03 3956.95 3933.88 11813.9
1254000 3938.26 3951.07 3933.99 11823.3
1256000 3939.17 3965.11 3942.27 11846.5
1258000 3934.95 3977.41 3951.48 11863.8
1260000 3933.87 3985.69 3953.88 11873.4
1262000 3934.5 3989.52 3944.47 11868.5
1264000 3943.82 3999.59 3959.63 11903
1266000 3945.54 4004.1 3975.32 11925
1268000 3960.67 4002.27 3980.97 11943.9
1270000 3972.23 4009.82 3977.52 11959.6
1272000 3982.23 4022.48 3986.93 11991.6
1274000 3990.47 4021.81 3988.11 12000.4
1276000 3996.03 4028.79 3999.75 12024.6
1278000 4012.54 4029.18 4009.89 12051.6
1280000 4025.21 4031.19 4019.27 12075.7
1282000 4031.72 4044.73 4012.11 12088.6
1284000 4047.75 4052.89 4017.79 12118.4
1286000 4044.86 4059.08 4025.27 12129.2
1288000 4052.38 4068.17 4025.34 12145.9
1290000 4054.06 4070.54 4035.13 12159.7
1292000 4060.24 4071.17 4036.75 12168.2
1294000 4066.1 4091.87 4043.81 12201.8
1296000 4079.45 4102.92 4056.47 12238.8
1298000 4073.72 4106.8 4061.91 12242.4
1300000 4082.59 4122.45 4059.24 12264.3
1302000 4095.6 4135.53 4061.8 12292.9
1304000 4101.73 4139.37 4063.65 12304.8
1306000 4103.58 4147.3 4063.12 12314
1308000 4105.52 4152.04 4066.14 12323.7
1310000 4120.25 4148.12 4068.94 12337.3
1312000 4134.03 4149.03 4060.73 12343.8
1314000 4146.26 4165.51 4057.24 12369
1316000 4146.17 4173.8 4071.22 12391.2
1318000 4163.78 4181.55 4070.37 12415.7
1320000 4182.33 4181.35 4092.74 12456.4
1322000 4174.4 4173.46 4092.01 12439.9
1324000 4156.31 4185.37 4105.44 12447.1
1326000 4166.07 4203.4 4109.9 12479.4
1328000 4173.18 4212.29 4124.88 12510.3
1330000 4181.62 4212.68 4132.01 12526.3
1332000 4193.35 4226.12 4132.02 12551.5
1334000 4211.6 4238.96 4130.25 12580.8
1336000 4209.75 4252.37 4140.89 12603
1338000 4223.38 4249.03 4132.82 12605.2
1340000 4223.05 4271.98 4134.97 12630
1342000 4221.79 4284.9 4134.77 12641.5
1344000 4237.06 4291.16 4136.33 12664.6
1346000 4234.46 4300.64 4155.43 12690.5
1348000 4242.97 4300.54 4175.77 12719.3
1350000 4236.65 4299.47 4187.9 12724
1352000 4248.37 4303.17 4200.34 12751.9
1354000 4249.64 4296.07 4219.7 12765.4
1356000 4257.7 4297.04 4217.86 12772.6
1358000 4259.22 4296.46 4212.32 12768
1360000 4265.05 4304.56 4224.63 12794.2
1362000 4265.38 4325.12 4238.44 12828.9
1364000 4274.76 4323.76 4247.16 12845.7
1366000 4284.64 4329.93 4262.72 12877.3
1368000 4296.76 4352.61 4274.71 12924.1
1370000 4307.1 4365.02 4284.05 12956.2
1372000 4324.01 4395.01 4282.67 13001.7
1374000 4332.1 4401.57 4286.78 13020.4
1376000 4336.99 4403.36 4298.84 13039.2
1378000 4361.91 4386.39 4309.97 13058.3
1380000 4360.88 4397.28 4303.2 13061.4
1382000 4382.87 4405.61 4289.72 13078.2
1384000 4387.32 4404.45 4291.79 13083.6
1386000 4396.98 4415.93 4308.52 13121.4
1388000 4413.1 4424.33 4303.57 13141
1390000 4430.57 4431.46 4305.46 13167.5
1392000 4443.97 4437.71 4318.97 13200.7
1394000 4434.65 4435.36 4315.65 13185.7
1396000 4433.52 4457.89 4308.68 13200.1
1398000 4445.43 4467.73 4329.06 13242.2
1400000 4460.74 4476.81 4341.14 13278.7
1402000 4459.03 4486.31 4344.09 13289.4
1404000 4454.29 4488.56 4359.39 13302.2
1406000 4461.53 4498.81 4371.16 13331.5
1408000 4475.68 4502.53 4379.32 13357.5
1410000 4482.47 4505.92 4376.28 13364.7
1412000 4494.02 4501.68 4392.59 13388.3
1414000 4492.37 4502.25 4397.94 13392.6
1416000 4504.93 4506.08 4406.67 13417.7
1418000 4515.02 4492.38 4418.85 13426.2
1420000 4528.84 4489.63 4421.61 13440.1
1422000 4531.9 4483.49 4426.34 13441.7
1424000 4545.74 4485.84 4420.83 13452.4
1426000 4553.3 4479.6 4430.24 13463.1
1428000 4545.96 4476.05 4420.99 13443
1430000 4557.1 4479.62 4428.42 13465.1
1432000 4574.94 4475.62 4440.7 13491.3
1434000 4578.64 4492.26 4455.5 13526.4
1436000 4584.8 4499.6 4446.9 13531.3
1438000 4584.86 4505.41 4461.89 13552.2
1440000 4595.74 4522.36 4475.67 13593.8
1442000 4602.85 4521.46 4486.11 13610.4
1444000 4614.94 4518.24 4492.6 13625.8
1446000 4625.87 4518.47 4498.11 13642.4
1448000 4631.74 4514.75 4500.44 13646.9
1450000 4645.63 4527.54 4502.12 13675.3
1452000 4652.05 4532.49 4503.16 13687.7
1454000 4656.08 4539.04 4499.63 13694.7
1456000 4661.27 4547.48 4522.33 13731.1
1458000 4667.7 4550.03 4530.09 13747.8
1460000 4695.47 4561.61 4523.93 13781
1462000 4695.04 4557.43 4534.12 13786.6
1464000 4706.23 4561.91 4537.72 13805.9
1466000 4717.36 4569.53 4550.37 13837.3
1468000 4713.65 4556.64 4563.98 13834.3
1470000 4731.46 4573.83 4565.46 13870.7
1472000 4737.98 4576.77 4573.08 13887.8
1474000 4749.19 4599.3 4564.94 13913.4
1476000 4757.87 4606.6 4575.28 13939.7
1478000 4764.88 4616.13 4590.73 13971.7
1480000 4778 4625.68 4595.02 13998.7
1482000 4791.33 4631.74 4589.9 14013
1484000 4810.98 4633.33 4612.35 14056.7
1486000 4826.56 4636.81 4602.33 14065.7
1488000 4837.55 4649.35 4615.41 14102.3
1490000 4843.02 4653.56 4615.62 14112.2
1492000 4852.27 4651.2 4616.59 14120.1
1494000 4852.99 4656.48 4622.07 14131.5
1496000 4863.95 4655.65 4627.65 14147.3
1498000 4868.75 4655.44 4650.53 14174.7
1500000 4880.08 4654.85 4654.07 14189
1502000 4889.87 4667.93 4658.5 14216.3
1504000 4889.9 4690.01 4671.02 14250.9
1506000 4887.67 4696.14 4670.86 14254.7
1508000 4909.37 4705.62 4688.2 14303.2
1510000 4913.68 4709.22 4695.75 14318.6
1512000 4919.88 4723.62 4685.69 14329.2
1514000 4906.21 4722.44 4694.71 14323.4
1516000 4930.83 4721 4699.76 14351.6
1518000 4937.11 4710.88 4684.88 14332.9
1520000 4931.87 4712.54 4689.72 14334.1
1522000 4928.51 4706.82 4693.34 14328.7
1524000 4927.84 4707.64 4693.19 14328.7
1526000 4943.47 4719.83 4697.56 14360.9
1528000 4950.94 4739.07 4713.19 14403.2
1530000 4943.53 4741.47 4718.47 14403.5
1532000 4945.63 4749.27 4729.2 14424.1
1534000 4952.28 4741.91 4736.86 14431
1536000 4957.42 4744.93 4747.75 14450.1
1538000 4955.76 4752.67 4753.98 14462.4
1540000 4960.17 4767.53 4770.56 14498.3
1542000 4946.71 4784.23 4774.92 14505.9
1544000 4956.41 4797.97 4768.91 14523.3
1546000 4953.44 4811.4 4785.26 14550.1
1548000 4953.59 4819.01 4783.51 14556.1
1550000 4958.8 4810.71 4783.66 14553.2
1552000 4962.46 4822.06 4770.48 14555
1554000 4972.83 4823.76 4777.86 14574.4
1556000 4983.63 4827.88 4786.9 14598.4
1558000 4984.25 4839.68 4795.88 14619.8
1560000 4981.95 4835.31 4802.31 14619.6
1562000 4988.18 4829.74 4801.18 14619.1
1564000 5002.27 4839.04 4805.25 14646.6
1566000 5013.24 4851.21 4819.13 14683.6
1568000 5009.04 4857.73 4829.41 14696.2
1570000 5011.82 4854.81 4831.75 14698.4
1572000 5015.93 4874.12 4848.49 14738.5
1574000 5016.64 4878.5 4875.2 14770.3
1576000 5023.35 4897.35 4875.38 14796.1
1578000 5026.65 4889.4 4892.21 14808.3
1580000 5019.3 4906.51 4903.79 14829.6
1582000 5036.1 4920.49 4916.33 14872.9
1584000 5047.57 4926.26 4923.75 14897.6
1586000 5046.43 4944.97 4929.52 14920.9
1588000 5060.64 4955.51 4942.59 14958.7
1590000 5069.68 4970.95 4948.91 14989.5
1592000 5088.86 4970.16 4952.65 15011.7
1594000 5086.6 4980.2 4955.91 15022.7
1596000 5093.51 4989.76 4962.1 15045.4
1598000 5112.94 5000.37 4962.11 15075.4
1600000 5113.91 5016.87 4965.5 15096.3
1602000 5132.93 5004.5 4966.57 15104
1604000 5158.75 5004.07 4966.42 15129.2
1606000 5157.31 5008.24 4960.95 15126.5
1608000 5162.59 5017.01 4957.07 15136.7
1610000 5173.29 5022.03 4959.29 15154.6
1612000 5172.19 5034.38 4970.6 15177.2
1614000 5189.3 5049.55 4980.61 15219.5
1616000 5190.17 5043.84 4978.44 15212.5
1618000 5199.23 5041.75 4979.84 15220.8
1620000 5205.89 5046.91 4989.35 15242.1
1622000 5195.77 5072.59 4986.04 15254.4
1624000 5204.87 5088.98 4979.28 15273.1
1626000 5221.34 5085.01 4977.28 15283.6
1628000 5225.67 5087.62 4977.07 15290.4
1630000 5242.83 5095.24 4998.14 15336.2
1632000 5249.9 5091.24 5002.1 15343.3
1634000 5242.61 5087.88 5012.57 15343.1
1636000 5245.87 5097.82 5030.65 15374.3
1638000 5251.29 5097.51 5035.09 15383.9
1640000 5260.97 5098.13 5040.93 15400
1642000 5254.92 5104.03 5036.62 15395.6
1644000 5268.42 5105.79 5044.51 15418.7
1646000 5273.33 5122.08 5046.46 15441.9
1648000 5289.19 5128.18 5049.13 15466.5
1650000 5299.74 5135.81 5048.52 15484.1
1652000 5328 5136.03 5067.88 15531.9
1654000 5326.82 5146.93 5078.05 15551.8
1656000 5342.98 5157.7 5081.27 15581.9
1658000 5332.75 5147.21 5091.87 15571.8
1660000 5348.14 5160.96 5093.21 15602.3
1662000 5375.79 5179.92 5110.49 15666.2
1664000 5379.2 5187.85 5103.78 15670.8
1666000 5378.72 5179.32 5108.87 15666.9
1668000 5397.7 5183.22 5119.32 15700.2
1670000 5410.7 5177.23 5127.48 15715.4
1672000 5416.05 5184.04 5139.54 15739.6
1674000 5439.13 5188.83 5132.04 15760
1676000 5441.31 5196.71 5129.48 15767.5
1678000 5452.53 5185.58 5142.18 15780.3
1680000 5471.21 5193.64 5152.16 15817
1682000 5480.48 5194.58 5157.74 15832.8
1684000 5491.57 5205.18 5182.21 15879
1686000 5483.48 5212.86 5200.52 15896.9
1688000 5487.08 5214.48 5210.52 15912.1
1690000 5488.98 5213.78 5216.97 15919.7
1692000 5498.72 5212.13 5219.44 15930.3
1694000 5499.54 5222.94 5232.04 15954.5
1696000 5490.31 5215.85 5236.09 15942.3
1698000 5500.87 5210.34 5248.13 15959.3
1700000 5515.95 5212.79 5232 15960.7
1702000 5530.24 5207.54 5237.95 15975.7
1704000 5542.22 5221.73 5250.33 16014.3
1706000 5550.1 5217.12 5254.7 16021.9
1708000 5554.52 5229.67 5258 16042.2
1710000 5553.41 5241.8 5263.14 16058.3
1712000 5575.87 5251.99 5266.62 16094.5
1714000 5573.73 5259.03 5269.97 16102.7
1716000 5573.77 5263.49 5268.59 16105.8
1718000 5577.27 5269.62 5270.42 16117.3
1720000 5585.31 5281.27 5266.03 16132.6
1722000 5595.99 5288.73 5273.62 16158.3
1724000 5615.19 5293.35 5290.03 16198.6
1726000 5630.45 5306.77 5308.41 16245.6
1728000 5629.15 5316.4 5304.45 16250
1730000 5622.01 5307.42 5306.53 16236
1732000 5629.35 5321.16 5305.73 16256.2
1734000 5636.43 5334.41 5300.5 16271.3
1736000 5654.2 5332.44 5302.23 16288.9
1738000 5652.34 5308.11 5308.81 16269.3
1740000 5672.7 5314.68 5310.79 16298.2
1742000 5678.49 5314.74 5317.34 16310.6
1744000 5679.1 5332.63 5312.03 16323.8
1746000 5684.34 5333.05 5318.45 16335.8
1748000 5671.21 5348.96 5329.93 16350.1
1750000 5671.26 5349.34 5333.55 16354.2
1752000 5679.33 5368.72 5350.79 16398.8
1754000 5676.42 5383.65 5356.74 16416.8
1756000 5667.34 5386.96 5365.59 16419.9
1758000 5671.79 5397.88 5366.16 16435.8
1760000 5671.3 5386.17 5358.85 16416.3
1762000 5678.91 5393.45 5364.49 16436.8
1764000 5690.85 5404.35 5372.45 16467.7
1766000 5688.82 5400.21 5357.85 16446.9
1768000 5702.07 5421.08 5386.66 16509.8
1770000 5708.39 5413.63 5396.36 16518.4
1772000 5724.15 5436.39 5400.47 16561
1774000 5738.4 5443.52 5387.28 16569.2
1776000 5733.03 5442.93 5385.22 16561.2
1778000 5729.48 5444.97 5397.09 16571.5
1780000 5733.51 5444.63 5395.15 16573.3
1782000 5740.72 5448.23 5397.04 16586
1784000 5744.93 5450.79 5409.79 16605.5
1786000 5745.03 5468.32 5411.35 16624.7
1788000 5755.2 5479.65 5434.53 16669.4
1790000 5757.29 5482.22 5451.89 16691.4
1792000 5764.88 5491.87 5463.8 16720.5
1794000 5787.28 5493.35 5458.13 16738.8
1796000 5774.05 5487.28 5465.51 16726.8
1798000 5774.35 5502.22 5468.37 16744.9
1800000 5792.71 5509.02 5477.16 16778.9
1802000 5806.4 5506.61 5488.11 16801.1
1804000 5824.92 5507.59 5489.38 16821.9
1806000 5820.94 5513.9 5488.76 16823.6
1808000 5836.29 5528.95 5503.08 16868.3
1810000 5837.24 5541.46 5512.26 16891
1812000 5835.33 5545.84 5516.99 16898.2
1814000 5855.5 5556.84 5527.26 16939.6
1816000 5856.3 5570.83 5521.5 16948.6
1818000 5854.47 5569.66 5520.75 16944.9
1820000 5870.85 5580.65 5507.42 16958.9
1822000 5872.42 5595.74 5529.86 16998
1824000 5878.41 5615.94 5535.24 17029.6
1826000 5887.89 5629.97 5540.76 17058.6
1828000 5891.12 5654.17 5558.76 17104.1
1830000 5900.39 5659.73 5584.09 17144.2
1832000 5898.07 5656.04 5581.71 17135.8
1834000 5930.29 5657.03 5597.99 17185.3
1836000 5927.83 5667.46 5592.08 17187.4
1838000 5931.94 5675.77 5588.73 17196.4
1840000 5946.47 5699.43 5583.11 17229
1842000 5951.81 5689.61 5578.89 17220.3
1844000 5954.18 5686.61 5576.94 17217.7
1846000 5952.27 5695.23 5570.37 17217.9
1848000 5955.75 5701.45 5569.63 17226.8
1850000 5967.83 5707.12 5584.32 17259.3
1852000 5971.8 5715.31 5590.02 17277.1
1854000 5967.31 5729.4 5579.95 17276.7
1856000 5970.85 5749.08 5579.69 17299.6
1858000 5966.56 5749.25 5574.56 17290.4
1860000 5974.35 5767.7 5599.52 17341.6
1862000 5964.02 5778.71 5605.93 17348.7
1864000 5968.46 5782.8 5613.26 17364.5
1866000 5985.52 5798.02 5619.72 17403.3
1868000 5988.7 5794.05 5634.62 17417.4
1870000 5983.57 5801.62 5616.57 17401.8
1872000 5986.92 5811.5 5611.86 17410.3
1874000 5998.72 5809.12 5635.32 17443.2
1876000 6010.94 5815.19 5647.81 17473.9
1878000 6024.45 5813.62 5639.62 17477.7
1880000 6046.39 5826.58 5654.27 17527.2
1882000 6049.1 5846.4 5672.95 17568.5
1884000 6055.98 5846.8 5688.6 17591.4
1886000 6059.03 5885.42 5689.8 17634.2
1888000 6065.45 5887.95 5700.07 17653.5
1890000 6073.45 5891.53 5709.26 17674.2
1892000 6086.67 5903.52 5728.8 17719
1894000 6081.43 5908.01 5724.55 17714
1896000 6096.96 5912.68 5729.15 17738.8
1898000 6101.51 5917.21 5742.79 17761.5
1900000 6110.62 5940.62 5736.39 17787.6
1902000 6109.53 5939.33 5746.63 17795.5
1904000 6109.28 5929.15 5736.03 17774.5
1906000 6117.63 5928.1 5739.36 17785.1
1908000 6131.42 5927.62 5750.15 17809.2
1910000 6143.06 5939.76 5760.71 17843.5
1912000 6155.4 5945.32 5756.05 17856.8
1914000 6170.42 5947.88 5763.13 17881.4
1916000 6181.58 5966.46 5768.58 17916.6
1918000 6174.86 5976.28 5756.73 17907.9
1920000 6168.21 5980.58 5770.53 17919.3
1922000 6185.32 5986.63 5778.11 17950.1
1924000 6187.41 5983.72 5783.63 17954.8
1926000 6198.22 5997.69 5788.55 17984.5
1928000 6212.69 6006.98 5804.61 18024.3
1930000 6217.61 6005.61 5804.59 18027.8
1932000 6223.05 6013.47 5820.44 18057
1934000 6216.27 6027.28 5817.14 18060.7
1936000 6221.25 6044.28 5831.52 18097.1
1938000 6233.36 6054.81 5825.31 18113.5
1940000 6249.01 6057.17 5837.9 18144.1
1942000 6251.16 6059.33 5857.05 18167.5
1944000 6233.75 6051.42 5856.07 18141.2
1946000 6242.85 6048.88 5863.63 18155.4
1948000 6262.12 6048.3 5871.46 18181.9
1950000 6276.57 6058.05 5874.71 18209.3
1952000 6286.76 6071.27 5874.14 18232.2
1954000 6293.39 6082.33 5868.5 18244.2
1956000 6296.68 6082.37 5878.94 18258
1958000 6308.28 6079.77 5878.8 18266.9
1960000 6302.02 6068.65 5881.31 18252
1962000 6312.27 6100.89 5899.47 18312.6
1964000 6327.76 6105.38 5915.74 18348.9
1966000 6347.28 6106.18 5915.7 18369.2
1968000 6347.4 6112.9 5914.01 18374.3
1970000 6359.35 6127.69 5924.44 18411.5
1972000 6387.95 6122.9 5939.1 18449.9
1974000 6398.25 6138.21 5933.6 18470.1
1976000 6377.45 6156.57 5934.24 18468.3
1978000 6383.64 6154.21 5950.74 18488.6
1980000 6383.48 6171.51 5953.72 18508.7
1982000 6397.9 6155.72 5971.02 18524.6
1984000 6404.12 6157.51 5966.56 18528.2
1986000 6404.66 6186.84 5966.94 18558.4
1988000 6416.85 6200.01 5978.52 18595.4
1990000 6406.34 6196.69 5984.89 18587.9
1992000 6421.51 6205.34 5992.86 18619.7
1994000 6434.85 6187.13 6008.37 18630.4
1996000 6441.44 6184.3 6010.76 18636.5
1998000 6424.45 6205.17 6038.04 18667.7
2000000 6433.81 6231.53 6037.89 18703.2
