# Time-averaged data for fix savemsd
# TimeStep c_msd[1] c_msd[2] c_msd[3] c_msd[4]
0 1.0816e-30 0 1.18175e-29 1.28991e-29
2000 3.21013 2.12877 3.53848 8.87738
4000 7.29997 6.24877 6.07136 19.6201
6000 10.4522 8.85005 9.61942 28.9217
8000 15.0602 13.0033 12.3972 40.4608
10000 20.0438 16.5394 17.9251 54.5083
12000 23.1516 24.0488 20.9166 68.1169
14000 24.3665 30.7619 22.285 77.4134
16000 28.8826 36.7214 30.2272 95.8313
18000 30.5132 37.9067 33.7545 102.174
20000 36.1729 37.6296 41.7432 115.546
22000 43.623 43.7817 47.756 135.161
24000 47.2268 52.0112 50.491 149.729
26000 48.2782 48.3661 50.1537 146.798
28000 44.5801 56.8047 54.0201 155.405
30000 49.4835 59.4794 59.1808 168.144
32000 55.5672 63.4272 57.0102 176.005
34000 57.4428 71.9639 62.7274 192.134
36000 53.9472 73.8361 67.0753 194.859
38000 52.4474 76.5609 71.4223 200.431
40000 55.232 77.688 70.3296 203.25
42000 57.3963 82.1127 70.111 209.62
44000 62.8877 82.6634 74.446 219.997
46000 62.0442 82.9644 79.0068 224.015
48000 62.3008 88.7206 79.0901 230.112
50000 68.785 105.19 74.5855 248.561
52000 73.5059 106.722 74.5197 254.748
54000 82.1309 109.877 79.8062 271.814
56000 89.0136 113.048 80.8464 282.908
58000 90.7476 115.735 79.8612 286.344
60000 88.1405 123.032 84.9352 296.108
62000 88.4367 122.016 89.1187 299.572
64000 88.5513 134.57 87.2352 310.357
66000 93.2222 140.245 93.9871 327.455
68000 95.8498 147.958 88.0587 331.867
70000 100.029 144.079 91.2339 335.342
72000 102.202 149.004 88.7135 339.92
74000 102.927 155.148 84.019 342.093
76000 111.658 159.758 87.9912 359.407
78000 114.209 169.751 84.5102 368.47
80000 112.475 176.23 90.7289 379.433
82000 115.966 179.769 94.3193 390.054
84000 121.401 185.27 85.5341 392.205
86000 131.23 183.335 85.3662 399.931
88000 130.245 194.256 81.7826 406.283
90000 128.305 182.453 74.5031 385.261
92000 132.876 188.643 81.8677 403.386
94000 138.949 189.683 83.3954 412.027
96000 137.863 190.107 89.9421 417.912
98000 139.516 201.187 93.8291 434.533
100000 146.725 197.566 96.5083 440.799
102000 137.422 206.648 100.007 444.077
104000 144.74 211.847 106.469 463.056
106000 136.543 210.507 104.486 451.536
108000 140.378 209.981 106.198 456.557
110000 133.209 212.538 110.986 456.733
112000 141.425 206.876 114.533 462.834
114000 145.969 199.637 120.123 465.73
116000 149.186 197.598 120.302 467.085
118000 155.048 193.548 123.623 472.218
120000 154.995 190.768 127.096 472.86
122000 168.536 196.102 134.725 499.363
124000 174.76 203.748 135.357 513.865
126000 167.284 209.884 142.802 519.971
128000 167.823 207.866 137.357 513.046
130000 172.54 203.307 139.802 515.649
132000 189.182 202.835 145.856 537.873
134000 202.363 205.768 153.723 561.854
136000 205.226 210.004 159.189 574.419
138000 208.416 213.16 162.258 583.835
140000 213.899 227.954 160.79 602.643
142000 215.75 238.751 164.396 618.897
144000 218.833 247.619 169.36 635.811
146000 214.579 248.812 165.972 629.363
148000 217.725 251.315 174.718 643.757
150000 216.27 240.417 172.619 629.306
152000 210.6 235.528 180.401 626.529
154000 228.088 240.488 176.462 645.037
156000 233.627 247.151 180.882 661.661
158000 232.393 273.344 182.821 688.558
160000 220.357 285.449 195.671 701.476
162000 223.269 287.22 190.222 700.711
164000 227.565 288.838 198.06 714.463
166000 228.81 308.499 189.565 726.874
168000 241.455 299.544 195.858 736.856
170000 234.402 298.911 193.492 726.805
172000 255.204 320.714 206.5 782.417
174000 249.814 332.008 219.852 801.674
176000 250.021 332.559 228.015 810.595
178000 270.669 339.022 237.548 847.239
180000 264 338.76 244.973 847.733
182000 274.274 345.229 257.495 876.997
184000 282.434 339.74 265.811 887.985
186000 276.701 336.308 267.701 880.711
188000 289.951 319.421 267.623 876.995
190000 303.262 324.477 262.617 890.356
192000 308.121 335.977 261.322 905.42
194000 296.004 324.159 262.939 883.103
196000 302.951 321.619 266.44 891.01
198000 297.021 324.573 263.668 885.261
200000 282.742 325.321 251.277 859.339
202000 276.285 326.031 264.589 866.906
204000 278.518 319.756 277.123 875.397
206000 293.148 312.729 274.685 880.562
208000 293.749 328.655 276.828 899.231
210000 282.765 326.831 276.931 886.527
212000 303.901 324.046 274.773 902.72
214000 321.465 324.333 279.338 925.136
216000 330.56 329.952 297.282 957.794
218000 324.366 321.691 289.912 935.969
220000 324.481 326.151 298.407 949.039
222000 336.316 346.833 294.911 978.059
224000 334.626 368.919 301.163 1004.71
226000 334.027 366.283 308.03 1008.34
228000 348.162 375.153 308.507 1031.82
230000 355.583 398.376 310.775 1064.73
232000 345.38 406.78 306.123 1058.28
234000 334.877 412.047 309.868 1056.79
236000 341.517 410.473 317.618 1069.61
238000 344.295 412.323 315.435 1072.05
240000 354.687 411.385 329.174 1095.25
242000 367.795 400.077 346.95 1114.82
244000 368.972 401.048 351.799 1121.82
246000 361.912 405.627 361.703 1129.24
248000 363.321 400.715 372.085 1136.12
250000 362.468 416.863 370.188 1149.52
252000 376.657 413.886 368.925 1159.47
254000 359.248 410.134 381.239 1150.62
256000 368.533 411.608 373.223 1153.36
258000 362.895 421.388 380.001 1164.28
260000 361.922 424.983 380.784 1167.69
262000 362.563 436.215 378.983 1177.76
264000 364.591 446.916 370.786 1182.29
266000 360.17 458.897 381.694 1200.76
268000 369.044 442.631 397.251 1208.93
270000 371.349 440.274 411.109 1222.73
272000 401.378 433.927 425.278 1260.58
274000 410.264 444.155 417.275 1271.69
276000 408.342 438.98 430.218 1277.54
278000 409.629 438.747 438.757 1287.13
280000 414.156 428.417 441.809 1284.38
282000 414.294 440.581 450.017 1304.89
284000 421.333 434.647 468.301 1324.28
286000 421.693 452.55 467.067 1341.31
288000 420.82 468.395 466.928 1356.14
290000 418.669 480.756 473.806 1373.23
292000 427.616 482.326 472.999 1382.94
294000 435.434 480.66 455.156 1371.25
296000 441.724 479.608 455.184 1376.52
298000 446.555 487.816 454.004 1388.38
300000 452.189 488.157 458.638 1398.98
302000 453.904 487.97 463.156 1405.03
304000 451.45 502.396 464.339 1418.19
306000 450.496 528.338 475.191 1454.03
308000 443.017 528.373 484.29 1455.68
310000 445.292 526.838 480.341 1452.47
312000 450.924 532.491 480.518 1463.93
314000 453.442 534.434 490.436 1478.31
316000 458.762 544.941 493.112 1496.82
318000 465.512 545.269 487.369 1498.15
320000 465.141 548.612 509.476 1523.23
322000 487.765 551.746 518.446 1557.96
324000 497.027 545.795 524.323 1567.15
326000 507.023 561.875 535.693 1604.59
328000 498.205 574.209 520.385 1592.8
330000 500.465 581.13 516.843 1598.44
332000 504.483 573.317 520.484 1598.28
334000 492.413 572.993 518.863 1584.27
336000 506.037 570.942 514.596 1591.58
338000 496.39 579.424 516.767 1592.58
340000 511.409 600.95 535.31 1647.67
342000 515.192 622.952 555.943 1694.09
344000 511.252 598.201 561.634 1671.09
346000 494.85 619.576 562.467 1676.89
348000 509.246 619.995 562.723 1691.96
350000 511.825 610.697 561.286 1683.81
352000 526.916 594.643 563.702 1685.26
354000 517.564 591.688 575.944 1685.2
356000 522.576 594.545 580.739 1697.86
358000 509.189 596.229 583.496 1688.91
360000 499.327 597.172 583.679 1680.18
362000 497.473 595.353 591.576 1684.4
364000 509.505 588.423 591.161 1689.09
366000 512.714 592.009 594.437 1699.16
368000 507.914 604.001 604.226 1716.14
370000 495.804 603.41 623.483 1722.7
372000 500.3 616.79 613.887 1730.98
374000 516.593 635.379 627.812 1779.78
376000 533.432 635.95 639.339 1808.72
378000 530.843 639.373 662.168 1832.38
380000 539.311 650.269 676.096 1865.68
382000 556.349 662.069 696.169 1914.59
384000 572.574 653.497 714.684 1940.76
386000 585.228 659.092 725.203 1969.52
388000 570.624 657.166 720.259 1948.05
390000 590.271 669.666 726.271 1986.21
392000 570.602 684.921 749.011 2004.53
394000 557.411 711.249 765.232 2033.89
396000 566.25 719.662 771.693 2057.61
398000 575.76 733.556 762.91 2072.23
400000 589.557 753.414 759.593 2102.56
402000 580.336 763.169 761.364 2104.87
404000 595.356 758.456 775.323 2129.13
406000 600.382 753.588 788.305 2142.27
408000 625.895 766.702 776.798 2169.4
410000 624.335 777.131 751.929 2153.39
412000 624.168 748.671 743.742 2116.58
414000 645.021 758.398 716.83 2120.25
416000 663.689 760.618 732.407 2156.71
418000 665.73 752.303 746.684 2164.72
420000 669.723 751.086 739.34 2160.15
422000 673.717 733.196 734.046 2140.96
424000 673.705 725.004 740.907 2139.62
426000 655.496 741.029 747.363 2143.89
428000 678.797 754.934 769.894 2203.62
430000 676.992 763.468 793.623 2234.08
432000 685.654 779.083 787.696 2252.43
434000 700.443 775.453 802.403 2278.3
436000 687.826 791.636 790.677 2270.14
438000 682.45 809.958 795.196 2287.6
440000 700.17 813.6 809.133 2322.9
442000 719.171 818.603 802.127 2339.9
444000 719.42 815.718 810.447 2345.59
446000 736.724 812.281 829.591 2378.6
448000 726.317 810.04 839.19 2375.55
450000 719.327 830.933 836.631 2386.89
452000 688.467 830.161 850.5 2369.13
454000 687.319 823.631 871.545 2382.49
456000 689.497 811.496 879.926 2380.92
458000 698.452 802.13 884.749 2385.33
460000 685.666 820.865 903.046 2409.58
462000 655.316 812.667 893.933 2361.92
464000 636.155 828.913 898.623 2363.69
466000 653.902 862.044 879.61 2395.56
468000 638.222 856.749 863.99 2358.96
470000 658.918 842.881 877.035 2378.83
472000 675.917 828.762 882.208 2386.89
474000 673.278 851.539 885.511 2410.33
476000 667.984 847.236 918.195 2433.41
478000 674.295 831.804 920.105 2426.2
480000 655.285 829.15 953.101 2437.54
482000 653.201 834.503 973.092 2460.8
484000 657.016 846.316 992.899 2496.23
486000 661.659 849.811 1019.24 2530.71
488000 650.633 855.192 1017.06 2522.89
490000 657.799 881.266 1020.86 2559.92
492000 661.422 894.658 1042.13 2598.21
494000 651.793 913.549 1058.82 2624.17
496000 645.035 901.218 1048.26 2594.51
498000 632.419 905.223 1060.47 2598.11
500000 624.215 909.462 1063.93 2597.61
502000 634.418 870.557 1059.61 2564.59
504000 637.738 876.043 1037.45 2551.23
506000 641.681 865.48 1030.49 2537.65
508000 650.016 867.891 1018.29 2536.2
510000 665.18 892.412 1022.51 2580.1
512000 654.553 908.323 1014.78 2577.66
514000 672.448 921.675 1009.64 2603.76
516000 665.372 945.741 1048.19 2659.3
518000 670.38 941.662 1054.15 2666.19
520000 658.234 951.201 1051.67 2661.11
522000 658.338 964.923 1082.4 2705.66
524000 662.77 979.099 1076.6 2718.46
526000 647.943 1015.77 1091.13 2754.84
528000 643.526 1042.64 1092.52 2778.68
530000 661.801 1040.11 1079.34 2781.25
532000 679.035 1044.13 1061.46 2784.62
534000 706.098 1027.32 1042.75 2776.16
536000 713.496 1024.03 1025.78 2763.3
538000 732.507 1010.89 1019.7 2763.1
540000 752.518 1009.99 1016.65 2779.16
542000 740.831 1030.73 992.097 2763.66
544000 731.159 1043.34 993.889 2768.39
546000 745.518 1058.41 996.281 2800.21
548000 747.48 1051.74 1012.84 2812.06
550000 755.288 1080.62 1031.98 2867.89
552000 781.623 1091.74 1021.97 2895.33
554000 786.663 1080.15 998.859 2865.67
556000 801.652 1112.25 1017.42 2931.33
558000 839.412 1106.23 1004.76 2950.4
560000 854.659 1136.46 1003.81 2994.93
562000 850.616 1183.63 1003.51 3037.76
564000 843.064 1209.9 986.4 3039.36
566000 830.834 1236.35 991.728 3058.92
568000 841.207 1242.75 998.329 3082.29
570000 832.743 1261.28 991.626 3085.64
572000 875.586 1245.13 978.288 3099.01
574000 886.487 1256.02 987.3 3129.81
576000 906.968 1251.45 972.591 3131.01
578000 908.589 1241.59 965.943 3116.12
580000 903.542 1257.23 976.455 3137.22
582000 881.497 1267.91 1000.34 3149.75
584000 866.031 1270.03 1004.19 3140.25
586000 865.554 1308.38 984.537 3158.47
588000 867.456 1306.41 984.904 3158.77
590000 874.238 1293.41 979.46 3147.11
592000 870.384 1302.09 997.165 3169.64
594000 882.468 1289.6 1013.04 3185.11
596000 889.959 1299.77 1029.91 3219.64
598000 867.373 1308.54 1022.51 3198.42
600000 856.611 1284.68 1004.95 3146.25
602000 863.026 1288.41 1010.48 3161.92
604000 868.966 1276.92 1027.1 3172.99
606000 882.874 1263.36 1010.18 3156.41
608000 898.708 1291.87 1025.34 3215.93
610000 906.977 1303.76 1019.16 3229.9
612000 898.004 1337.98 1009.77 3245.76
614000 886.796 1342.28 1025.12 3254.19
616000 907.294 1327.96 1053.18 3288.44
618000 898.221 1323.51 1074.56 3296.29
620000 915.069 1329.51 1081.38 3325.95
622000 916.194 1359.87 1066.56 3342.63
624000 919.207 1367.9 1066.81 3353.92
626000 918.33 1371.17 1069.4 3358.9
628000 950.015 1382.49 1060.9 3393.41
630000 947.172 1368.14 1067.29 3382.59
632000 966.113 1344.82 1080.67 3391.61
634000 986.082 1321.12 1091.16 3398.36
636000 986.651 1350.35 1124.77 3461.77
638000 977.113 1359.33 1117.32 3453.76
640000 986.846 1367.75 1119.64 3474.24
642000 1008.11 1364.41 1106.3 3478.82
644000 1021.19 1361.88 1116.8 3499.87
646000 1029.68 1395.11 1126.15 3550.94
648000 1029.19 1398.27 1135.2 3562.66
650000 1052.11 1384.49 1156.81 3593.41
652000 1040.55 1392.35 1145.77 3578.67
654000 1050.86 1374.7 1146.03 3571.59
656000 1050.62 1381.32 1149.6 3581.54
658000 1057.21 1423.29 1119.82 3600.32
660000 1049.03 1447.17 1118.46 3614.66
662000 1060.98 1444.3 1151.51 3656.8
664000 1060.58 1461.6 1144.08 3666.25
666000 1036.48 1474.9 1137.3 3648.69
668000 1031.25 1482.52 1118.02 3631.79
670000 1026.52 1479.79 1119.62 3625.93
672000 1048.88 1513.86 1119.96 3682.7
674000 1059.35 1466.89 1116.95 3643.2
676000 1091.31 1480.93 1132.06 3704.3
678000 1093.01 1497 1133.64 3723.64
680000 1098.5 1490.65 1131.62 3720.77
682000 1090.76 1487.61 1155.79 3734.16
684000 1082.46 1498.88 1139.89 3721.23
686000 1092.22 1542.3 1139.74 3774.27
688000 1102.51 1538.11 1183.23 3823.85
690000 1099.5 1519.98 1160.02 3779.51
692000 1101.46 1510.64 1160.63 3772.72
694000 1106.13 1541.34 1182.34 3829.81
696000 1114.67 1555.05 1193.06 3862.79
698000 1111.58 1528.71 1181.53 3821.82
700000 1128.56 1514.49 1151.97 3795.02
702000 1144.29 1525.78 1145.01 3815.07
704000 1175.26 1534.68 1121.45 3831.39
706000 1175.53 1553.14 1133.75 3862.42
708000 1157.1 1551.06 1136.42 3844.58
710000 1129.77 1560.51 1139.37 3829.65
712000 1146.76 1573.44 1164.66 3884.86
714000 1137.23 1585.54 1184.93 3907.7
716000 1164.51 1591.35 1216.15 3972.01
718000 1153.73 1589.14 1214.68 3957.55
720000 1160.19 1579.75 1232.96 3972.89
722000 1123.05 1574.4 1225.75 3923.2
724000 1131.78 1550.19 1231.42 3913.39
726000 1133.92 1560.24 1240.12 3934.28
728000 1137.18 1546.38 1229.88 3913.44
730000 1143.19 1506.85 1227.49 3877.54
732000 1153.73 1527.85 1244.89 3926.47
734000 1153.34 1521.83 1243.52 3918.69
736000 1156.27 1539.29 1225.05 3920.61
738000 1147.45 1563.38 1238.11 3948.94
740000 1114.3 1563.95 1247.44 3925.7
742000 1100.39 1560.11 1253.48 3913.98
744000 1121.48 1532.55 1276.99 3931.02
746000 1133.63 1549.47 1275.28 3958.38
748000 1129.6 1572.55 1283.57 3985.72
750000 1147.34 1573.22 1294.19 4014.75
752000 1158.47 1580.81 1290.34 4029.62
754000 1168.14 1610.77 1288.92 4067.84
756000 1145.98 1625.88 1278.51 4050.37
758000 1145.84 1640 1275.06 4060.9
760000 1147.85 1648.31 1285.17 4081.33
762000 1143.85 1664.01 1298.88 4106.74
764000 1143.38 1696.73 1304.48 4144.59
766000 1153.76 1685.48 1294.66 4133.89
768000 1149.93 1679.11 1258.93 4087.98
770000 1117.73 1674.23 1263.06 4055.02
772000 1099.65 1708.88 1279.85 4088.38
774000 1115.02 1692.65 1295.57 4103.24
776000 1107.06 1742.47 1295.9 4145.44
778000 1149.97 1746.45 1317.08 4213.5
780000 1148.27 1742.34 1314.36 4204.98
782000 1145.61 1724.8 1339.55 4209.96
784000 1164.84 1705.48 1305.97 4176.29
786000 1148.33 1717.16 1318.77 4184.26
788000 1123.59 1733.52 1304.77 4161.89
790000 1131.57 1756.69 1303.2 4191.46
792000 1128.18 1755.47 1289.64 4173.29
794000 1119.71 1785.49 1277.34 4182.54
796000 1119.23 1780.46 1253.9 4153.58
798000 1074.51 1767.93 1254.47 4096.91
800000 1096.29 1768.9 1293.49 4158.68
802000 1134.27 1794.6 1308.45 4237.33
804000 1122.67 1816.78 1329.54 4268.98
806000 1144.48 1812.3 1343.01 4299.79
808000 1162.3 1849.43 1344.34 4356.08
810000 1163.51 1839.97 1344.49 4347.97
812000 1177.05 1820.03 1353.03 4350.11
814000 1215.5 1839.78 1366.21 4421.49
816000 1203.28 1826.07 1376.85 4406.2
818000 1189.4 1834.44 1374.33 4398.17
820000 1218.88 1820.78 1360.84 4400.5
822000 1247.29 1855.01 1358.68 4460.97
824000 1242.93 1844.09 1364.33 4451.34
826000 1245.06 1853.52 1350.72 4449.31
828000 1254.74 1885.61 1362.91 4503.26
830000 1240.69 1896.2 1331.31 4468.2
832000 1218.62 1913.39 1360.54 4492.55
834000 1210.5 1967.89 1366.34 4544.73
836000 1192.69 1971.38 1338.57 4502.63
838000 1233.38 1979.93 1342.24 4555.56
840000 1193.35 1994.18 1319.18 4506.71
842000 1217.53 2017.37 1332.58 4567.47
844000 1213.6 2039.06 1314.76 4567.42
846000 1219.17 2055.54 1314.17 4588.89
848000 1232.11 2055.4 1340.99 4628.5
850000 1224.17 2106.53 1371.33 4702.02
852000 1230.77 2132.8 1365.3 4728.87
854000 1249.25 2180.04 1371.72 4801.02
856000 1252.27 2175.23 1385.36 4812.86
858000 1279.45 2179.41 1378.77 4837.64
860000 1256.08 2207.97 1391.78 4855.83
862000 1295.24 2204.24 1381.65 4881.12
864000 1284.46 2232.35 1389.01 4905.82
866000 1308.23 2253.96 1399.82 4962.01
868000 1297.89 2271.14 1403.57 4972.6
870000 1301.61 2288.21 1385.83 4975.64
872000 1315.82 2283.93 1396.91 4996.66
874000 1336.1 2324.8 1367.9 5028.8
876000 1319.23 2352.02 1374.83 5046.09
878000 1361.62 2368.28 1390.67 5120.57
880000 1392.51 2372.63 1417.78 5182.92
882000 1396.54 2362.41 1418.38 5177.33
884000 1433.24 2360.9 1439.03 5233.18
886000 1440.9 2381.63 1442.27 5264.81
888000 1438.79 2380.31 1438.48 5257.58
890000 1455.01 2413.87 1432.54 5301.42
892000 1460.5 2389.55 1433.69 5283.74
894000 1465.46 2355.92 1391.56 5212.94
896000 1454.19 2342.98 1399.69 5196.85
898000 1475.56 2338.28 1396.38 5210.22
900000 1466.8 2393.35 1393.66 5253.81
902000 1490.24 2440.5 1420.68 5351.41
904000 1487.53 2490.87 1395.56 5373.97
906000 1473.44 2491.48 1421.95 5386.87
908000 1459.27 2496.35 1425.21 5380.83
910000 1474.11 2448.1 1457.03 5379.24
912000 1473 2465.1 1452.34 5390.44
914000 1453.02 2429.87 1449 5331.89
916000 1467.51 2411.54 1450.85 5329.9
918000 1443.8 2390.36 1470.13 5304.29
920000 1453.92 2384.76 1468.19 5306.86
922000 1463.1 2391.31 1473.47 5327.88
924000 1460.52 2412.44 1467.95 5340.91
926000 1446.86 2413.73 1448.11 5308.7
928000 1426.37 2412.87 1445.81 5285.05
930000 1407.23 2418.27 1458.26 5283.75
932000 1432.97 2429 1458.1 5320.07
934000 1433.34 2423.97 1467.04 5324.35
936000 1434.48 2408.9 1455.24 5298.63
938000 1435.56 2459.42 1478.76 5373.74
940000 1441.9 2446.05 1500.49 5388.44
942000 1421.8 2433.22 1484.74 5339.76
944000 1443.14 2419.38 1468.4 5330.92
946000 1457.53 2427.2 1509.59 5394.33
948000 1478.49 2375.12 1533.27 5386.88
950000 1474.31 2362.21 1521.17 5357.69
952000 1475.41 2366.34 1544.43 5386.18
954000 1472.63 2366.72 1583.27 5422.61
956000 1495.68 2366.32 1569.76 5431.75
958000 1517.69 2374.58 1589.48 5481.76
960000 1522.19 2363.5 1584.85 5470.55
962000 1536.38 2369.43 1561.95 5467.75
964000 1547.13 2387.71 1560.68 5495.52
966000 1531.83 2384.56 1581.21 5497.6
968000 1529.79 2392.21 1558.17 5480.17
970000 1568.59 2391.89 1577.23 5537.71
972000 1542.37 2391.3 1591 5524.67
974000 1527.93 2393.39 1596.12 5517.44
976000 1558.18 2392.71 1576.41 5527.3
978000 1568.19 2399 1564.37 5531.55
980000 1578.25 2424.42 1577.53 5580.2
982000 1557.43 2378.31 1543.71 5479.45
984000 1557.79 2366.18 1549.11 5473.09
986000 1572.47 2346.5 1553.2 5472.18
988000 1570.62 2286.68 1559.47 5416.77
990000 1555.6 2303.92 1577.81 5437.33
992000 1561.54 2314.34 1543.63 5419.52
994000 1580.12 2305.2 1576.71 5462.03
996000 1554.54 2309.03 1564.79 5428.37
998000 1538.22 2302.42 1561.18 5401.81
1000000 1541.82 2308.82 1588.08 5438.72
1002000 1548.44 2298.02 1612.25 5458.72
1004000 1587.44 2300.24 1665.18 5552.87
1006000 1629.58 2322.08 1679.06 5630.72
1008000 1622.69 2316.8 1643.78 5583.27
1010000 1587.84 2314.8 1633.13 5535.77
1012000 1615.43 2356.92 1651.26 5623.61
1014000 1628.54 2362.06 1645.32 5635.92
1016000 1670.58 2350.01 1646.01 5666.61
1018000 1672.22 2369.25 1656.31 5697.79
1020000 1637.63 2397.74 1687.07 5722.44
1022000 1669.37 2388.32 1701.2 5758.88
1024000 1670.74 2397.26 1726.36 5794.36
1026000 1690.7 2345.65 1707.89 5744.24
1028000 1701.44 2315.53 1714.57 5731.53
1030000 1733.29 2331.17 1714.29 5778.76
1032000 1741.19 2330.72 1750.45 5822.35
1034000 1739.65 2295.18 1735.38 5770.2
1036000 1760.14 2296.66 1721.21 5778.01
1038000 1722.68 2303.48 1745.88 5772.04
1040000 1741.13 2315.32 1768.29 5824.73
1042000 1763.42 2335.01 1778.6 5877.04
1044000 1773.9 2353.72 1733.85 5861.47
1046000 1788.87 2366.39 1777.48 5932.74
1048000 1754.61 2362.76 1794.05 5911.42
1050000 1732.03 2346.2 1800.68 5878.9
1052000 1732.29 2381.08 1816.49 5929.86
1054000 1711.25 2387.12 1804.21 5902.57
1056000 1711.48 2417.8 1806.18 5935.47
1058000 1708.47 2420.19 1845.28 5973.95
1060000 1725.91 2369.17 1858.21 5953.29
1062000 1741.67 2377.73 1861.49 5980.89
1064000 1732.46 2390.23 1835.31 5958
1066000 1699.97 2386.97 1842.07 5929.01
1068000 1690.01 2386.81 1847.6 5924.42
1070000 1722.88 2394.35 1882.84 6000.08
1072000 1722.93 2393.62 1884.99 6001.55
1074000 1721.09 2385.62 1870.35 5977.06
1076000 1730.65 2340.83 1859.84 5931.33
1078000 1672.03 2369.07 1831.46 5872.56
1080000 1667.41 2367.38 1796.72 5831.52
1082000 1695.9 2363.38 1791.82 5851.1
1084000 1705.8 2355.32 1793.3 5854.42
1086000 1703.83 2360.25 1831.02 5895.1
1088000 1693.2 2371.51 1851.02 5915.72
1090000 1675.88 2398.92 1823.54 5898.35
1092000 1690.19 2404.2 1812.73 5907.12
1094000 1748.21 2430.6 1833.51 6012.32
1096000 1731.38 2447.17 1836.92 6015.46
1098000 1754.92 2464.54 1830.73 6050.19
1100000 1760.92 2467.11 1853.35 6081.39
1102000 1760.44 2471.16 1864.93 6096.53
1104000 1783.79 2526.79 1848.59 6159.17
1106000 1785.38 2542.78 1812.77 6140.94
1108000 1785.32 2596.14 1799.77 6181.23
1110000 1810.79 2610.17 1802.08 6223.05
1112000 1801.91 2608.13 1812.11 6222.15
1114000 1806.53 2602.64 1848.55 6257.72
1116000 1805.38 2598.79 1861.71 6265.87
1118000 1806.65 2640.42 1870.3 6317.37
1120000 1816.96 2634.87 1868.96 6320.79
1122000 1769.7 2652.51 1857.78 6279.99
1124000 1779.39 2678.09 1873.36 6330.85
1126000 1781.6 2692.38 1907.67 6381.65
1128000 1755.86 2684.86 1898.25 6338.97
1130000 1783.86 2704.3 1903.53 6391.68
1132000 1813.18 2701.08 1895.47 6409.73
1134000 1833.54 2735.49 1924.24 6493.26
1136000 1829.17 2732.21 1916.09 6477.47
1138000 1838.4 2709.35 1878.28 6426.03
1140000 1810.65 2653.21 1899.09 6362.95
1142000 1814.74 2665.78 1896.07 6376.6
1144000 1806.02 2630.88 1938 6374.9
1146000 1824.14 2640.78 1922.31 6387.23
1148000 1830.27 2665.41 1917.13 6412.81
1150000 1850.47 2691.17 1893 6434.64
1152000 1854.76 2694.27 1908.17 6457.19
1154000 1870.36 2692.6 1915.19 6478.15
1156000 1862.25 2665.81 1922.33 6450.38
1158000 1886.13 2704.14 1924.45 6514.73
1160000 1885.41 2741.44 1925.17 6552.02
1162000 1887.9 2727.74 1945.71 6561.35
1164000 1873.96 2764.33 1969.55 6607.85
1166000 1883.08 2757.57 1981.29 6621.94
1168000 1904.54 2786.41 1982.69 6673.64
1170000 1923.68 2756.19 2014.71 6694.59
1172000 1969.87 2760.12 2001.07 6731.06
1174000 1970.06 2788.88 2021.23 6780.16
1176000 2002.31 2787.84 1999.68 6789.83
1178000 2015.32 2834.65 1971.18 6821.14
1180000 1974.77 2854.63 1976.43 6805.83
1182000 1967.11 2879.49 1973.43 6820.03
1184000 1991.59 2889.64 1974.12 6855.35
1186000 1964.36 2910.73 1972.26 6847.35
1188000 1978.62 2924.97 1973.52 6877.11
1190000 1993.26 2958.4 1954.6 6906.27
1192000 1974.44 2938.26 1938.49 6851.19
1194000 1979.59 2928.4 1941.37 6849.36
1196000 1958.59 2959.79 1926.24 6844.63
1198000 1989.24 2964.54 1959.36 6913.14
1200000 2010.29 3010.75 1953.22 6974.25
1202000 1986.71 3024.59 1969.6 6980.9
1204000 1951.84 3035.82 1938.59 6926.25
1206000 1937.4 3039.27 1997.59 6974.26
1208000 1955.52 2997.62 1986.37 6939.5
1210000 1957.22 3028.05 1994.41 6979.67
1212000 1949.76 3000.49 2007.8 6958.06
1214000 1972.6 2985.18 2027.86 6985.64
1216000 1959.5 2999.92 2020.17 6979.59
1218000 1938.3 2977.51 2064.17 6979.99
1220000 1979.09 2933.92 2108.94 7021.95
1222000 1951.85 2948.22 2063.69 6963.77
1224000 1920.04 2917.54 2041.37 6878.95
1226000 1896.03 2934.85 2023.87 6854.75
1228000 1882.38 2976.95 2027.48 6886.82
1230000 1902.4 2946.68 2027.38 6876.47
1232000 1905.11 2966.75 2029.64 6901.49
1234000 1881.06 2964.96 2015.09 6861.12
1236000 1846.62 2972.36 2000.96 6819.93
1238000 1835.2 3001.02 2009.82 6846.03
1240000 1860.02 3024.96 1992.49 6877.47
1242000 1892.42 3041.71 2003.33 6937.45
1244000 1920.97 3056.28 2004.64 6981.89
1246000 1953.07 3009.82 2064.59 7027.49
1248000 1942.51 2985.42 2067.35 6995.29
1250000 1952.13 3012.62 2075.99 7040.74
1252000 1975.56 3021.1 2078.65 7075.31
1254000 1965.31 3017.73 2067.68 7050.72
1256000 1959.25 3005.3 2051.3 7015.85
1258000 1920.1 3039.91 2062.29 7022.29
1260000 1954.61 3049.27 2084.39 7088.27
1262000 1936.86 3063.6 2096.26 7096.72
1264000 1943.03 3071.18 2097.45 7111.66
1266000 1968.93 3084.39 2088.19 7141.51
1268000 1989.9 3085.44 2104.34 7179.69
1270000 1945.22 3067.68 2109.3 7122.2
1272000 1957.55 3068.41 2072.84 7098.8
1274000 1952.76 3064.45 2036.79 7054
1276000 1984.54 3082.6 2012.59 7079.74
1278000 1953.28 3064.1 2008.62 7026
1280000 1975.9 3051.85 2016.81 7044.55
1282000 1953.11 3053.98 2043.95 7051.04
1284000 1936.05 3078.23 2003.26 7017.54
1286000 1914.15 3079.84 1996.27 6990.26
1288000 1928.82 3080.95 1969 6978.78
1290000 1913.56 3072.44 1985.16 6971.17
1292000 1916.8 3068.95 1962.96 6948.71
1294000 1900.23 3085.54 1995.64 6981.41
1296000 1944.13 3110.52 2036.16 7090.82
1298000 1912.22 3123.59 2038.36 7074.18
1300000 1919.51 3140.53 2061.11 7121.15
1302000 1931.45 3119.72 2087.29 7138.46
1304000 1929.32 3159.61 2078.73 7167.66
1306000 1948.03 3148.39 2102.02 7198.44
1308000 1950.22 3141.51 2100.84 7192.57
1310000 1949.35 3145 2110.4 7204.75
1312000 1956.51 3126.33 2093.77 7176.62
1314000 1979 3147.11 2129 7255.11
1316000 2013.91 3125.12 2117.24 7256.27
1318000 2030.86 3105.47 2088.25 7224.59
1320000 2054.15 3065.6 2096.38 7216.13
1322000 2051.72 3100.82 2101.56 7254.1
1324000 2052.07 3117.83 2097.02 7266.92
1326000 2074.93 3099.69 2128.15 7302.77
1328000 2068.22 3082.76 2127.63 7278.62
1330000 2095.33 3108.85 2105.23 7309.4
1332000 2104.6 3134.44 2123.86 7362.9
1334000 2133.31 3120.63 2133.41 7387.35
1336000 2146.14 3141.93 2119.84 7407.91
1338000 2133.43 3153.94 2160.81 7448.18
1340000 2130.69 3132.08 2155.53 7418.29
1342000 2121.65 3134.6 2185.09 7441.34
1344000 2090.76 3138.19 2166.68 7395.62
1346000 2078.51 3118.62 2170.65 7367.79
1348000 2083.46 3109.84 2177.86 7371.16
1350000 2113.13 3092.39 2174.91 7380.43
1352000 2123.16 3083.9 2204.16 7411.22
1354000 2143.93 3103.69 2215.53 7463.15
1356000 2151.85 3155.75 2228.54 7536.14
1358000 2157.9 3208.44 2214.75 7581.09
1360000 2143.55 3261.97 2225.98 7631.49
1362000 2155.05 3236.21 2235.81 7627.07
1364000 2158.31 3239.44 2268.57 7666.32
1366000 2159.39 3230.64 2290.51 7680.54
1368000 2194.42 3283.03 2284.75 7762.19
1370000 2229.26 3229.44 2279.94 7738.64
1372000 2256.01 3211.98 2269.41 7737.39
1374000 2290.08 3234.25 2254.72 7779.05
1376000 2289.59 3247.75 2269.84 7807.18
1378000 2291.32 3254.21 2293.66 7839.19
1380000 2320.41 3282.77 2313.93 7917.1
1382000 2293.4 3283.48 2286.26 7863.14
1384000 2295.55 3254 2285.2 7834.75
1386000 2296.98 3233.22 2294.18 7824.38
1388000 2309.24 3225.55 2263.68 7798.47
1390000 2292.04 3234.12 2272.85 7799
1392000 2323.65 3220.55 2260.82 7805.03
1394000 2315.47 3245.9 2275.32 7836.68
1396000 2288.72 3243.37 2283.56 7815.65
1398000 2320.69 3257.81 2281.13 7859.63
1400000 2293.95 3233.82 2283.48 7811.25
1402000 2273.45 3241.45 2270.86 7785.75
1404000 2270.15 3208.39 2269.77 7748.31
1406000 2303.94 3208.25 2270.64 7782.83
1408000 2311.04 3199.26 2291.86 7802.15
1410000 2319.79 3224.1 2297.74 7841.63
1412000 2345 3220.46 2312.41 7877.87
1414000 2329.51 3214.97 2309.75 7854.22
1416000 2323.68 3199.4 2313.43 7836.52
1418000 2302.7 3169.68 2317.98 7790.37
1420000 2294.49 3156.87 2354.65 7806
1422000 2243.42 3140.57 2372.66 7756.65
1424000 2257.9 3143.74 2375.4 7777.04
1426000 2267.79 3145.25 2380.57 7793.61
1428000 2274.17 3133.81 2370.41 7778.4
1430000 2252.03 3132.54 2380.95 7765.53
1432000 2197.01 3152.92 2319.98 7669.92
1434000 2230.69 3174.29 2343.82 7748.8
1436000 2192.32 3166.65 2357.43 7716.4
1438000 2172.91 3181.38 2352.37 7706.66
1440000 2150.06 3188.16 2387.93 7726.14
1442000 2140.3 3187.29 2409.5 7737.1
1444000 2133.37 3187.08 2398.31 7718.76
1446000 2141.65 3162.66 2401.47 7705.78
1448000 2113.76 3148.94 2405.15 7667.85
1450000 2147.78 3152.83 2428.71 7729.32
1452000 2151.02 3192.32 2369.63 7712.98
1454000 2154.97 3215.1 2377.43 7747.5
1456000 2145.75 3254.09 2393.1 7792.94
1458000 2129.48 3244.17 2382.87 7756.52
1460000 2110.5 3248.96 2393.4 7752.86
1462000 2127.96 3284.19 2421.51 7833.65
1464000 2127.12 3287.36 2434.9 7849.39
1466000 2142.13 3306.39 2495.85 7944.37
1468000 2149.16 3283.34 2547.67 7980.17
1470000 2138.16 3260.74 2561.61 7960.51
1472000 2155.77 3294.76 2590.84 8041.37
1474000 2172.85 3272.37 2545.91 7991.14
1476000 2211.37 3284.86 2555.31 8051.54
1478000 2207.68 3292.03 2559.06 8058.77
1480000 2218.31 3319.54 2547.08 8084.93
1482000 2204.87 3294.23 2558.37 8057.47
1484000 2167.59 3283 2602.82 8053.42
1486000 2147.29 3314.66 2578.13 8040.09
1488000 2190.09 3305.6 2585.07 8080.76
1490000 2171.36 3334.72 2608.04 8114.12
1492000 2151.55 3331.98 2608.59 8092.13
1494000 2121.68 3347.6 2584.07 8053.35
1496000 2101.46 3373.89 2531.81 8007.15
1498000 2116.83 3401.93 2497.75 8016.51
1500000 2139.35 3375.31 2493.45 8008.1
1502000 2180.01 3394.57 2537.11 8111.69
1504000 2168.87 3461.53 2547.53 8177.93
1506000 2178.52 3489.37 2516.07 8183.95
1508000 2160.41 3471.24 2486.22 8117.87
1510000 2132.62 3492.17 2502.33 8127.12
1512000 2146.7 3485.96 2515.38 8148.04
1514000 2145.27 3505.4 2532.15 8182.82
1516000 2148.06 3567.46 2545.65 8261.17
1518000 2172.61 3547.12 2558.98 8278.71
1520000 2189.71 3570.45 2543.83 8303.99
1522000 2206.4 3594.06 2540.86 8341.32
1524000 2239.55 3569.26 2546.82 8355.62
1526000 2279.44 3569.39 2543.15 8391.99
1528000 2310.71 3575.82 2519.71 8406.24
1530000 2263.42 3570.23 2564.61 8398.25
1532000 2240.34 3596.34 2600.17 8436.85
1534000 2263.22 3572.07 2611.86 8447.15
1536000 2262.39 3548.25 2599.69 8410.33
1538000 2304.9 3551.4 2570.34 8426.64
1540000 2306.22 3512.69 2571.65 8390.57
1542000 2314.36 3506.16 2578.87 8399.4
1544000 2355.81 3498.37 2611.19 8465.36
1546000 2330.98 3511.37 2606.35 8448.7
1548000 2340.61 3536.9 2616.25 8493.76
1550000 2344.24 3500.14 2617.75 8462.14
1552000 2374.27 3435.54 2613.83 8423.64
1554000 2386.88 3400.93 2686.6 8474.41
1556000 2395.96 3386.05 2684.24 8466.26
1558000 2392.48 3371.48 2699.12 8463.07
1560000 2411.75 3367.85 2705.23 8484.83
1562000 2386.12 3338.44 2695.9 8420.45
1564000 2404.55 3315.02 2706.99 8426.57
1566000 2394.99 3324.34 2719.35 8438.68
1568000 2400.72 3332.13 2737.16 8470.01
1570000 2381.65 3337.77 2713.6 8433.02
1572000 2382.28 3311.47 2723.59 8417.34
1574000 2347.38 3317.2 2726.95 8391.54
1576000 2344.78 3329.52 2731.88 8406.17
1578000 2354.89 3326.32 2711.57 8392.78
1580000 2324.42 3337.77 2749.18 8411.38
1582000 2323.89 3310.98 2772.77 8407.64
1584000 2327.54 3270.53 2733.8 8331.87
1586000 2330.1 3248.04 2736.17 8314.3
1588000 2307.2 3254.05 2719.88 8281.12
1590000 2322.98 3253.24 2695.59 8271.8
1592000 2334.23 3294.08 2730.96 8359.27
1594000 2339.11 3233.02 2721.63 8293.76
1596000 2324.97 3216.89 2735.33 8277.2
1598000 2322.44 3282.65 2754.22 8359.31
1600000 2347.2 3288.16 2777.58 8412.94
1602000 2321.88 3326.86 2715.53 8364.27
1604000 2337.72 3329.54 2734.9 8402.16
1606000 2365.46 3344.74 2763.67 8473.87
1608000 2390.78 3344.34 2800.64 8535.77
1610000 2411.64 3356.7 2761.31 8529.65
1612000 2420.73 3373.04 2765.49 8559.26
1614000 2440.76 3414.97 2799.89 8655.62
1616000 2428.65 3418.61 2811.07 8658.33
1618000 2453.1 3410.01 2819.56 8682.67
1620000 2442.54 3451.54 2837.65 8731.73
1622000 2456.61 3435.27 2834.39 8726.27
1624000 2462.01 3456.55 2821.73 8740.29
1626000 2455.83 3492.94 2803.09 8751.87
1628000 2402.91 3481.52 2756.9 8641.33
1630000 2398.52 3508.97 2753.88 8661.37
1632000 2401.3 3467.97 2758.24 8627.52
1634000 2414.9 3426.61 2745.32 8586.84
1636000 2448.35 3442.72 2788.41 8679.47
1638000 2436.22 3480.11 2825.2 8741.53
1640000 2463.79 3444.03 2845.02 8752.84
1642000 2454.28 3436.78 2852.75 8743.81
1644000 2461.97 3444.43 2883.42 8789.82
1646000 2460.25 3450.59 2852.5 8763.34
1648000 2481.11 3445.65 2843.55 8770.31
1650000 2478.11 3445.15 2875.28 8798.54
1652000 2453.23 3454.55 2821.84 8729.63
1654000 2430.14 3417.53 2831.62 8679.3
1656000 2451.9 3414.22 2837.53 8703.65
1658000 2439.93 3449.67 2892.55 8782.15
1660000 2440.81 3459.6 2847.47 8747.88
1662000 2461.75 3500.4 2876.27 8838.42
1664000 2480.68 3529.68 2882.37 8892.73
1666000 2474.14 3606.46 2872.62 8953.23
1668000 2464.81 3622.42 2954.31 9041.54
1670000 2473.6 3619.22 2958.65 9051.47
1672000 2516.49 3627.11 3019.55 9163.15
1674000 2512.01 3609.86 3038.34 9160.21
1676000 2486.11 3606.81 3052.51 9145.43
1678000 2489.15 3634.99 3064.08 9188.21
1680000 2498.18 3640.6 3068.32 9207.1
1682000 2475.18 3590.73 3072.31 9138.22
1684000 2485.48 3613.74 3067.58 9166.8
1686000 2474.03 3629.82 3050.73 9154.57
1688000 2502.84 3665.83 3080.5 9249.18
1690000 2476.38 3724.1 3123.31 9323.78
1692000 2541.94 3754.42 3110.4 9406.76
1694000 2543.86 3779.58 3126.21 9449.65
1696000 2565.54 3729.54 3132.51 9427.6
1698000 2549.71 3713.39 3139.03 9402.13
1700000 2512.44 3736.92 3158.14 9407.5
1702000 2524.29 3772.46 3181.35 9478.1
1704000 2509.18 3785.58 3180.87 9475.63
1706000 2522.53 3834.76 3182.15 9539.44
1708000 2518.59 3792.41 3229.83 9540.83
1710000 2532.66 3803.19 3247.54 9583.39
1712000 2553.28 3779.98 3252.13 9585.39
1714000 2519.05 3812.29 3250.91 9582.25
1716000 2475.24 3812.21 3258.36 9545.81
1718000 2470.87 3836.49 3289.55 9596.91
1720000 2517.49 3822.9 3251.66 9592.06
1722000 2532.73 3841.58 3224.9 9599.21
1724000 2522.09 3820.59 3289.05 9631.74
1726000 2527.18 3850.57 3295.01 9672.77
1728000 2511.52 3890.94 3306.2 9708.66
1730000 2522.4 3920.69 3295.49 9738.59
1732000 2525.64 3901.14 3263.82 9690.6
1734000 2496.62 3919.17 3241.74 9657.53
1736000 2477.06 3903.32 3256.21 9636.59
1738000 2490.44 3936.72 3245.11 9672.28
1740000 2510.01 3987.7 3232.75 9730.46
1742000 2494.51 4049.69 3277.34 9821.54
1744000 2510.67 4049.16 3232.88 9792.71
1746000 2501.8 4024.24 3194.09 9720.13
1748000 2491.07 4016.62 3166.75 9674.43
1750000 2488.91 3987.06 3179.44 9655.4
1752000 2501.85 3917.93 3231.61 9651.39
1754000 2519.24 3891.33 3245.19 9655.77
1756000 2535.4 3944.01 3247.77 9727.18
1758000 2545.34 3960.28 3242.43 9748.05
1760000 2534.99 3978.19 3230.77 9743.95
1762000 2571.36 4042.45 3295.94 9909.75
1764000 2587.97 3960.84 3302.33 9851.15
1766000 2629.38 3964.29 3296.91 9890.58
1768000 2647.66 3971.25 3325.35 9944.26
1770000 2639.01 3999.48 3344.29 9982.78
1772000 2676.51 3988.01 3337.46 10002
1774000 2722.15 3979.49 3351.23 10052.9
1776000 2735.83 3996.26 3355.51 10087.6
1778000 2720.91 3982.86 3340.8 10044.6
1780000 2738.34 3983.14 3348.78 10070.3
1782000 2726.85 3966.63 3370.61 10064.1
1784000 2758.17 3973.68 3390.47 10122.3
1786000 2737.37 3978.77 3399.9 10116
1788000 2720.32 3997.27 3371.84 10089.4
1790000 2762.24 4066.23 3355.83 10184.3
1792000 2756.47 4101.47 3357.75 10215.7
1794000 2763.05 4108.36 3334.06 10205.5
1796000 2787.69 4176.38 3314.96 10279
1798000 2802.02 4175.26 3318.58 10295.9
1800000 2826.5 4190.54 3322.32 10339.4
1802000 2808.19 4204.3 3295.59 10308.1
1804000 2801.74 4217.98 3315.67 10335.4
1806000 2818.51 4224.39 3284.73 10327.6
1808000 2830.44 4249.01 3260.57 10340
1810000 2829.3 4226.57 3252.71 10308.6
1812000 2806.87 4258.34 3276.25 10341.5
1814000 2812.02 4247.59 3270.47 10330.1
1816000 2865.5 4282.77 3235.87 10384.1
1818000 2852.83 4284.24 3273.5 10410.6
1820000 2868.04 4277.96 3252.47 10398.5
1822000 2876.84 4295.45 3245.28 10417.6
1824000 2865.65 4298.18 3265.51 10429.3
1826000 2879.02 4311.35 3214.17 10404.5
1828000 2870.27 4367.05 3226.82 10464.1
1830000 2856.69 4376.69 3258.64 10492
1832000 2850.33 4408.9 3220.09 10479.3
1834000 2855.62 4467.23 3250.56 10573.4
1836000 2839.49 4502.79 3214.09 10556.4
1838000 2844.06 4486.75 3207.62 10538.4
1840000 2823.12 4494.51 3245.53 10563.2
1842000 2832.97 4431.94 3318.08 10583
1844000 2816.59 4464.08 3309.32 10590
1846000 2797.7 4401.64 3335.33 10534.7
1848000 2810.81 4381.8 3324.95 10517.6
1850000 2831.43 4375.63 3388.5 10595.6
1852000 2852.69 4412.61 3397.37 10662.7
1854000 2814.3 4408.43 3411.65 10634.4
1856000 2800.63 4421.45 3433.86 10655.9
1858000 2785.5 4383.2 3467.21 10635.9
1860000 2747.44 4406.59 3475.76 10629.8
1862000 2743.57 4399.59 3462.45 10605.6
1864000 2735.87 4432.04 3437.12 10605
1866000 2739.57 4383.69 3450 10573.2
1868000 2780.08 4406.7 3438.2 10625
1870000 2798.41 4370.32 3446.09 10614.8
1872000 2861.61 4378.41 3469.06 10709.1
1874000 2852.43 4401.54 3455.53 10709.5
1876000 2866.99 4431.21 3417.44 10715.6
1878000 2856.75 4393.18 3379.54 10629.5
1880000 2843.68 4395.49 3386.16 10625.3
1882000 2846.22 4380.1 3429.01 10655.3
1884000 2870.91 4361.36 3404.86 10637.1
1886000 2857.54 4408.56 3442.04 10708.1
1888000 2814.17 4353.27 3452.18 10619.6
1890000 2821.29 4380.76 3485.41 10687.5
1892000 2844.91 4409.88 3475.72 10730.5
1894000 2859.55 4417.81 3492.46 10769.8
1896000 2857.14 4418.69 3480.08 10755.9
1898000 2815.09 4429.03 3525.96 10770.1
1900000 2823.73 4439.68 3527.35 10790.8
1902000 2819.09 4486.18 3499.43 10804.7
1904000 2866.72 4511.93 3521.36 10900
1906000 2849.81 4502.53 3554.47 10906.8
1908000 2856.59 4508.37 3533.28 10898.2
1910000 2885.65 4519.06 3538.76 10943.5
1912000 2912.74 4549.37 3595.26 11057.4
1914000 2930.15 4535.61 3581.23 11047
1916000 2943.62 4532.41 3630.82 11106.8
1918000 2945.59 4573.41 3622.33 11141.3
1920000 2979.36 4578.99 3620.88 11179.2
1922000 3041.18 4614.68 3652.15 11308
1924000 3069.99 4598.2 3646.69 11314.9
1926000 3073.28 4613.25 3641.9 11328.4
1928000 3081.77 4593.32 3625.36 11300.4
1930000 3118.27 4653.65 3611.74 11383.7
1932000 3081.32 4650.77 3668.27 11400.4
1934000 3131.91 4670.92 3689.42 11492.3
1936000 3163.41 4706.59 3709.92 11579.9
1938000 3154.96 4680.17 3743.17 11578.3
1940000 3188.2 4676.24 3751.23 11615.7
1942000 3186.48 4693.75 3710.81 11591
1944000 3192.02 4667.65 3753.83 11613.5
1946000 3202.92 4666.53 3780.34 11649.8
1948000 3268.63 4710.59 3794.68 11773.9
1950000 3244.32 4771.82 3848.17 11864.3
1952000 3251.25 4786.46 3858.96 11896.7
1954000 3287.31 4749.11 3879.62 11916
1956000 3280.01 4718.45 3883.31 11881.8
1958000 3310.8 4753.71 3863.4 11927.9
1960000 3301.28 4799.78 3876.59 11977.6
1962000 3299.52 4795.76 3870.14 11965.4
1964000 3291.82 4812.79 3865.37 11970
1966000 3291.31 4865.94 3846.78 12004
1968000 3310.89 4927.16 3812.6 12050.6
1970000 3325.62 4955.22 3878.33 12159.2
1972000 3333.4 4948.59 3890.3 12172.3
1974000 3322.92 4943.26 3850.83 12117
1976000 3318.97 4945.89 3884.9 12149.8
1978000 3343.89 4933.21 3861.08 12138.2
1980000 3328.51 4969.35 3851.39 12149.3
1982000 3361.98 4979.55 3874.49 12216
1984000 3366.76 4995.67 3881.79 12244.2
1986000 3367.83 4988.85 3894.98 12251.7
1988000 3352.7 5022.44 3905.05 12280.2
1990000 3331.3 5004.41 3848.56 12184.3
1992000 3345.74 4989.68 3826.46 12161.9
1994000 3326.84 5065.93 3868.09 12260.9
1996000 3296.88 5035.47 3858.44 12190.8
1998000 3283.85 4984.09 3854.63 12122.6
2000000 3310.24 4981.71 3851.55 12143.5
