# integrated auto-correlation of: jx jy jz avg
0 0 0 0 0
0.00505051 0.00156567 0.00157713 0.00154503 0.00156261
0.010101 0.0029867 0.00300984 0.00294519 0.00298058
0.0151515 0.00418847 0.00422338 0.00412514 0.004179
0.020202 0.00517374 0.00522 0.00508649 0.00516008
0.0252525 0.00598447 0.00604112 0.00587017 0.00596525
0.030303 0.00666631 0.00673225 0.00652154 0.00664004
0.0353535 0.00725416 0.00732843 0.0070763 0.00721963
0.040404 0.00777184 0.00785315 0.00755986 0.00772828
0.0454545 0.0082358 0.00832179 0.00799027 0.00818262
0.0505051 0.00865727 0.00874487 0.00837972 0.00859395
0.0555556 0.00904291 0.00912985 0.00873502 0.00896926
0.0606061 0.00939633 0.00948176 0.00905883 0.00931231
0.0656566 0.00972067 0.00980383 0.00935226 0.00962559
0.0707071 0.01002 0.0100987 0.00961736 0.00991202
0.0757576 0.0102989 0.0103691 0.00985825 0.0101754
0.0808081 0.0105608 0.0106188 0.0100805 0.01042
0.0858586 0.0108078 0.0108516 0.0102896 0.0106497
0.0909091 0.0110416 0.0110715 0.0104905 0.0108678
0.0959596 0.0112639 0.0112814 0.0106867 0.0110773
0.10101 0.0114766 0.0114834 0.0108801 0.01128
0.106061 0.0116807 0.011678 0.0110704 0.0114763
0.111111 0.0118768 0.0118642 0.0112551 0.0116654
0.116162 0.0120649 0.0120401 0.0114319 0.0118457
0.121212 0.0122443 0.0122039 0.0115999 0.012016
0.126263 0.0124133 0.0123544 0.0117594 0.0121757
0.131313 0.01257 0.0124915 0.0119118 0.0123244
0.136364 0.0127124 0.0126155 0.0120584 0.0124621
0.141414 0.0128398 0.0127272 0.0121996 0.0125889
0.146465 0.0129526 0.0128273 0.0123357 0.0127052
0.151515 0.0130532 0.0129168 0.0124669 0.0128123
0.156566 0.0131443 0.0129965 0.0125936 0.0129115
0.161616 0.0132291 0.0130669 0.0127162 0.013004
0.166667 0.0133098 0.0131286 0.0128338 0.0130907
0.171717 0.0133885 0.0131828 0.0129442 0.0131718
0.176768 0.0134661 0.0132309 0.0130454 0.0132475
0.181818 0.013543 0.013274 0.0131369 0.013318
0.186869 0.0136174 0.013312 0.0132207 0.0133834
0.191919 0.0136865 0.0133448 0.0133001 0.0134438
0.19697 0.0137468 0.0133724 0.0133783 0.0134992
0.20202 0.0137958 0.0133959 0.0134572 0.0135496
0.207071 0.013833 0.0134166 0.0135373 0.0135956
0.212121 0.0138597 0.0134358 0.013618 0.0136379
0.217172 0.0138785 0.013455 0.013698 0.0136771
0.222222 0.0138923 0.0134755 0.0137755 0.0137144
0.227273 0.0139042 0.0134979 0.0138489 0.0137504
0.232323 0.0139159 0.0135215 0.013917 0.0137848
0.237374 0.0139278 0.0135437 0.0139791 0.0138169
0.242424 0.0139393 0.0135618 0.014035 0.0138454
0.247475 0.0139495 0.0135735 0.0140854 0.0138695
0.252525 0.0139578 0.0135783 0.0141321 0.0138894
0.257576 0.0139639 0.013578 0.0141768 0.0139063
0.262626 0.0139679 0.0135755 0.0142211 0.0139215
0.267677 0.0139696 0.0135732 0.0142656 0.0139361
0.272727 0.0139682 0.0135731 0.0143098 0.0139504
0.277778 0.0139634 0.013577 0.0143526 0.0139644
0.282828 0.0139556 0.0135863 0.0143924 0.0139781
0.287879 0.0139456 0.0136009 0.0144282 0.0139916
0.292929 0.0139345 0.0136194 0.0144599 0.0140046
0.29798 0.0139229 0.0136393 0.0144881 0.0140168
0.30303 0.0139108 0.0136582 0.014514 0.0140277
0.308081 0.0138985 0.0136753 0.0145386 0.0140375
0.313131 0.0138865 0.013691 0.0145627 0.0140467
0.318182 0.0138755 0.0137061 0.0145873 0.0140563
0.323232 0.0138665 0.0137209 0.0146134 0.0140669
0.328283 0.0138607 0.0137352 0.0146414 0.0140791
0.333333 0.0138596 0.0137484 0.01467 0.0140927
0.338384 0.0138644 0.0137608 0.0146966 0.0141073
0.343434 0.0138746 0.0137729 0.0147185 0.014122
0.348485 0.0138885 0.0137851 0.0147341 0.0141359
0.353535 0.0139036 0.0137974 0.0147433 0.0141481
0.358586 0.0139179 0.0138093 0.0147468 0.014158
0.363636 0.0139303 0.0138209 0.0147461 0.0141658
0.368687 0.0139412 0.0138322 0.0147434 0.0141723
0.373737 0.0139513 0.0138436 0.0147406 0.0141785
0.378788 0.0139607 0.0138549 0.0147388 0.0141848
0.383838 0.0139685 0.0138656 0.0147385 0.0141909
0.388889 0.0139739 0.0138752 0.0147393 0.0141961
0.393939 0.0139769 0.0138835 0.014741 0.0142004
0.39899 0.0139778 0.0138907 0.0147438 0.0142041
0.40404 0.013977 0.013897 0.0147485 0.0142075
0.409091 0.0139747 0.0139018 0.0147557 0.0142107
0.414141 0.0139711 0.0139041 0.0147648 0.0142134
0.419192 0.013967 0.0139037 0.0147747 0.0142152
0.424242 0.0139633 0.0139012 0.0147837 0.0142161
0.429293 0.0139605 0.0138976 0.0147904 0.0142162
0.434343 0.0139586 0.0138936 0.0147935 0.0142152
0.439394 0.0139567 0.0138892 0.0147924 0.0142128
0.444444 0.0139533 0.0138844 0.014787 0.0142083
0.449495 0.013947 0.0138791 0.0147775 0.0142012
0.454545 0.0139368 0.0138728 0.014765 0.0141915
0.459596 0.0139228 0.0138653 0.0147506 0.0141796
0.464646 0.0139063 0.0138568 0.0147359 0.0141663
0.469697 0.0138893 0.0138467 0.0147216 0.0141525
0.474747 0.0138734 0.0138347 0.0147072 0.0141385
0.479798 0.0138595 0.0138204 0.0146921 0.014124
0.484848 0.0138472 0.0138047 0.0146768 0.0141095
0.489899 0.013836 0.0137891 0.014664 0.0140963
0.494949 0.0138255 0.0137756 0.0146569 0.014086
0.5 0.0138151 0.0137661 0.0146578 0.0140797
