# Time-averaged data for fix savemsd
# TimeStep c_msd[1] c_msd[2] c_msd[3] c_msd[4]
0 1.82607e-33 8.70303e-30 7.16366e-30 1.58685e-29
2000 2.22032 2.32007 2.30815 6.84854
4000 3.90337 4.22507 4.28245 12.4109
6000 6.18632 6.73782 6.26076 19.1849
8000 8.0492 8.99356 8.37867 25.4214
10000 10.2775 11.1085 10.7425 32.1285
12000 12.649 13.4871 13.1317 39.2678
14000 15.0358 15.3297 14.8942 45.2596
16000 17.1647 17.1416 16.4085 50.7148
18000 19.0353 18.7305 18.0048 55.7705
20000 20.884 20.577 19.7226 61.1836
22000 22.7756 22.4125 21.3188 66.5068
24000 25.1793 25.6512 23.1096 73.94
26000 26.4213 27.1852 25.0583 78.6648
28000 28.706 28.511 27.2133 84.4303
30000 31.2756 30.3662 29.7907 91.4325
32000 33.4769 32.136 33.126 98.7388
34000 35.1807 33.8468 35.1424 104.17
36000 36.765 35.6332 36.8627 109.261
38000 39.1078 36.9857 40.2628 116.356
40000 40.9385 39.2903 41.4164 121.645
42000 43.306 41.1839 43.3112 127.801
44000 45.0944 43.4023 45.2842 133.781
46000 47.7547 45.1097 47.6189 140.483
48000 50.4552 47.5475 49.7734 147.776
50000 52.9652 49.5808 52.1367 154.683
52000 54.7757 51.6213 54.0526 160.45
54000 56.903 53.3447 55.6648 165.913
56000 59.2863 54.8953 57.9882 172.17
58000 61.6685 57.4497 59.8192 178.937
60000 64.4739 60.5199 60.5403 185.534
62000 66.1193 61.7161 61.382 189.217
64000 67.9875 64.0575 63.8134 195.858
66000 71.1274 66.2282 67.2391 204.595
68000 72.8127 67.3169 69.452 209.582
70000 75.0564 70.1959 70.8819 216.134
72000 77.3447 72.8067 73.426 223.577
74000 80.3908 74.7271 74.3915 229.509
76000 82.4514 76.7201 76.5817 235.753
78000 84.7831 78.4243 78.254 241.461
80000 87.6839 80.7533 80.7848 249.222
82000 89.997 83.5862 82.6509 256.234
84000 91.7183 85.9148 84.6167 262.25
86000 93.4615 88.2194 87.36 269.041
88000 96.0056 89.7716 89.0987 274.876
90000 97.5362 92.743 91.0182 281.297
92000 100.635 94.746 92.0115 287.392
94000 102.591 97.3892 95.2003 295.18
96000 105.122 99.4322 97.2451 301.799
98000 107.091 101.672 99.6502 308.413
100000 110.618 103.655 102.2 316.473
102000 112.658 106.93 104.216 323.805
104000 114.846 107.666 105.614 328.127
106000 116.927 110.66 108.463 336.05
108000 118.56 111.865 111.018 341.443
110000 121.684 113.389 112.118 347.191
112000 123.609 116.328 114.096 354.033
114000 125.409 118.557 115.971 359.936
116000 128.402 119.749 116.141 364.292
118000 129.595 119.545 119.001 368.141
120000 131.543 121.07 122.449 375.062
122000 132.669 123.34 124.247 380.256
124000 135.036 125.354 128.102 388.492
126000 137.721 128.07 130.228 396.018
128000 140.191 130.266 133.564 404.021
130000 142.725 132.017 136.44 411.182
132000 143.059 133.722 138.307 415.087
134000 145.209 134.388 139.848 419.446
136000 145.958 136.577 142.756 425.291
138000 148.36 138.004 145.285 431.648
140000 151.554 141.179 148.572 441.306
142000 154.102 143.523 149.407 447.032
144000 157.183 144.935 150.83 452.948
146000 158.939 147.782 152.489 459.209
148000 162.881 149.619 154.777 467.277
150000 164.708 151.398 155.602 471.708
152000 168.111 154.884 157.753 480.748
154000 170.348 157.366 160.329 488.043
156000 172.712 160.537 162.035 495.285
158000 174.007 162.823 166.045 502.875
160000 176.6 164.499 168.491 509.59
162000 177.526 166.779 171.52 515.824
164000 178.197 169.893 173.131 521.221
166000 180.841 172.064 175.691 528.597
168000 182.329 174.039 177.356 533.724
170000 184.097 175.823 179.042 538.962
172000 187.477 178.539 180.569 546.585
174000 188.496 181.396 183.528 553.42
176000 190.168 183.29 184.32 557.778
178000 192.021 186.289 186.644 564.953
180000 194.164 189.602 188.078 571.844
182000 198.104 191.067 189.421 578.591
184000 199.771 192.882 191.305 583.958
186000 201.838 194.799 193.223 589.86
188000 205.438 197.358 195.325 598.121
190000 206.526 198.349 199.009 603.884
192000 209.391 199.249 200.526 609.165
194000 211.777 203.324 204.758 619.86
196000 214.635 206.209 208.313 629.157
198000 216.824 205.108 208.796 630.727
200000 221.001 204.955 209.132 635.087
202000 221.866 208.124 208.665 638.655
204000 223.051 211.165 211.927 646.143
206000 223.646 213.374 215.617 652.637
208000 224.733 215.898 217.964 658.595
210000 227.015 217.023 218.76 662.799
212000 229.081 218.355 220.362 667.797
214000 228.926 219.519 222.947 671.392
216000 230.771 221.326 224.959 677.056
218000 231.978 224.449 226.921 683.348
220000 233.385 227.48 229.497 690.361
222000 235.831 229.205 233.616 698.651
224000 238.657 231.476 234.729 704.863
226000 239.109 235.258 235.99 710.356
228000 240.446 237.667 238.481 716.593
230000 244.299 239.385 240.758 724.442
232000 247.901 240.067 242.599 730.567
234000 249.84 242.408 243.42 735.667
236000 250.863 242.364 244.524 737.751
238000 254.113 243.618 247.257 744.987
240000 257.071 245.101 249.162 751.335
242000 259.914 247.735 251.583 759.232
244000 263.043 249.978 253.163 766.183
246000 262.497 253.086 256.539 772.122
248000 264.277 256.839 258.982 780.098
250000 265.976 260.292 261.575 787.844
252000 267.676 265.333 262.996 796.005
254000 271.17 266.489 263.052 800.711
256000 274.11 269.751 268.768 812.629
258000 275.404 271.653 271.915 818.972
260000 276.803 274.77 274.065 825.639
262000 278.178 278.391 274.663 831.231
264000 281.221 277.725 278.211 837.156
266000 283.544 282.18 278.248 843.972
268000 284.132 285.642 279.603 849.377
270000 286.983 287.17 281.254 855.407
272000 289.479 290.387 285.051 864.917
274000 289.197 291.994 287.263 868.454
276000 292.33 295.163 290.659 878.152
278000 294.142 296.103 295.324 885.569
280000 295.352 297.735 296.714 889.801
282000 298.631 300.506 298.741 897.878
284000 300.269 302.384 302.009 904.662
286000 300.374 305.77 302.414 908.557
288000 303.706 307.266 306.066 917.038
290000 304.883 309.251 307.775 921.908
292000 305.833 312.937 311.669 930.439
294000 307.351 318.095 313.724 939.17
296000 310.78 320.29 317.257 948.326
298000 313.196 321.983 319.202 954.38
300000 314.53 325.316 321.912 961.758
302000 316.853 327.995 323.555 968.403
304000 317.004 330.817 325.654 973.474
306000 320.332 332.081 326.865 979.278
308000 322.349 334.836 329.479 986.663
310000 326.912 337.375 331.653 995.94
312000 330.672 342.487 334.899 1008.06
314000 331.92 346.45 338.452 1016.82
316000 332.072 349.726 341.334 1023.13
318000 337.138 351.684 344.765 1033.59
320000 340.239 352.395 346.306 1038.94
322000 342.464 352.557 346.862 1041.88
324000 345.64 353.354 350.646 1049.64
326000 348.192 353.794 353.29 1055.28
328000 349.987 353.782 354.217 1057.99
330000 351.172 354.69 356.463 1062.32
332000 354.453 358.158 361.053 1073.66
334000 356.341 356.214 362.203 1074.76
336000 358.256 357.924 363.036 1079.22
338000 359.191 360.295 365.407 1084.89
340000 359.926 361.493 368.169 1089.59
342000 362.605 361.626 370.688 1094.92
344000 364.554 363.185 372.707 1100.45
346000 368.405 365.132 374.695 1108.23
348000 373.041 370.139 374.76 1117.94
350000 376.82 372.066 374.419 1123.3
352000 377.589 374.772 377.152 1129.51
354000 380.333 373.137 380.363 1133.83
356000 384.441 374.697 381.038 1140.18
358000 384.46 373.194 384.124 1141.78
360000 389.031 376.485 384.569 1150.09
362000 389.925 378.832 387.404 1156.16
364000 390.077 382.957 389.34 1162.37
366000 391.923 385.927 391.952 1169.8
368000 392.789 387.006 395.897 1175.69
370000 395.313 386.384 398.95 1180.65
372000 397.769 387.782 401.684 1187.23
374000 398.196 389.366 403.606 1191.17
376000 400.578 392.095 405.706 1198.38
378000 403.827 395.328 406.598 1205.75
380000 406.284 396.174 405.114 1207.57
382000 409.871 397.673 406.348 1213.89
384000 412.058 402.396 408.06 1222.51
386000 414.86 403.465 408.895 1227.22
388000 415.428 406.048 413.649 1235.13
390000 418.743 408.229 416.334 1243.31
392000 422.045 411.011 418.725 1251.78
394000 424.299 414.969 420.111 1259.38
396000 425.045 415.263 423.76 1264.07
398000 425.765 415.877 430.137 1271.78
400000 427.445 417.011 435.876 1280.33
402000 428.468 419.362 436.195 1284.03
404000 431.609 420.753 440.18 1292.54
406000 433.008 423.096 439.342 1295.45
408000 437.066 426.609 441.251 1304.93
410000 438.097 429.493 443.094 1310.68
412000 436.091 431.915 443.824 1311.83
414000 439.136 431.438 448.646 1319.22
416000 439.341 431.773 452.773 1323.89
418000 440.292 433.432 453.302 1327.03
420000 444.407 438.519 455.741 1338.67
422000 446.157 440.391 457.835 1344.38
424000 449.693 442.527 462.119 1354.34
426000 452.065 445.114 464.164 1361.34
428000 456.372 446.094 465.378 1367.84
430000 460.39 448.592 467.972 1376.96
432000 460.579 452.501 470.599 1383.68
434000 462.637 455.262 475.772 1393.67
436000 465.225 457.409 479.17 1401.8
438000 464.299 456.112 480.527 1400.94
440000 466.022 456.8 483.358 1406.18
442000 468.027 458.499 480.163 1406.69
444000 470.851 462.36 483.434 1416.65
446000 473.283 465.834 486.213 1425.33
448000 476.089 466.556 488.979 1431.62
450000 478.677 468.818 489.185 1436.68
452000 480.469 472.351 490.43 1443.25
454000 482.781 473.664 493.811 1450.26
456000 486.426 477.008 495.058 1458.49
458000 487.002 479.229 497.177 1463.41
460000 489.384 480.871 497.949 1468.2
462000 490.404 482.952 501.592 1474.95
464000 490.482 486.071 504.578 1481.13
466000 494.219 486.652 506.825 1487.7
468000 496.161 487.757 506.774 1490.69
470000 496.947 490.571 506.741 1494.26
472000 497.909 494.806 508.948 1501.66
474000 499.166 496.426 512.384 1507.98
476000 500.835 499.315 514.042 1514.19
478000 499.647 499.176 515.042 1513.86
480000 500.528 501.453 517.551 1519.53
482000 502.202 503.197 519.673 1525.07
484000 504.735 504.765 521.15 1530.65
486000 506.151 507.688 522.556 1536.39
488000 509.504 510.512 524.019 1544.03
490000 508.651 513.393 527.523 1549.57
492000 507.871 515.233 531.902 1555.01
494000 511.08 515.273 530.592 1556.94
496000 514.397 515.74 531.129 1561.27
498000 515.258 516.713 532.087 1564.06
500000 517.788 520.153 532.213 1570.15
502000 520.507 523.147 532.752 1576.41
504000 521.535 525.993 530.164 1577.69
506000 524.696 528.131 531.352 1584.18
508000 527.599 531.584 531.772 1590.96
510000 529.271 534.646 530.94 1594.86
512000 530.747 537.857 531.913 1600.52
514000 529.017 538.111 534.212 1601.34
516000 531.486 538.187 535.379 1605.05
518000 534.667 537.239 536.673 1608.58
520000 536.04 538.601 541.971 1616.61
522000 538.125 541.156 542.349 1621.63
524000 539.348 543.68 542.924 1625.95
526000 541.406 545.169 541.992 1628.57
528000 544.137 544.981 542.266 1631.38
530000 545.774 547.016 544.118 1636.91
532000 548.666 551.371 547.41 1647.45
534000 551.244 551.842 549.767 1652.85
536000 553.998 556.189 553.79 1663.98
538000 556.688 556.665 555.807 1669.16
540000 560.673 560.952 557.362 1678.99
542000 563.332 563.801 557.72 1684.85
544000 568.784 566.128 557.392 1692.3
546000 571.343 566.588 557.975 1695.91
548000 572.515 570.338 559.266 1702.12
550000 576.022 569.889 562.429 1708.34
552000 579.001 570.994 563.352 1713.35
554000 582.108 573.222 568.487 1723.82
556000 581.86 571.811 569.946 1723.62
558000 584.76 574.912 570.72 1730.39
560000 586.972 577.296 573.786 1738.05
562000 591.353 581.645 577.266 1750.26
564000 593.5 581.656 582.951 1758.11
566000 592.448 582.449 586.539 1761.44
568000 594.509 583.885 588.395 1766.79
570000 593.186 587.377 591.897 1772.46
572000 594.435 590.08 592.819 1777.33
574000 598.478 589.312 594.219 1782.01
576000 600.033 594.733 595.698 1790.46
578000 601.891 598.834 598.545 1799.27
580000 602.749 598.912 602.001 1803.66
582000 605.213 601.899 603.02 1810.13
584000 607.261 603.266 607.831 1818.36
586000 609.997 604.73 611.715 1826.44
588000 612.794 606.379 611.926 1831.1
590000 613.146 610.808 615.749 1839.7
592000 617.539 616.268 616.811 1850.62
594000 619.65 619.532 617.373 1856.55
596000 619.659 620.531 617.001 1857.19
598000 623.846 620.947 618.566 1863.36
600000 625.312 621.792 624.246 1871.35
602000 628.176 621.379 625.597 1875.15
604000 627.118 624.854 624.892 1876.86
606000 627.707 623.896 629.701 1881.3
608000 631.526 623.817 635.328 1890.67
610000 630.794 627.933 637.438 1896.16
612000 632.179 628.073 639.76 1900.01
614000 631.319 629.54 641.748 1902.61
616000 634.626 631.507 642.923 1909.06
618000 636.005 632.89 644.737 1913.63
620000 639.025 633.456 648.157 1920.64
622000 643.411 633.486 648.787 1925.68
624000 644.076 633.399 647.738 1925.21
626000 644.191 638.689 650.504 1933.38
628000 645.659 639.996 653.664 1939.32
630000 646.384 640.332 654.158 1940.87
632000 649.534 641.519 657.04 1948.09
634000 651.049 644.47 659.218 1954.74
636000 652.594 645.332 663.692 1961.62
638000 655.777 647.282 666.446 1969.51
640000 658.87 647.604 667.126 1973.6
642000 660.644 650.271 669.941 1980.86
644000 664.679 650.41 673.131 1988.22
646000 666.615 652.284 673.163 1992.06
648000 667.78 654.171 675.009 1996.96
650000 670.95 656.89 677.757 2005.6
652000 673.38 661.909 677.536 2012.83
654000 676.965 664.304 677.46 2018.73
656000 679.274 667.362 677.683 2024.32
658000 681.849 668.812 678.401 2029.06
660000 683.095 674.908 675.908 2033.91
662000 684.566 673.464 675.916 2033.95
664000 687.861 675.048 674.319 2037.23
666000 692.779 675.683 676.739 2045.2
668000 694.385 677.653 677.16 2049.2
670000 696.652 678.277 677.706 2052.63
672000 697.446 681.386 676.436 2055.27
674000 697.93 682.351 679.976 2060.26
676000 698.006 683.082 680.29 2061.38
678000 700.718 684.03 683.568 2068.32
680000 704.319 686.537 686.37 2077.23
682000 706.936 687.482 687.494 2081.91
684000 708.554 692.025 688.63 2089.21
686000 712.854 697.121 691.154 2101.13
688000 716.046 697.275 691.256 2104.58
690000 718.634 699.264 696.389 2114.29
692000 719.096 699.756 699.445 2118.3
694000 719.465 700.906 701.064 2121.44
696000 720.104 699.845 702.552 2122.5
698000 722.42 700.378 705.731 2128.53
700000 725.909 701.507 706.379 2133.8
702000 727.384 705.915 708.274 2141.57
704000 730.319 707.903 708.406 2146.63
706000 729.59 710.771 710.795 2151.16
708000 729.111 712.139 716.087 2157.34
710000 731.873 715.322 720.289 2167.48
712000 732.733 713.842 723.205 2169.78
714000 734.331 714.005 727.108 2175.44
716000 737.284 718.461 730.615 2186.36
718000 739.427 719.299 733.178 2191.9
720000 743.883 721.753 734.565 2200.2
722000 747.218 720.644 737.315 2205.18
724000 752.583 721.24 736.29 2210.11
726000 751.921 723.86 739 2214.78
728000 754.664 728.732 742.301 2225.7
730000 757.201 731.735 744.317 2233.25
732000 759.282 736.261 746.053 2241.6
734000 760.105 742.006 746.605 2248.72
736000 763.011 740.172 748.962 2252.15
738000 765.793 743.086 746.012 2254.89
740000 768.162 744.145 746.586 2258.89
742000 768.38 746.703 752.568 2267.65
744000 765.497 748.091 756.985 2270.57
746000 767.128 751.161 765.932 2284.22
748000 769.804 757.759 769.873 2297.44
750000 774.563 760.614 771.276 2306.45
752000 776.222 763.156 771.458 2310.84
754000 778.185 765.881 772.848 2316.91
756000 781.429 767.22 776.903 2325.55
758000 783.038 771.655 777.99 2332.68
760000 785.746 773.74 780.271 2339.76
762000 785.417 777.447 784.025 2346.89
764000 785.283 780.6 787.414 2353.3
766000 788.029 779.643 785.553 2353.23
768000 792.405 782.069 790.526 2365
770000 794.029 786.917 790.418 2371.36
772000 794.011 789.411 793.002 2376.42
774000 795.416 793.22 792.716 2381.35
776000 797.246 797.189 796.633 2391.07
778000 800.165 798.092 795.716 2393.97
780000 805.518 797.899 798.84 2402.26
782000 810.009 798.947 801.029 2409.99
784000 812.327 800.348 802.75 2415.42
786000 816.553 804.819 803.906 2425.28
788000 818.141 806.255 805.401 2429.8
790000 819.952 810.728 812.534 2443.21
792000 819.969 810.375 814.73 2445.07
794000 821.473 806.201 815.594 2443.27
796000 824.745 807.296 820.323 2452.36
798000 829.195 808.156 823.8 2461.15
800000 832.879 808.823 824.229 2465.93
802000 835.93 806.856 825.771 2468.56
804000 837.253 807.735 832.584 2477.57
806000 836.792 810.649 834.793 2482.23
808000 840.908 814.886 834.53 2490.32
810000 842.125 813.354 837.977 2493.46
812000 847.481 813.784 838.856 2500.12
814000 847.132 814.791 840.775 2502.7
816000 848.009 818.65 844.6 2511.26
818000 848.834 825.19 846.766 2520.79
820000 851.93 829.792 845.212 2526.93
822000 853.065 832.215 847.268 2532.55
824000 851.317 833.66 847.547 2532.52
826000 853.319 834.839 852.016 2540.17
828000 854.425 839.57 852.091 2546.09
830000 853.821 841.592 857.655 2553.07
832000 855.462 847.972 860.913 2564.35
834000 857.177 849.374 865.542 2572.09
836000 858.428 853.11 869.594 2581.13
838000 862.819 855.819 874.47 2593.11
840000 865.779 853.709 877.416 2596.9
842000 865.563 855.243 885.653 2606.46
844000 867.707 858.03 889.234 2614.97
846000 872.223 858.464 896.783 2627.47
848000 872.579 857.43 895.441 2625.45
850000 874.629 858.699 894.324 2627.65
852000 873.889 858.771 896.619 2629.28
854000 874.151 859.802 899.121 2633.07
856000 876.806 865.559 898.22 2640.58
858000 880.442 869.243 899.953 2649.64
860000 882.647 871.105 902.416 2656.17
862000 882.245 873.09 904.87 2660.21
864000 882.821 873.792 909.831 2666.44
866000 885.258 872.785 912.318 2670.36
868000 884.384 872.934 913.446 2670.76
870000 884.469 875.935 912.745 2673.15
872000 884.749 876.409 916.551 2677.71
874000 888.7 875.244 916.647 2680.59
876000 890.648 879.216 920.348 2690.21
878000 894.718 882.315 926.878 2703.91
880000 895.719 884.142 932.131 2711.99
882000 895.416 883.898 934.956 2714.27
884000 898.537 886.366 937.239 2722.14
886000 904.306 889.545 939.761 2733.61
888000 909.086 895.587 941.127 2745.8
890000 910.87 898.891 942.345 2752.11
892000 915.521 901.308 943.563 2760.39
894000 914.582 904.237 948.956 2767.77
896000 918.171 907.012 949.592 2774.78
898000 922.456 908.055 949.856 2780.37
900000 925.251 910.875 950.77 2786.9
902000 927.851 911.134 949.507 2788.49
904000 930.007 911.341 952.963 2794.31
906000 930.21 913.675 954.902 2798.79
908000 933.211 914.77 955.955 2803.94
910000 934.342 915.289 955.695 2805.33
912000 936.773 918.287 960.06 2815.12
914000 940.676 922.043 962.294 2825.01
916000 946.079 920.773 963.427 2830.28
918000 946.069 924.885 964.517 2835.47
920000 947.286 926.187 962.637 2836.11
922000 952.542 926.759 969.464 2848.76
924000 953.109 927.677 973.072 2853.86
926000 956.327 932.155 973.474 2861.96
928000 963.298 936.277 974.599 2874.17
930000 967.356 940.396 980.239 2887.99
932000 967.946 941.379 980.777 2890.1
934000 970.783 943.947 983.76 2898.49
936000 971.437 945.979 985.196 2902.61
938000 972.339 944.64 988.111 2905.09
940000 974.377 949.163 986.229 2909.77
942000 974.685 951.523 985.962 2912.17
944000 979.655 952.944 988.745 2921.34
946000 980.942 951.307 985.299 2917.55
948000 983.515 949.873 986.86 2920.25
950000 988.148 950.905 990.268 2929.32
952000 990.529 951.219 991.615 2933.36
954000 991.11 950.715 996.861 2938.69
956000 993.144 954.383 1004.31 2951.83
958000 995.648 955.389 1006.69 2957.73
960000 995.999 957.952 1011.76 2965.71
962000 996.1 959.642 1011.13 2966.87
964000 998.418 961.607 1013.12 2973.15
966000 998.314 966.421 1015.4 2980.13
968000 1001.01 970.538 1018.98 2990.53
970000 1000 970.706 1020.26 2990.97
972000 1002.32 976.643 1022.37 3001.34
974000 1005.09 976.506 1027.47 3009.06
976000 1004.37 979.384 1028.9 3012.66
978000 1001.41 981.615 1029.84 3012.87
980000 1003.78 982.679 1032.36 3018.82
982000 1003.01 983.462 1036.71 3023.17
984000 1004.33 981.704 1041.09 3027.12
986000 1006.14 983.884 1040.66 3030.68
988000 1005.98 990.115 1042.12 3038.22
990000 1010.07 991.241 1047.95 3049.27
992000 1013.69 991.506 1047.35 3052.54
994000 1018.25 994.737 1052.31 3065.3
996000 1024.75 994.044 1054.18 3072.97
998000 1023.53 998.664 1054.81 3077.01
1000000 1030.07 1003.39 1058.04 3091.49
1002000 1029.58 1005.1 1064.42 3099.11
1004000 1029.89 1006.12 1062.81 3098.82
1006000 1030.01 1010.53 1063.68 3104.22
1008000 1030.14 1013.41 1060.98 3104.54
1010000 1031.47 1014.94 1059.41 3105.82
1012000 1033.7 1016.79 1061.86 3112.35
1014000 1032.48 1018.91 1064.35 3115.75
1016000 1033.9 1023.91 1068.67 3126.48
1018000 1032.98 1026.17 1070.21 3129.36
1020000 1034.25 1027.48 1068.99 3130.72
1022000 1037.09 1028.8 1071.36 3137.25
1024000 1038.89 1033.26 1072.24 3144.39
1026000 1039.17 1036.6 1071.38 3147.15
1028000 1041.34 1040.26 1073.08 3154.68
1030000 1042.45 1038.88 1077.29 3158.62
1032000 1042.64 1041.33 1080.6 3164.57
1034000 1043.13 1039.95 1081.6 3164.68
1036000 1043.11 1047.2 1082.74 3173.05
1038000 1045.07 1048.03 1085.39 3178.49
1040000 1047.96 1048.69 1089.66 3186.31
1042000 1045.28 1049.71 1092.8 3187.79
1044000 1047.21 1047.77 1097.23 3192.22
1046000 1050.79 1050.01 1101.13 3201.93
1048000 1052.17 1051.49 1107.66 3211.31
1050000 1054.49 1053.12 1112.85 3220.46
1052000 1055.48 1052.6 1113.81 3221.89
1054000 1058.21 1056.25 1115.54 3230
1056000 1062.57 1059.53 1117.01 3239.1
1058000 1062.44 1060.59 1121.92 3244.95
1060000 1062.45 1065.04 1125.79 3253.28
1062000 1059.8 1064.4 1127.35 3251.55
1064000 1062.56 1065.91 1126.17 3254.64
1066000 1066.26 1065.55 1128.93 3260.74
1068000 1068.92 1064.7 1132.14 3265.76
1070000 1071.78 1068.81 1134.45 3275.04
1072000 1072.49 1071.62 1136.3 3280.42
1074000 1074.65 1073.7 1140.34 3288.68
1076000 1074.2 1079.33 1143.53 3297.07
1078000 1077.08 1077.7 1150.31 3305.1
1080000 1076.94 1082.41 1156.46 3315.81
1082000 1080.18 1087.7 1159.09 3326.97
1084000 1086.4 1090.44 1167.75 3344.59
1086000 1087.34 1089.95 1172.95 3350.24
1088000 1088.1 1091.12 1170.91 3350.13
1090000 1084.51 1095.36 1172.66 3352.53
1092000 1085.25 1100.44 1175.69 3361.37
1094000 1086.51 1103.93 1182.2 3372.64
1096000 1088.23 1107.02 1184.48 3379.73
1098000 1087.13 1108.79 1189.91 3385.83
1100000 1091.19 1109.7 1189.13 3390.02
1102000 1094.61 1111.85 1197.34 3403.8
1104000 1094.79 1111.68 1198.35 3404.82
1106000 1091.61 1112.71 1198.13 3402.46
1108000 1094.12 1115.35 1201.93 3411.41
1110000 1099.31 1117.62 1201.92 3418.86
1112000 1098.4 1122.47 1202.06 3422.93
1114000 1098.57 1123.71 1209.77 3432.06
1116000 1102.51 1124.61 1206.69 3433.81
1118000 1102.38 1127.3 1208.1 3437.78
1120000 1107.13 1127.89 1208.18 3443.19
1122000 1109.29 1132.06 1211.93 3453.28
1124000 1110.64 1131.63 1212.93 3455.2
1126000 1111.36 1133.08 1216.89 3461.33
1128000 1114.91 1134.74 1219.51 3469.16
1130000 1116.82 1134.48 1221.13 3472.43
1132000 1118.93 1136.18 1223.04 3478.16
1134000 1120.09 1135.59 1224.78 3480.46
1136000 1119.42 1138.4 1226.99 3484.8
1138000 1120.97 1142.25 1226.2 3489.42
1140000 1122.02 1146.87 1230.5 3499.39
1142000 1121.05 1149.28 1229.59 3499.92
1144000 1128.08 1151.91 1232.68 3512.67
1146000 1130.58 1153.44 1234.26 3518.27
1148000 1133.99 1157.51 1236.64 3528.14
1150000 1136.01 1159.61 1240.92 3536.54
1152000 1140.47 1159.93 1239.34 3539.75
1154000 1143.07 1158.07 1240.12 3541.27
1156000 1144.94 1162.96 1241.7 3549.59
1158000 1148.8 1165.94 1247.52 3562.26
1160000 1150.47 1170.4 1247.39 3568.26
1162000 1154.86 1169.71 1249.42 3573.99
1164000 1156.62 1172.11 1253.57 3582.3
1166000 1160.34 1173.73 1259.2 3593.26
1168000 1158.76 1177.06 1259.69 3595.51
1170000 1157.51 1175.75 1265.36 3598.62
1172000 1158.68 1180.68 1261.28 3600.64
1174000 1158.69 1178.97 1265.08 3602.75
1176000 1160.52 1182.03 1272.18 3614.73
1178000 1163.14 1185.54 1277.01 3625.68
1180000 1168.31 1189.44 1283.06 3640.81
1182000 1173.82 1194.97 1279 3647.79
1184000 1176.23 1191.67 1279.66 3647.57
1186000 1179.25 1196.14 1283.21 3658.61
1188000 1179.14 1196.51 1284.6 3660.26
1190000 1180.97 1202.45 1287.33 3670.74
1192000 1180.21 1201.89 1288.32 3670.42
1194000 1182.62 1203.1 1287.5 3673.22
1196000 1187.77 1205.2 1292.89 3685.86
1198000 1190.79 1207.34 1294.63 3692.75
1200000 1191.37 1204.39 1298.16 3693.91
1202000 1194.07 1205.9 1297.59 3697.55
1204000 1193.35 1200.79 1300.81 3694.96
1206000 1192.83 1202.87 1300.6 3696.3
1208000 1196.78 1206 1300.92 3703.69
1210000 1203.06 1209.2 1303.9 3716.16
1212000 1204.86 1214.07 1303.74 3722.67
1214000 1208.22 1214.67 1305.48 3728.37
1216000 1208.07 1212.3 1305.65 3726.02
1218000 1212.73 1213.17 1302.76 3728.66
1220000 1216.74 1219.17 1301.69 3737.61
1222000 1217.81 1216.42 1305.05 3739.28
1224000 1218.92 1217.45 1306.39 3742.76
1226000 1220.78 1220.87 1309.17 3750.82
1228000 1223.53 1221.9 1307.7 3753.13
1230000 1227.23 1221.36 1308.12 3756.71
1232000 1225.28 1224.4 1309.62 3759.3
1234000 1229.37 1229.08 1312.65 3771.1
1236000 1232.94 1230.92 1313.42 3777.28
1238000 1237.54 1230.52 1317.13 3785.19
1240000 1238.97 1230.12 1318.94 3788.03
1242000 1240.87 1234.12 1317.96 3792.95
1244000 1243.17 1238.8 1319.71 3801.68
1246000 1248.07 1243.88 1318.14 3810.09
1248000 1248.28 1247.63 1321.8 3817.71
1250000 1254.1 1249.19 1320.35 3823.64
1252000 1255.73 1252.76 1323.91 3832.4
1254000 1259.49 1252.04 1326.05 3837.58
1256000 1262.66 1254.99 1330.25 3847.9
1258000 1264.37 1254.5 1333.09 3851.96
1260000 1266.74 1257.19 1334.44 3858.36
1262000 1271.25 1255.17 1336.93 3863.35
1264000 1271.62 1256.58 1333.57 3861.77
1266000 1271.22 1263.01 1334.56 3868.79
1268000 1275.27 1264.27 1341.18 3880.72
1270000 1281.51 1263.46 1340.93 3885.9
1272000 1286.88 1264.55 1340.55 3891.98
1274000 1290.19 1264.05 1340.9 3895.13
1276000 1293.32 1263.46 1343.95 3900.73
1278000 1297.39 1267.19 1348.25 3912.83
1280000 1301.34 1268.83 1348.55 3918.73
1282000 1304.72 1278.89 1351.56 3935.16
1284000 1301.47 1284.51 1352.75 3938.73
1286000 1307.12 1285.87 1353.26 3946.25
1288000 1308.24 1284.54 1353.53 3946.31
1290000 1311.77 1290.94 1360.69 3963.4
1292000 1316.13 1294.2 1361.02 3971.36
1294000 1322.4 1294.12 1363.59 3980.11
1296000 1324.48 1296.07 1368.83 3989.37
1298000 1329.98 1302.24 1365.38 3997.6
1300000 1331.29 1300.48 1364.48 3996.25
1302000 1329.12 1301.74 1366.55 3997.41
1304000 1330.11 1306.33 1370.3 4006.74
1306000 1335.46 1310.1 1373.79 4019.35
1308000 1338.9 1315.4 1375.95 4030.25
1310000 1341 1315.98 1376.53 4033.51
1312000 1340.97 1315.46 1377.14 4033.57
1314000 1343.12 1315.71 1374.72 4033.55
1316000 1344.31 1318.89 1377.44 4040.64
1318000 1347.96 1317.27 1375.59 4040.82
1320000 1347.01 1317.25 1380.3 4044.57
1322000 1348.63 1320.69 1380.75 4050.07
1324000 1349.69 1323.43 1378.88 4052.01
1326000 1349.85 1327.79 1380.72 4058.36
1328000 1357.37 1325.64 1377.56 4060.58
1330000 1358.46 1325.06 1378.21 4061.73
1332000 1360.06 1319.87 1379.36 4059.29
1334000 1361.16 1325.08 1381.92 4068.16
1336000 1360.6 1323.08 1384.57 4068.24
1338000 1361.64 1324.59 1388.39 4074.63
1340000 1362.08 1326.67 1390.49 4079.24
1342000 1368.21 1327.53 1394.43 4090.17
1344000 1367.97 1327.2 1396.98 4092.15
1346000 1372.57 1323.59 1398.87 4095.03
1348000 1376.73 1321.84 1401.85 4100.43
1350000 1380.72 1323.62 1405.32 4109.65
1352000 1386.6 1322.36 1408.6 4117.56
1354000 1396.35 1325.81 1410.09 4132.25
1356000 1403.52 1330.07 1407.81 4141.4
1358000 1406.87 1334.29 1410.57 4151.73
1360000 1412.9 1337.28 1413.74 4163.92
1362000 1416.19 1332.93 1418.36 4167.48
1364000 1416.72 1337.29 1423.94 4177.95
1366000 1422.96 1335.23 1423.57 4181.77
1368000 1426.04 1336.74 1430.62 4193.4
1370000 1430.14 1336.68 1434.21 4201.04
1372000 1429.92 1338.27 1431.66 4199.85
1374000 1431 1342.08 1434.43 4207.51
1376000 1434 1344.55 1437.21 4215.76
1378000 1433.85 1342.57 1437.16 4213.58
1380000 1434.95 1345.55 1438.82 4219.32
1382000 1436.57 1347.83 1442.49 4226.88
1384000 1437.99 1350.24 1446.26 4234.49
1386000 1438.39 1351.29 1450.05 4239.73
1388000 1442 1353.91 1455.43 4251.33
1390000 1443.75 1356.47 1457.88 4258.09
1392000 1445.33 1355.43 1459.68 4260.44
1394000 1447.22 1357.42 1458.7 4263.33
1396000 1448.65 1362.38 1458.69 4269.73
1398000 1451.18 1364.53 1461.17 4276.88
1400000 1456.48 1364.43 1466.61 4287.52
1402000 1457.33 1363.75 1469.08 4290.16
1404000 1460.63 1368.54 1475.01 4304.18
1406000 1462.26 1368.91 1477.21 4308.37
1408000 1464.33 1370.32 1480.06 4314.7
1410000 1468.29 1373.77 1484.99 4327.05
1412000 1465.69 1378.56 1486.57 4330.82
1414000 1469.27 1381.33 1489.86 4340.45
1416000 1469.47 1381.96 1489.34 4340.76
1418000 1469.5 1379.18 1492.68 4341.37
1420000 1472.42 1381.22 1493.11 4346.75
1422000 1472.72 1386.13 1497.54 4356.4
1424000 1477.92 1389.25 1499.66 4366.82
1426000 1482.46 1395.37 1502.6 4380.43
1428000 1484.86 1398.42 1502.83 4386.11
1430000 1481.97 1399.19 1505.84 4387
1432000 1489.08 1406.1 1511.9 4407.07
1434000 1489.24 1409.66 1512.96 4411.86
1436000 1491.94 1407.13 1512.6 4411.67
1438000 1492.94 1405.49 1515.22 4413.65
1440000 1494.12 1409.64 1515.69 4419.45
1442000 1498.17 1409.79 1514.77 4422.72
1444000 1501.58 1413.34 1520.7 4435.62
1446000 1505.44 1419.24 1526.02 4450.7
1448000 1510.83 1422.85 1522.5 4456.18
1450000 1512.89 1426.72 1526.21 4465.82
1452000 1514.99 1427.31 1534.7 4477
1454000 1509.56 1429.63 1536.27 4475.46
1456000 1513.94 1431.4 1541.2 4486.54
1458000 1514.31 1435.54 1545.86 4495.71
1460000 1516.32 1440.78 1544.43 4501.53
1462000 1514.85 1442.61 1546.6 4504.06
1464000 1515.45 1445.38 1549.5 4510.33
1466000 1517.15 1443.88 1549.25 4510.28
1468000 1520.78 1444.66 1549.66 4515.11
1470000 1519.21 1448.76 1553.95 4521.92
1472000 1517.71 1453.11 1552.96 4523.78
1474000 1521.7 1453.32 1551.74 4526.76
1476000 1523.53 1457.33 1553.5 4534.36
1478000 1523.57 1459.22 1550.97 4533.77
1480000 1520.21 1464.45 1554.21 4538.88
1482000 1520.4 1464.61 1557.94 4542.95
1484000 1523.77 1462.02 1563.11 4548.9
1486000 1520.75 1464.59 1561.65 4546.99
1488000 1524.37 1470.56 1561.28 4556.21
1490000 1527.89 1471.54 1562.56 4562
1492000 1527.68 1472 1565.85 4565.53
1494000 1528.97 1471.03 1570.72 4570.72
1496000 1531.19 1476.83 1574.06 4582.08
1498000 1536.48 1476.88 1574.36 4587.72
1500000 1541 1477.7 1578.11 4596.81
1502000 1541.37 1478.84 1579.55 4599.76
1504000 1542.13 1478.32 1582.99 4603.44
1506000 1548.49 1477.03 1583.26 4608.77
1508000 1551.7 1476.63 1585.93 4614.26
1510000 1553.59 1478.62 1589.15 4621.36
1512000 1553.96 1477.99 1594.54 4626.49
1514000 1550.7 1481.64 1600.98 4633.32
1516000 1547 1483.08 1603.37 4633.44
1518000 1543.49 1484.4 1604.67 4632.56
1520000 1543.49 1481.3 1609.78 4634.57
1522000 1546.16 1483.23 1614.33 4643.72
1524000 1553.1 1484.48 1616.62 4654.19
1526000 1553.91 1488.64 1620.58 4663.12
1528000 1552.98 1492.9 1622.73 4668.6
1530000 1553.05 1498.92 1616.16 4668.13
1532000 1553.26 1505.59 1619.28 4678.13
1534000 1557.73 1507.25 1617.99 4682.97
1536000 1560.06 1505.33 1622.11 4687.5
1538000 1562.58 1505.3 1619.81 4687.69
1540000 1566.26 1505.84 1620.85 4692.95
1542000 1568.88 1514.02 1622.6 4705.5
1544000 1574.72 1516.51 1630.69 4721.92
1546000 1580.49 1519.84 1631.83 4732.16
1548000 1582.93 1520.31 1635.14 4738.38
1550000 1590.57 1524.42 1637.92 4752.92
1552000 1588.56 1532.41 1646.32 4767.3
1554000 1592.34 1536.47 1651.36 4780.17
1556000 1594.1 1538.69 1652.31 4785.1
1558000 1597.24 1539.51 1647.46 4784.21
1560000 1597.71 1543.43 1650.44 4791.58
1562000 1602.89 1543.34 1654.14 4800.37
1564000 1602.33 1542.32 1655.02 4799.67
1566000 1602.53 1546.26 1659.52 4808.31
1568000 1600.19 1546.57 1657.62 4804.38
1570000 1601.73 1551.37 1663.67 4816.78
1572000 1602.14 1552.32 1665.29 4819.76
1574000 1602.12 1552.94 1667.48 4822.54
1576000 1604.84 1554.09 1672.49 4831.42
1578000 1606.51 1556.6 1673.97 4837.09
1580000 1608.05 1560.89 1671.45 4840.39
1582000 1607.57 1561.46 1669.31 4838.33
1584000 1610.18 1565.02 1667.01 4842.2
1586000 1609.2 1563.5 1671.17 4843.87
1588000 1613.06 1562.71 1673.84 4849.61
1590000 1617.99 1564.55 1675.98 4858.52
1592000 1617.05 1567.48 1683.13 4867.65
1594000 1620.71 1571.45 1685.35 4877.51
1596000 1623.84 1576.11 1684.68 4884.63
1598000 1628.23 1578.94 1691.41 4898.58
1600000 1629.94 1584.21 1696.41 4910.57
1602000 1634.11 1587.2 1697.16 4918.48
1604000 1636.27 1589.28 1696.36 4921.91
1606000 1643.03 1592.97 1693.37 4929.38
1608000 1648.67 1594.43 1693.69 4936.79
1610000 1648.17 1595.52 1698.41 4942.11
1612000 1650.29 1598.63 1702.39 4951.31
1614000 1649.19 1603.56 1707.62 4960.37
1616000 1653.57 1602.46 1714.17 4970.19
1618000 1652.83 1604.85 1712.14 4969.83
1620000 1657.64 1604.11 1714.89 4976.63
1622000 1662.14 1607.13 1717.65 4986.93
1624000 1662.95 1605.54 1723.59 4992.08
1626000 1658.91 1605.56 1728.42 4992.9
1628000 1661.85 1609.41 1729.5 5000.75
1630000 1659.62 1615.28 1733.88 5008.78
1632000 1655.17 1615.9 1730.31 5001.39
1634000 1650.75 1622.32 1735.87 5008.94
1636000 1649.45 1626.82 1742.41 5018.69
1638000 1651.64 1626.62 1741.9 5020.16
1640000 1657.64 1631.09 1743.71 5032.45
1642000 1660.06 1639.67 1748.53 5048.26
1644000 1663.87 1637.31 1748.85 5050.03
1646000 1667.47 1637.34 1751.23 5056.05
1648000 1669.2 1638.59 1761.05 5068.84
1650000 1669.64 1643.54 1769.22 5082.4
1652000 1668.84 1650.97 1765.65 5085.46
1654000 1667.85 1647.61 1770.01 5085.47
1656000 1670.72 1649.45 1780.09 5100.27
1658000 1672.2 1650.11 1784.34 5106.65
1660000 1673.67 1650.32 1782.05 5106.04
1662000 1677.35 1653.86 1781.88 5113.1
1664000 1679.43 1658.48 1785.03 5122.94
1666000 1679.6 1661.96 1785.34 5126.91
1668000 1682.65 1665.09 1790.19 5137.93
1670000 1683.53 1670.52 1792.9 5146.96
1672000 1678.48 1671.2 1797.28 5146.96
1674000 1677.6 1670.4 1797.05 5145.06
1676000 1678.22 1672.12 1800.64 5150.98
1678000 1681.72 1674.48 1803.15 5159.34
1680000 1680.27 1671.59 1806.57 5158.42
1682000 1686.16 1681.24 1807.07 5174.46
1684000 1689.8 1682.4 1809.08 5181.28
1686000 1692.28 1682.56 1811.19 5186.02
1688000 1692.87 1683.04 1815.5 5191.41
1690000 1690.41 1684.88 1815.95 5191.23
1692000 1692.21 1690.08 1825.06 5207.35
1694000 1689.95 1693.84 1825.63 5209.42
1696000 1692.56 1695.77 1829.72 5218.06
1698000 1700.87 1704.13 1830.59 5235.59
1700000 1706.21 1706.34 1833.35 5245.89
1702000 1710.84 1704.39 1844.11 5259.33
1704000 1717.17 1705.36 1847.85 5270.37
1706000 1723.11 1706.94 1840.23 5270.28
1708000 1727.25 1708.62 1839.49 5275.37
1710000 1729.8 1710.11 1841.94 5281.85
1712000 1727.9 1708.6 1841.88 5278.37
1714000 1734.06 1711.42 1849.55 5295.04
1716000 1737.39 1711.87 1854.96 5304.22
1718000 1744.95 1713.14 1857.29 5315.38
1720000 1747.89 1711.89 1857.38 5317.15
1722000 1751.82 1716.26 1863.63 5331.72
1724000 1753.83 1717.07 1869.44 5340.35
1726000 1758.23 1718.38 1871.68 5348.28
1728000 1758.4 1719.33 1871.49 5349.23
1730000 1756.38 1717.37 1867.69 5341.44
1732000 1761.74 1717.54 1865.28 5344.55
1734000 1764.33 1719.17 1870.1 5353.6
1736000 1765.64 1725.35 1871.93 5362.93
1738000 1770.07 1729.83 1878.4 5378.3
1740000 1768.23 1729.39 1882.25 5379.88
1742000 1768.96 1730.99 1882.18 5382.13
1744000 1767.77 1731.94 1882.55 5382.25
1746000 1765.92 1733.55 1885.58 5385.06
1748000 1768.3 1731.24 1888.12 5387.66
1750000 1770.83 1728.05 1890.85 5389.72
1752000 1775.75 1729.62 1895.28 5400.65
1754000 1777.85 1733.87 1900.75 5412.46
1756000 1774.58 1736.85 1901.54 5412.97
1758000 1776.87 1738.99 1906.06 5421.91
1760000 1782.55 1742 1911.88 5436.43
1762000 1790.91 1744.93 1918.13 5453.97
1764000 1787.23 1749.56 1926.75 5463.54
1766000 1792.97 1748.94 1932.52 5474.42
1768000 1792.69 1754.61 1937.42 5484.72
1770000 1787.09 1756.55 1942.73 5486.36
1772000 1786.3 1755.12 1946.34 5487.75
1774000 1787.62 1756.33 1949.31 5493.27
1776000 1797.38 1755.88 1949.87 5503.13
1778000 1802.33 1761.2 1947.73 5511.26
1780000 1799.32 1765.04 1949.22 5513.58
1782000 1805.7 1767.62 1950.09 5523.4
1784000 1801.32 1775.07 1949.54 5525.93
1786000 1802.15 1777.36 1951.62 5531.13
1788000 1799.09 1776.2 1951.69 5526.97
1790000 1802.02 1777.61 1958.14 5537.77
1792000 1803.26 1782.91 1958.56 5544.73
1794000 1804.27 1781.47 1960.52 5546.27
1796000 1806.38 1782.31 1960.73 5549.41
1798000 1805.34 1778.15 1967.51 5551
1800000 1807.77 1782.3 1972.34 5562.42
1802000 1812.42 1786.71 1974.24 5573.37
1804000 1813.09 1789.18 1978.75 5581.03
1806000 1816.11 1791.64 1978.22 5585.98
1808000 1822.67 1788.17 1984.4 5595.24
1810000 1822.52 1784.17 1980.68 5587.36
1812000 1825.35 1782.47 1981.18 5589
1814000 1827.31 1784.25 1981.68 5593.25
1816000 1830.83 1787 1980.67 5598.5
1818000 1837.36 1789.26 1984.48 5611.1
1820000 1847 1794.76 1987.24 5628.99
1822000 1849.56 1794.26 1992.22 5636.04
1824000 1853.42 1798.55 1996.99 5648.97
1826000 1852.7 1801.87 1997.01 5651.58
1828000 1860.9 1802.66 1997.47 5661.02
1830000 1861.96 1803.05 1999.75 5664.76
1832000 1859.89 1806.53 1998.05 5664.47
1834000 1862.85 1807.61 2003.45 5673.92
1836000 1864.11 1807.73 2003.75 5675.59
1838000 1866.9 1810.1 2005.66 5682.66
1840000 1868.97 1817.46 2006.14 5692.57
1842000 1872.98 1817.63 2012.29 5702.9
1844000 1873.81 1814.17 2011.19 5699.17
1846000 1872.57 1815.02 2014.99 5702.58
1848000 1873.11 1813.99 2019.18 5706.29
1850000 1877.05 1821.94 2020.3 5719.29
1852000 1877.33 1829.8 2024.08 5731.21
1854000 1882.09 1832.1 2031.37 5745.56
1856000 1885.76 1836.16 2033.49 5755.42
1858000 1885.68 1840.02 2033.96 5759.66
1860000 1883.76 1846.32 2035.7 5765.78
1862000 1890.3 1846.72 2037.58 5774.59
1864000 1893.39 1851.84 2041.35 5786.58
1866000 1894.31 1852.41 2044.25 5790.98
1868000 1899.91 1859.51 2046.46 5805.87
1870000 1904.61 1862.17 2045.49 5812.28
1872000 1908.03 1869.93 2050.39 5828.35
1874000 1903.3 1866.21 2048.31 5817.82
1876000 1900.31 1867.94 2049.64 5817.89
1878000 1899.69 1870.74 2048.03 5818.46
1880000 1906.01 1871.88 2053.77 5831.66
1882000 1904.87 1870.72 2050.44 5826.03
1884000 1897.62 1875.52 2053.31 5826.46
1886000 1901.75 1881.19 2054.03 5836.97
1888000 1904.7 1889.58 2055.77 5850.06
1890000 1905.14 1891.21 2058.08 5854.42
1892000 1906.05 1889.73 2060.07 5855.86
1894000 1910.15 1893.23 2065.31 5868.7
1896000 1905.6 1893.84 2064.63 5864.07
1898000 1906.31 1898.85 2067.71 5872.87
1900000 1910.41 1896.84 2066.81 5874.06
1902000 1915.35 1898.97 2072.23 5886.55
1904000 1915.8 1894.01 2076.32 5886.14
1906000 1918.76 1896.57 2081.98 5897.31
1908000 1922.82 1893.65 2085.28 5901.75
1910000 1923.42 1896.49 2088.31 5908.21
1912000 1928.49 1897.7 2089.62 5915.81
1914000 1936.91 1900.56 2097.32 5934.79
1916000 1939.97 1903.2 2093.39 5936.56
1918000 1943.75 1906.45 2097.68 5947.89
1920000 1943.7 1907.14 2108.24 5959.08
1922000 1944.5 1909.36 2112.44 5966.31
1924000 1942.84 1911.09 2112.37 5966.29
1926000 1942.21 1912.88 2113.94 5969.03
1928000 1943.95 1915.36 2118.89 5978.21
1930000 1946.2 1917.48 2121.45 5985.13
1932000 1953.05 1924.83 2118.82 5996.71
1934000 1955.23 1927.25 2122.38 6004.86
1936000 1958.05 1931.52 2125.85 6015.42
1938000 1961.67 1932.23 2127.84 6021.74
1940000 1966.61 1931.84 2129.76 6028.2
1942000 1965.12 1928.25 2133.91 6027.29
1944000 1970.55 1926.92 2138.49 6035.96
1946000 1975.36 1930.07 2140.98 6046.41
1948000 1975.59 1932.07 2143.3 6050.96
1950000 1976.25 1931.67 2144.87 6052.79
1952000 1979.61 1933.92 2151.77 6065.3
1954000 1981.01 1932.37 2155.46 6068.84
1956000 1984.36 1936.97 2155.11 6076.45
1958000 1987.02 1945.57 2156.77 6089.36
1960000 1989 1943.91 2162.84 6095.76
1962000 1991.05 1939.95 2162.58 6093.58
1964000 1991.7 1944.35 2164.11 6100.16
1966000 1994.9 1950.08 2169.66 6114.63
1968000 1998.04 1957.98 2174.7 6130.73
1970000 1997.58 1957.58 2182.67 6137.84
1972000 1998.83 1958.57 2184.56 6141.96
1974000 2000.12 1954.42 2181.1 6135.64
1976000 2005.64 1957.04 2185.04 6147.72
1978000 2002.68 1964.07 2190.66 6157.4
1980000 1999.63 1966.3 2194.22 6160.15
1982000 2004.27 1966.86 2201.25 6172.38
1984000 2003.98 1970.63 2210.98 6185.59
1986000 2004.45 1972.45 2215.97 6192.87
1988000 2004.59 1974.56 2217.7 6196.84
1990000 2006.61 1977.32 2214.12 6198.06
1992000 2007.96 1980.6 2216.95 6205.5
1994000 2011.97 1983.96 2215.27 6211.2
1996000 2018.67 1984.63 2216.65 6219.95
1998000 2019.84 1985.25 2220.9 6225.99
2000000 2021.88 1988.07 2227.68 6237.63
