0 3313861.7
2000 3310147.7
4000 3311081.2
6000 3314245.9
8000 3312928.3
10000 3307111.2
12000 3309068.1
14000 3298559.3
16000 3313853.4
18000 3303693.1
20000 3292988.4
22000 3297017.4
24000 3311581.2
26000 3294836.3
28000 3291467.7
30000 3304539.4
32000 3304500.5
34000 3298012.5
36000 3304039.4
38000 3329803.8
40000 3313296.3
42000 3311384.5
44000 3307090.4
46000 3313805.2
48000 3314879.4
50000 3310049
52000 3307765.3
54000 3311486.2
56000 3306947.3
58000 3313871.8
60000 3297164.2
62000 3291403.2
64000 3307046.9
66000 3298234.6
68000 3318290.2
70000 3306788.6
72000 3305037.1
74000 3303076.3
76000 3317518.5
78000 3327640.6
80000 3309731.6
82000 3299440.6
84000 3313390.6
86000 3301424.4
88000 3304283.8
90000 3293519
92000 3312423.2
94000 3324719.2
96000 3307924.3
98000 3284549.1
100000 3300877
102000 3311371.9
104000 3285721.4
106000 3310727.4
108000 3293779.2
110000 3300799.9
112000 3300604.7
114000 3310057.6
116000 3315353.1
118000 3280467.9
120000 3303723.4
122000 3312638.1
124000 3312659
126000 3308603
128000 3314506.4
130000 3309413
132000 3299718.1
134000 3298864.4
136000 3297367.9
138000 3310761.3
140000 3286563.3
142000 3314723.6
144000 3299513.3
146000 3302994.9
148000 3311930.5
150000 3289393.9
152000 3334225.3
154000 3306623
156000 3297518.5
158000 3319987.9
160000 3302817.5
162000 3320775.7
164000 3318176.1
166000 3309535.6
168000 3294661.8
170000 3307192.9
172000 3302120.3
174000 3298233.2
176000 3316756.7
178000 3300076.7
180000 3312970.4
182000 3309009.9
184000 3310765.8
186000 3295801.2
188000 3313812.4
190000 3306827
192000 3317844.2
194000 3318125.1
196000 3303363.5
198000 3327325.8
200000 3296213.9
202000 3292161.4
204000 3315349.5
206000 3318232.6
208000 3319215.7
210000 3296132
212000 3303746.9
214000 3308041.9
216000 3300433.9
218000 3308769.7
220000 3320938.6
222000 3329530
224000 3314843.6
226000 3291032
228000 3291057
230000 3314700.7
232000 3287940.3
234000 3304984.6
236000 3312965.7
238000 3293700.4
240000 3303718.1
242000 3292760.1
244000 3308286.1
246000 3308582.4
248000 3298454.3
250000 3308930.3
252000 3322147.9
254000 3277764.7
256000 3319910
258000 3315748.7
260000 3309900.8
262000 3313000.2
264000 3313128
266000 3315210.3
268000 3302013.2
270000 3302396.7
272000 3310350.6
274000 3324505.2
276000 3304653.6
278000 3305365.8
280000 3311043.6
282000 3294464.7
284000 3319602.7
286000 3281790.9
288000 3303944.7
290000 3292710.2
292000 3297542
294000 3304632.7
296000 3308112.1
298000 3297540.6
300000 3284749.1
302000 3309439.1
304000 3295390.3
306000 3302187.4
308000 3308837.9
310000 3318014.1
312000 3296475.6
314000 3294973.8
316000 3304249.6
318000 3298898.8
320000 3298050.8
322000 3301074.9
324000 3304322.8
326000 3290218.4
328000 3310180.7
330000 3314131
332000 3311909.8
334000 3310038.5
336000 3309245.5
338000 3301394.2
340000 3301284.4
342000 3288010
344000 3309074.1
346000 3291859.4
348000 3308623.1
350000 3300177.3
352000 3303790.3
354000 3305224.5
356000 3306232.4
358000 3318332.6
360000 3294595.2
362000 3305849.6
364000 3323910.2
366000 3295964.4
368000 3309395.7
370000 3302686.7
372000 3303655.1
374000 3293319.7
376000 3296713.7
378000 3312578.4
380000 3299368.2
382000 3292935.2
384000 3309201.2
386000 3289563.4
388000 3290216.7
390000 3306247.6
392000 3299772.2
394000 3275851.4
396000 3297521.6
398000 3321035.1
400000 3303808.6
402000 3310207.9
404000 3305998.8
406000 3313899.6
408000 3287654
410000 3299851.1
412000 3325218.9
414000 3298136.6
416000 3295956
418000 3294922.1
420000 3320314.2
422000 3291201.2
424000 3295166.4
426000 3314273.9
428000 3311582.5
430000 3321564.3
432000 3296390.1
434000 3299981.8
436000 3307570.2
438000 3307868.7
440000 3312230.3
442000 3280821.1
444000 3295317.2
446000 3310933.5
448000 3305924.8
450000 3306995.3
452000 3290566.7
454000 3311669.8
456000 3292926.5
458000 3297773
460000 3321169.9
462000 3307534.5
464000 3300368.8
466000 3300689.8
468000 3304856.7
470000 3310013
472000 3287599.7
474000 3309292.2
476000 3308264.3
478000 3326742.1
480000 3306507.7
482000 3298062
484000 3314272.8
486000 3307050.8
488000 3306052.2
490000 3312549.3
492000 3317526.4
494000 3309684.7
496000 3302672.2
498000 3312987.6
500000 3302246.6
502000 3287034.9
504000 3298939
506000 3293363.4
508000 3313327.1
510000 3311033.5
512000 3310989.5
514000 3292348
516000 3302235.1
518000 3325784.7
520000 3312872.8
522000 3288297.6
524000 3306157.8
526000 3313489.1
528000 3301153
530000 3302626.9
532000 3304248.8
534000 3289463.5
536000 3294830.1
538000 3303617.5
540000 3316854
542000 3302823
544000 3315189.4
546000 3304990.9
548000 3312531.7
550000 3290096.5
552000 3311895.7
554000 3312712.1
556000 3300835.2
558000 3299645.3
560000 3311036.9
562000 3299416.2
564000 3305015.7
566000 3314206.5
568000 3308907.7
570000 3285210.7
572000 3314212.7
574000 3310436.1
576000 3295642.1
578000 3301915.2
580000 3293494.1
582000 3299634
584000 3296747.1
586000 3304246.6
588000 3300273.7
590000 3314295.1
592000 3312626.2
594000 3310032.2
596000 3301289.9
598000 3311400.6
600000 3323969.2
602000 3298550
604000 3291969
606000 3310593.7
608000 3326688.3
610000 3306650.8
612000 3297069.9
614000 3297067.8
616000 3311436.1
618000 3307238.2
620000 3313908.1
622000 3312614.5
624000 3328076.9
626000 3310100.4
628000 3300015.1
630000 3312144.7
632000 3306241.7
634000 3288562.1
636000 3299417.9
638000 3291620.2
640000 3303628.8
642000 3318095.8
644000 3286133.8
646000 3284090.8
648000 3297700.7
650000 3317075.5
652000 3298327.9
654000 3313444.9
656000 3298078.2
658000 3291215.7
660000 3281283.8
662000 3281341.4
664000 3300704.5
666000 3304315.5
668000 3301064.7
670000 3293858.1
672000 3294803.1
674000 3309175.5
676000 3291864.8
678000 3321343
680000 3314672.8
682000 3301640.9
684000 3322634.8
686000 3299339.7
688000 3283247.6
690000 3313213.5
692000 3298131.2
694000 3306295.3
696000 3306666.1
698000 3303190.7
700000 3303031.8
702000 3320947.3
704000 3301588.5
706000 3309313.6
708000 3299433.9
710000 3299872.3
712000 3291932
714000 3297525.9
716000 3298547
718000 3306584.8
720000 3312959.2
722000 3308086.7
724000 3311445.9
726000 3295831.1
728000 3301346.7
730000 3307960.1
732000 3308767
734000 3300369.4
736000 3311151.1
738000 3296699.7
740000 3314014.5
742000 3312341.5
744000 3313480.1
746000 3311931.6
748000 3311252.7
750000 3291658.6
752000 3310496.7
754000 3313937.6
756000 3301148.3
758000 3300695.6
760000 3307839
762000 3305608.8
764000 3321010.4
766000 3295364
768000 3314268.1
770000 3312679.5
772000 3297477.3
774000 3305897.2
776000 3312077.8
778000 3298225.4
780000 3301036.4
782000 3313045.4
784000 3323500.7
786000 3295014.9
788000 3295642.3
790000 3304089.9
792000 3294559.4
794000 3318112.4
796000 3312714.8
798000 3306371.6
800000 3315159.5
802000 3322868.3
804000 3319486.1
806000 3296548.5
808000 3305879.1
810000 3305984.1
812000 3304194
814000 3304829
816000 3309307
818000 3302489.6
820000 3331800.1
822000 3292565.6
824000 3286897.9
826000 3309984.6
828000 3303816.4
830000 3306140.9
832000 3315460.2
834000 3291499.3
836000 3311845.5
838000 3303514.8
840000 3307004.5
842000 3299136.6
844000 3303153.4
846000 3295446.5
848000 3295735.9
850000 3310273.2
852000 3299656.5
854000 3284102.9
856000 3306501.4
858000 3330792.8
860000 3303057.1
862000 3302211.1
864000 3316691.3
866000 3298750
868000 3294965.1
870000 3311268.8
872000 3301714.2
874000 3324226.4
876000 3316915.2
878000 3303765.9
880000 3298963.8
882000 3297088.4
884000 3298913.9
886000 3301478.2
888000 3315099.4
890000 3280072.5
892000 3310679.6
894000 3300679.8
896000 3292804.9
898000 3309836.4
900000 3311805.6
902000 3305327
904000 3293466.9
906000 3313672.6
908000 3306325.4
910000 3302325.4
912000 3306059.2
914000 3310889.6
916000 3292263.4
918000 3308146.6
920000 3308193.7
922000 3300618.7
924000 3286738.4
926000 3302898.5
928000 3292464.8
930000 3287336.5
932000 3296838.9
934000 3293004.6
936000 3295336.9
938000 3295285
940000 3296798
942000 3306301.2
944000 3304722.4
946000 3291247.1
948000 3297092.8
950000 3283996.4
952000 3299639.1
954000 3308323.5
956000 3295622.8
958000 3302058.1
960000 3322102.2
962000 3298878.3
964000 3315810.8
966000 3327042.9
968000 3293655.6
970000 3308616
972000 3307963.9
974000 3297398.3
976000 3321141.4
978000 3302472
980000 3307728.6
982000 3295407.7
984000 3301186.1
986000 3294038.4
988000 3288631.3
990000 3303027.1
992000 3309340.9
994000 3291033.7
996000 3284870.6
998000 3297290.4
1000000 3304090.9
1002000 3303763.6
1004000 3321590.7
1006000 3306937.1
1008000 3323110.9
1010000 3287589.3
1012000 3302805.6
1014000 3318407.8
1016000 3313112.1
1018000 3321395.8
1020000 3306745.8
1022000 3307162.8
1024000 3300949.7
1026000 3309935.9
1028000 3302821.4
1030000 3296947.5
1032000 3300189.6
1034000 3304340.6
1036000 3313392
1038000 3305686.2
1040000 3298025.4
1042000 3315525.2
1044000 3302621.8
1046000 3301825.1
1048000 3313251.1
1050000 3313651.8
1052000 3301897.2
1054000 3301113
1056000 3301828.2
1058000 3292893.9
1060000 3295915.9
1062000 3303396
1064000 3307646
1066000 3307499.7
1068000 3296601.8
1070000 3299321
1072000 3297416.6
1074000 3300486.9
1076000 3302232.6
1078000 3301102.1
1080000 3318667.7
1082000 3293286.2
1084000 3306679.5
1086000 3289678.6
1088000 3309830.8
1090000 3294636.5
1092000 3302959.9
1094000 3304623
1096000 3300796.3
1098000 3310464.9
1100000 3294963.9
1102000 3319654.9
1104000 3301536.2
1106000 3299941.6
1108000 3316985
1110000 3302673.2
1112000 3277754.5
1114000 3305025.1
1116000 3311611.4
1118000 3313304.1
1120000 3286686.1
1122000 3306533.9
1124000 3316062
1126000 3297158.9
1128000 3314408.8
1130000 3332082.7
1132000 3296800.2
1134000 3301658
1136000 3319070.6
1138000 3298182.9
1140000 3304445.1
1142000 3296178.1
1144000 3296485
1146000 3325957.8
1148000 3303080.3
1150000 3317470.4
1152000 3308859.8
1154000 3305599.6
1156000 3306310.6
1158000 3315977.8
1160000 3293322.3
1162000 3301213.5
1164000 3295069.9
1166000 3304430.7
1168000 3313680.6
1170000 3290950.6
1172000 3310604.3
1174000 3291662.6
1176000 3314804
1178000 3314015
1180000 3296521
1182000 3319159.3
1184000 3329417.7
1186000 3308374
1188000 3307476.1
1190000 3285385
1192000 3314207.9
1194000 3298591.3
1196000 3291084
1198000 3335066.1
1200000 3311300.5
1202000 3302724
1204000 3310328.3
1206000 3295941.5
1208000 3291833.5
1210000 3305731.5
1212000 3298309.9
1214000 3300360.6
1216000 3303742.8
1218000 3302030.7
1220000 3294957.1
1222000 3303802.2
1224000 3308249
1226000 3293734.3
1228000 3306752.9
1230000 3305873.6
1232000 3303369
1234000 3301250.3
1236000 3319967.1
1238000 3294610.4
1240000 3293647.8
1242000 3310347.6
1244000 3294188.9
1246000 3308404.2
1248000 3298865.9
1250000 3300132.8
1252000 3295025.4
1254000 3296107.7
1256000 3314532.2
1258000 3303784.9
1260000 3311917.4
1262000 3299247.7
1264000 3303390.2
1266000 3312813.1
1268000 3305583.2
1270000 3299760.2
1272000 3309515.8
1274000 3299481.4
1276000 3302571.5
1278000 3288207.1
1280000 3293276
1282000 3314768.9
1284000 3314232.6
1286000 3309413.1
1288000 3301136.5
1290000 3303933.1
1292000 3295008.3
1294000 3300487.4
1296000 3320372.3
1298000 3288409.9
1300000 3319182.8
1302000 3312718.7
1304000 3300137.9
1306000 3299037.7
1308000 3310882.6
1310000 3300122.9
1312000 3291743.3
1314000 3318291.5
1316000 3304171.2
1318000 3314831.3
1320000 3307472.2
1322000 3303774.6
1324000 3322746.2
1326000 3298977.6
1328000 3304872.4
1330000 3307207.4
1332000 3321471.9
1334000 3294728.9
1336000 3307029.3
1338000 3298494.6
1340000 3291614.9
1342000 3297308.3
1344000 3314989.2
1346000 3306198.2
1348000 3292675.8
1350000 3315485.8
1352000 3315115.5
1354000 3281747.6
1356000 3332794
1358000 3299768.3
1360000 3305325.2
1362000 3304806.4
1364000 3287792.7
1366000 3310639.5
1368000 3310899.6
1370000 3315440.8
1372000 3304443.6
1374000 3304369.1
1376000 3300143.4
1378000 3306708.3
1380000 3305899.2
1382000 3306519.2
1384000 3299656.7
1386000 3313247
1388000 3305436.2
1390000 3300350.9
1392000 3303800
1394000 3291602
1396000 3310743.6
1398000 3292966.4
1400000 3299869.4
1402000 3308250.5
1404000 3312161.9
1406000 3300195.2
1408000 3314559.6
1410000 3323246.8
1412000 3295246.4
1414000 3318023.3
1416000 3286842.9
1418000 3301403.6
1420000 3287542
1422000 3306679.6
1424000 3283979.2
1426000 3313018.9
1428000 3304884.1
1430000 3300534
1432000 3308039.5
1434000 3303297.7
1436000 3305656.8
1438000 3295404.6
1440000 3322328.2
1442000 3301914.8
1444000 3304431.7
1446000 3298778.9
1448000 3294506
1450000 3310640.3
1452000 3283617.4
1454000 3284373.5
1456000 3285959.1
1458000 3304342.9
1460000 3313241
1462000 3290784.9
1464000 3304661.3
1466000 3309600.9
1468000 3304648.3
1470000 3305885.8
1472000 3301754.9
1474000 3307333.7
1476000 3280847.7
1478000 3304437.6
1480000 3316482.3
1482000 3313076.9
1484000 3310810.4
1486000 3313282.4
1488000 3302853.7
1490000 3306257.7
1492000 3293586
1494000 3309891.7
1496000 3303432.3
1498000 3302568.6
1500000 3301932.9
1502000 3309123.5
1504000 3318345.7
1506000 3313607.1
1508000 3302353.5
1510000 3317337.7
1512000 3299073.3
1514000 3317426.3
1516000 3302991.8
1518000 3291180.4
1520000 3304557.3
1522000 3302311.5
1524000 3292533.8
1526000 3307696.3
1528000 3301714.8
1530000 3308246.1
1532000 3302280.1
1534000 3298206.7
1536000 3304718.6
1538000 3319229.6
1540000 3296961.3
1542000 3307335.3
1544000 3288779.5
1546000 3303956.4
1548000 3311676
1550000 3301582.8
1552000 3300745.8
1554000 3313396.4
1556000 3300467.2
1558000 3291799.9
1560000 3295920.2
1562000 3301281.4
1564000 3313452.9
1566000 3291175.7
1568000 3302170.3
1570000 3314046.3
1572000 3293449
1574000 3284550.5
1576000 3314167
1578000 3314208.1
1580000 3294146.8
1582000 3299675.3
1584000 3304511.2
1586000 3293672.5
1588000 3307960.7
1590000 3317973.1
1592000 3296883
1594000 3291927.2
1596000 3315617.9
1598000 3324576
1600000 3314978.5
1602000 3301395.3
1604000 3308962.6
1606000 3290886.9
1608000 3311378.7
1610000 3298537.7
1612000 3309224.5
1614000 3300185.5
1616000 3299588.9
1618000 3301156.2
1620000 3302027.7
1622000 3304973.1
1624000 3280518.2
1626000 3309069.5
1628000 3292466.9
1630000 3292644.8
1632000 3296615.6
1634000 3317511.3
1636000 3314305.5
1638000 3289782.7
1640000 3304056.9
1642000 3309103.7
1644000 3283505.2
1646000 3317387.8
1648000 3303284.3
1650000 3310445.6
1652000 3317743.6
1654000 3318001.1
1656000 3304809.9
1658000 3311446.9
1660000 3297685.3
1662000 3288581.5
1664000 3324905
1666000 3310173.1
1668000 3298149.4
1670000 3313293.2
1672000 3309535
1674000 3302829.9
1676000 3305548.4
1678000 3283165.1
1680000 3293811.5
1682000 3309027.4
1684000 3309411.4
1686000 3296250.9
1688000 3309123.2
1690000 3304540.8
1692000 3309407.5
1694000 3308871.6
1696000 3303160.3
1698000 3313046.4
1700000 3294151.4
1702000 3303403.8
1704000 3309892
1706000 3303053.2
1708000 3308377.4
1710000 3285522.2
1712000 3314974.5
1714000 3306391.8
1716000 3293435.3
1718000 3310111.9
1720000 3322257.4
1722000 3298125.8
1724000 3294645.1
1726000 3315467.8
1728000 3296461.8
1730000 3305061.3
1732000 3314700.2
1734000 3308230.3
1736000 3297726
1738000 3301957
1740000 3305737.4
1742000 3290860.4
1744000 3301969.5
1746000 3294519.8
1748000 3285790.8
1750000 3286443.8
1752000 3293038.1
1754000 3326037.4
1756000 3292381.7
1758000 3291077.3
1760000 3294929.7
1762000 3316565.8
1764000 3290812.9
1766000 3306468.1
1768000 3301932.9
1770000 3319957.6
1772000 3308037.9
1774000 3303958.9
1776000 3306931.8
1778000 3299439
1780000 3298808.1
1782000 3311793
1784000 3316379.9
1786000 3307410.1
1788000 3302748.5
1790000 3328087.4
1792000 3310460.5
1794000 3310926.8
1796000 3305056.2
1798000 3298182
1800000 3284905.6
1802000 3308772.6
1804000 3299090.6
1806000 3306536.6
1808000 3300654.7
1810000 3304880.1
1812000 3313231.6
1814000 3310585.8
1816000 3310160.5
1818000 3295039.1
1820000 3314215.3
1822000 3300804.9
1824000 3304937.5
1826000 3306715.4
1828000 3311619
1830000 3309699.9
1832000 3309737.5
1834000 3305369.7
1836000 3303967.3
1838000 3298568
1840000 3317112.1
1842000 3291537.7
1844000 3293467.3
1846000 3303048.9
1848000 3307619.5
1850000 3304149.5
1852000 3312327.5
1854000 3313318.5
1856000 3312977.3
1858000 3308595.9
1860000 3300283.4
1862000 3301785.3
1864000 3297162.4
1866000 3302591.3
1868000 3301444.4
1870000 3319151.4
1872000 3322044.6
1874000 3285050.2
1876000 3311921.5
1878000 3318519.8
1880000 3306448.3
1882000 3311189.8
1884000 3298243.1
1886000 3306424.8
1888000 3306626.7
1890000 3301634.3
1892000 3330502
1894000 3305076.6
1896000 3291799.5
1898000 3303681.4
1900000 3306618.9
1902000 3281972.3
1904000 3293866.4
1906000 3293030.2
1908000 3305749.5
1910000 3298494.7
1912000 3314188.6
1914000 3314154.7
1916000 3318047.5
1918000 3309162.4
1920000 3308343.4
1922000 3305038.9
1924000 3297936.6
1926000 3316614.7
1928000 3313220
1930000 3301085.1
1932000 3310253.8
1934000 3304919
1936000 3313092.5
1938000 3304404.8
1940000 3297125.5
1942000 3306009.1
1944000 3295481.9
1946000 3316113.8
1948000 3309048.6
1950000 3313564.1
1952000 3301228
1954000 3303392.9
1956000 3300486.9
1958000 3307826.3
1960000 3304270
1962000 3301677.7
1964000 3319251.3
1966000 3310766.5
1968000 3293500.8
1970000 3295566.4
1972000 3307259.2
1974000 3304337.8
1976000 3301807.8
1978000 3299818.5
1980000 3289569.2
1982000 3301148.3
1984000 3304911.7
1986000 3291552.6
1988000 3299574.9
1990000 3306810
1992000 3323483.4
1994000 3285261
1996000 3298482.9
1998000 3305110.1
2000000 3301896.5
