# Time-averaged data for fix savemsd
# TimeStep c_msd[1] c_msd[2] c_msd[3] c_msd[4]
0 0 1.82607e-33 2.35563e-31 2.37389e-31
2000 2.89038 3.22396 2.8066 8.92094
4000 6.09641 6.24177 6.02037 18.3586
6000 9.24802 8.79267 8.4179 26.4586
8000 11.9274 12.3569 10.7752 35.0595
10000 15.5343 15.0674 14.0777 44.6794
12000 18.1796 17.7617 17.0929 53.0342
14000 20.0791 20.8791 20.7823 61.7406
16000 22.786 23.9349 23.1867 69.9076
18000 24.9444 26.8976 27.0425 78.8846
20000 27.2844 30.0671 29.6865 87.038
22000 30.126 32.0497 32.2566 94.4324
24000 32.7486 36.0598 35.4874 104.296
26000 35.7759 40.0259 37.8852 113.687
28000 39.1599 43.9476 40.7944 123.902
30000 41.0043 45.5629 44.3505 130.918
32000 43.8788 49.9374 46.7937 140.61
34000 46.0609 52.7698 49.4009 148.232
36000 49.3112 55.8752 52.2517 157.438
38000 53.0716 58.3688 54.8848 166.325
40000 55.5004 61.7354 57.9869 175.223
42000 58.5855 64.5095 61.8166 184.912
44000 61.9415 67.8406 62.9817 192.764
46000 66.0961 70.0256 65.1109 201.233
48000 68.7597 74.1574 66.6764 209.593
50000 71.8122 77.8062 69.1415 218.76
52000 75.3781 80.2513 71.4965 227.126
54000 78.4697 84.5646 75.0913 238.126
56000 82.619 86.3911 78.5289 247.539
58000 85.7264 90.6344 82.1315 258.492
60000 87.68 91.972 84.8849 264.537
62000 90.7402 95.2546 86.8386 272.833
64000 93.599 98.1041 90.9759 282.679
66000 97.073 100.91 94.6461 292.629
68000 100.614 104.322 96.3258 301.262
70000 103.805 106.658 99.2704 309.733
72000 105.939 109.45 103.24 318.629
74000 108.918 112.361 106.453 327.732
76000 113.132 116.346 109.71 339.188
78000 116.396 120.365 113.162 349.923
80000 119.889 124.116 114.528 358.533
82000 121.678 125.991 116.207 363.876
84000 123.992 128.818 119.937 372.747
86000 126.266 131.414 122.486 380.166
88000 129.018 133.911 125.476 388.405
90000 132.379 137.367 128.106 397.852
92000 134.509 141.568 132.585 408.663
94000 136.324 143.914 136.487 416.725
96000 140.798 146.094 138.766 425.657
98000 142.816 148.808 140.649 432.273
100000 146.702 154.031 145.859 446.593
102000 148.779 155.768 147.371 451.918
104000 151.334 158.72 151.093 461.147
106000 153.422 162.55 155.588 471.56
108000 155.071 163.548 159.539 478.157
110000 157.296 164.927 163.73 485.953
112000 160.155 168.148 167.437 495.741
114000 161.535 172.425 171.072 505.033
116000 164.479 175.243 174.275 513.997
118000 165.393 178.168 180.174 523.734
120000 169.991 181.155 184.974 536.12
122000 172.234 185.054 185.078 542.365
124000 175.19 188.986 187.65 551.826
126000 176.372 189.901 190.692 556.966
128000 180.771 192.041 190.701 563.513
130000 184.278 196.256 194.084 574.619
132000 186.575 197.095 197.551 581.222
134000 186.89 201.312 202.552 590.754
136000 191.639 207.396 204.483 603.518
138000 192.737 211.962 207.207 611.906
140000 196.42 213.539 209.329 619.288
142000 200.732 216.621 211.94 629.294
144000 203.781 219.339 215.888 639.009
146000 207.808 219.643 219.379 646.83
148000 210.066 220.205 222.58 652.851
150000 214.461 223.861 225.64 663.961
152000 219.389 227.116 229.264 675.769
154000 222.452 228.419 231.175 682.046
156000 226.066 231.687 235.586 693.339
158000 228.712 234.251 235.839 698.802
160000 230.265 236.972 241.237 708.474
162000 232.478 240.077 245.485 718.04
164000 236.96 242.723 248.18 727.863
166000 240.348 245.67 251.069 737.087
168000 242.746 250.229 253.078 746.053
170000 245.414 251.05 256.245 752.71
172000 249.633 254.12 257.947 761.699
174000 250.778 259.094 260.832 770.704
176000 253.731 262.611 263.869 780.211
178000 256.43 264.76 265.488 786.678
180000 260.914 268.771 269.23 798.915
182000 262.261 273.191 270.835 806.288
184000 263.778 274.794 271.63 810.203
186000 264.794 275.748 271.975 812.517
188000 268.484 275.77 276.498 820.752
190000 272.225 278.623 278.69 829.538
192000 275.751 282.144 279.614 837.508
194000 279.006 284.252 283.458 846.716
196000 280.306 285.135 286.557 851.997
198000 282.426 284.008 289.914 856.347
200000 285.672 288.409 291.989 866.07
202000 289.189 291.609 292.212 873.01
204000 291.782 298.461 296.827 887.07
206000 295.435 303.132 301.632 900.199
208000 297.837 304.03 303.626 905.493
210000 299.391 305.757 308.415 913.564
212000 304.472 312.081 310.743 927.296
214000 306.618 315.061 314.763 936.442
216000 308.918 318.061 318.838 945.818
218000 309.932 321.361 319.947 951.241
220000 314.921 324.5 327.312 966.733
222000 317.577 328.426 330.827 976.83
224000 320.927 331.583 332.917 985.428
226000 325.379 332.927 334.282 992.589
228000 327.199 333.547 336.049 996.794
230000 327.597 338.753 341.994 1008.34
232000 328.682 340.68 343.143 1012.51
234000 332.839 344.729 347.351 1024.92
236000 336.885 346.873 349.48 1033.24
238000 338.074 347.925 352.397 1038.4
240000 342.528 352.196 355.178 1049.9
242000 344.773 354.685 357.574 1057.03
244000 348.91 357.962 362.805 1069.68
246000 351.722 357.437 364.441 1073.6
248000 354.613 360.243 366.319 1081.17
250000 349.659 364.729 371.011 1085.4
252000 353.183 369.003 375.205 1097.39
254000 353.452 370.458 375.68 1099.59
256000 356.63 372.937 379.869 1109.44
258000 361.883 374.672 385.859 1122.41
260000 364.837 376.141 392.893 1133.87
262000 368.379 380.463 395.164 1144.01
264000 368.575 381.778 399.859 1150.21
266000 370.547 385.541 403.446 1159.53
268000 373.317 390.173 409.258 1172.75
270000 375.414 389.703 410.321 1175.44
272000 380.281 393.979 411.851 1186.11
274000 384.177 396.564 415.044 1195.78
276000 385.754 399.784 417.757 1203.29
278000 389.384 401.917 424.746 1216.05
280000 388.852 404.197 423.556 1216.61
282000 391.041 408.679 430.107 1229.83
284000 393.356 411.344 433.041 1237.74
286000 395.24 413.044 433.289 1241.57
288000 398.181 417.305 433.941 1249.43
290000 401.448 419.081 436.535 1257.06
292000 405.897 424.861 438.509 1269.27
294000 409.31 427.717 445.811 1282.84
296000 414.311 428.448 448.196 1290.95
298000 415.304 433.676 451.441 1300.42
300000 418.46 436.972 451.057 1306.49
302000 419.616 438.82 455.037 1313.47
304000 420.868 442.861 459.725 1323.46
306000 422.957 446.054 467.003 1336.01
308000 429.483 450.583 470.163 1350.23
310000 434.909 453.558 476.059 1364.53
312000 440.241 455.032 480.599 1375.87
314000 442.731 457.31 479.389 1379.43
316000 445.957 461.782 484.072 1391.81
318000 451.805 464.284 486.401 1402.49
320000 456.861 467.986 491.434 1416.28
322000 459.682 471.178 494.034 1424.89
324000 462.588 474.456 500.9 1437.94
326000 462.001 476.714 505.168 1443.88
328000 463.249 480.2 507.743 1451.19
330000 465.69 481.844 508.434 1455.97
332000 469.181 484.591 512.648 1466.42
334000 474.058 486.432 513.204 1473.69
336000 474.795 489.553 514.711 1479.06
338000 478.484 494.611 513.205 1486.3
340000 481.441 501.625 513.291 1496.36
342000 483.881 501.957 516.807 1502.65
344000 490.133 502.11 520.153 1512.4
346000 493.841 503.961 524.306 1522.11
348000 496.146 507.728 524.764 1528.64
350000 497.256 513.95 530.205 1541.41
352000 500.024 518.101 532.488 1550.61
354000 504.734 520.966 535.979 1561.68
356000 504.718 528.011 539.508 1572.24
358000 511.154 533.501 541.679 1586.33
360000 515.223 539.296 544.883 1599.4
362000 514.92 543.873 549.658 1608.45
364000 517.277 550.051 551.824 1619.15
366000 519.746 554.601 554.431 1628.78
368000 523.603 555.837 557.67 1637.11
370000 527.634 559.959 561.952 1649.54
372000 529.957 565.586 565.194 1660.74
374000 532.484 568.904 566.487 1667.87
376000 536.89 573.948 567.959 1678.8
378000 540.461 576.811 571.735 1689.01
380000 544.832 579.796 574.427 1699.06
382000 549.497 583.679 575.45 1708.63
384000 551.431 589.295 578.967 1719.69
386000 549.967 591.01 583.227 1724.2
388000 554.602 594.922 583.991 1733.52
390000 559.441 594.557 586.627 1740.63
392000 567.642 599.747 588.502 1755.89
394000 567.228 603.85 594.229 1765.31
396000 569.202 611.978 596.401 1777.58
398000 571.286 614.298 602.948 1788.53
400000 572.518 616.63 608.785 1797.93
402000 573.085 618.058 610.775 1801.92
404000 573.941 619.521 616.339 1809.8
406000 574.726 622.607 620.92 1818.25
408000 583.023 627.672 627.083 1837.78
410000 584.685 627.712 625.2 1837.6
412000 587.901 632.514 624.293 1844.71
414000 591.994 636.319 626.07 1854.38
416000 594.485 640.718 630.259 1865.46
418000 595.91 641.907 636.199 1874.02
420000 596.203 646.314 642.22 1884.74
422000 600.216 646.973 644.239 1891.43
424000 602.927 648.193 650.104 1901.22
426000 603.237 652.176 656.282 1911.7
428000 607.555 649.86 664.857 1922.27
430000 609.807 655.354 668.812 1933.97
432000 613.11 656.36 675.537 1945.01
434000 617.545 661.377 679.703 1958.62
436000 620.795 662.824 685.126 1968.74
438000 623.898 663.793 683.535 1971.23
440000 625.959 665.732 686.416 1978.11
442000 629.712 665.978 695.402 1991.09
444000 633.178 670.749 695.538 1999.46
446000 634.639 669.154 696.7 2000.49
448000 641.32 671.515 700.466 2013.3
450000 643.32 671.14 702.925 2017.38
452000 645.876 677.303 705.038 2028.22
454000 649.363 677.566 707.643 2034.57
456000 653.46 677.543 709.269 2040.27
458000 657.52 679.989 713.397 2050.91
460000 658.667 680.743 715.024 2054.43
462000 663.099 680.807 722.587 2066.49
464000 671.081 684.187 723.471 2078.74
466000 673.018 688.39 730.367 2091.77
468000 675.183 691.144 737.535 2103.86
470000 675.99 695.593 744.278 2115.86
472000 678.988 696.819 740.559 2116.37
474000 680.836 695.836 744.786 2121.46
476000 683.842 698.096 743.822 2125.76
478000 686.008 702.333 746.821 2135.16
480000 685.946 703.327 746.703 2135.98
482000 686.709 709.561 751.251 2147.52
484000 690.435 711.157 753.032 2154.62
486000 695.006 715.028 754.736 2164.77
488000 700.322 713.008 758.118 2171.45
490000 704.093 716.872 761.296 2182.26
492000 708.956 718.373 768.296 2195.62
494000 712.05 724.831 776.114 2213
496000 715.532 728.35 776.121 2220
498000 721.968 730.568 780.927 2233.46
500000 724.36 734.266 785.195 2243.82
502000 722.824 734.497 791.607 2248.93
504000 724.036 737.959 791.936 2253.93
506000 728.615 741.636 790.896 2261.15
508000 730.94 744.943 793.469 2269.35
510000 731.758 753.733 797.946 2283.44
512000 733.277 758.88 800.855 2293.01
514000 736.042 760.092 806.859 2302.99
516000 736.071 765.869 808.421 2310.36
518000 737.721 768.407 814.487 2320.62
520000 741.105 771.811 815.213 2328.13
522000 742.433 774.937 818.578 2335.95
524000 745.967 778.276 820.388 2344.63
526000 748.603 783.225 825.646 2357.47
528000 747.698 786.923 833.642 2368.26
530000 750.139 792.876 838.133 2381.15
532000 747.895 794.154 837.43 2379.48
534000 747.428 793.994 838.596 2380.02
536000 750.788 798.185 837.641 2386.61
538000 749.356 798.135 845.339 2392.83
540000 749.453 804.687 849.46 2403.6
542000 750.958 809.389 850.324 2410.67
544000 755.067 817.292 856.499 2428.86
546000 756.906 821.869 855.364 2434.14
548000 758.726 819.515 856.076 2434.32
550000 763.796 826.523 858.128 2448.45
552000 765.289 830.4 861.401 2457.09
554000 769.013 832.024 864.272 2465.31
556000 773.924 831.718 869.12 2474.76
558000 778.816 838.528 876.076 2493.42
560000 781.43 842.033 877.757 2501.22
562000 786.049 843.739 879.224 2509.01
564000 788.025 843.151 880.675 2511.85
566000 791.126 842.231 883.138 2516.5
568000 790.82 845.773 885.154 2521.75
570000 792.337 847.034 889.622 2528.99
572000 796.134 850.546 893.602 2540.28
574000 798.759 853.905 894.258 2546.92
576000 803.752 859.194 895.921 2558.87
578000 808.587 857.46 899.329 2565.38
580000 809.376 858.156 903.982 2571.51
582000 810.853 859.407 902.019 2572.28
584000 814.8 861.53 909.99 2586.32
586000 818.215 861.586 913.708 2593.51
588000 816.965 866.361 920.825 2604.15
590000 817.788 869.282 922.581 2609.65
592000 819.176 870.966 922.409 2612.55
594000 824.648 873.93 927.095 2625.67
596000 827.414 881.128 928.108 2636.65
598000 832.446 884.437 929.558 2646.44
600000 836.61 887.571 925.906 2650.09
602000 839.437 892.987 933.048 2665.47
604000 846.003 895.781 934.468 2676.25
606000 841.744 895.108 936.303 2673.15
608000 845.96 896.143 941.163 2683.27
610000 849.345 901.036 946.837 2697.22
612000 855.32 906.331 950.928 2712.58
614000 855.331 914.943 957.027 2727.3
616000 858.907 918.048 965.709 2742.66
618000 866.555 922.242 966.397 2755.19
620000 864.902 920.946 971.122 2756.97
622000 870.635 924.711 974.936 2770.28
624000 876.269 927.216 982.108 2785.59
626000 873.834 933.782 981.398 2789.01
628000 878.159 936.741 985.028 2799.93
630000 880.28 936.012 988.82 2805.11
632000 882.345 936.741 993.255 2812.34
634000 886.047 939.388 993.482 2818.92
636000 885.701 944.777 998.321 2828.8
638000 895.877 952.018 998.164 2846.06
640000 901.59 949.271 999.544 2850.4
642000 905.515 951.135 1003.97 2860.62
644000 911.08 955.957 1007.64 2874.68
646000 913.506 956.383 1013.24 2883.13
648000 916.063 957.613 1010.98 2884.66
650000 919.454 960.995 1012.24 2892.69
652000 923.885 967.953 1015.05 2906.89
654000 932.623 967.532 1017.35 2917.5
656000 936.763 968.119 1023.7 2928.58
658000 939.472 968.26 1030.1 2937.83
660000 942.089 969.088 1027.58 2938.76
662000 941.362 975.077 1032.17 2948.61
664000 939.173 982.081 1037.6 2958.85
666000 945.106 985.019 1041.92 2972.04
668000 946.044 988.845 1042.71 2977.6
670000 952.31 997.225 1042.71 2992.25
672000 954.975 1001.17 1048.24 3004.38
674000 953.588 1003.58 1051.28 3008.45
676000 958.525 1005.76 1052.64 3016.92
678000 961.492 1010.33 1058.47 3030.29
680000 963.864 1019.41 1065.5 3048.77
682000 967.117 1029 1072.87 3068.99
684000 967.743 1031.96 1075.57 3075.27
686000 967.136 1032.34 1080.88 3080.35
688000 970.601 1031.28 1080.83 3082.71
690000 971.529 1034.41 1086.9 3092.84
692000 973.683 1041.77 1085.06 3100.51
694000 978.22 1048.25 1080.22 3106.69
696000 980.507 1053.51 1082.47 3116.49
698000 982.175 1061.23 1087.55 3130.95
700000 989.779 1067.46 1091.98 3149.22
702000 991.922 1071.79 1097.74 3161.46
704000 995.307 1072.61 1096.98 3164.9
706000 998.729 1079.97 1100 3178.7
708000 1000.96 1080.08 1101.9 3182.93
710000 1003.79 1086.68 1107.52 3197.99
712000 1008.26 1090.52 1111.93 3210.72
714000 1012.17 1095.05 1119.24 3226.46
716000 1013.94 1093.32 1122.28 3229.54
718000 1016.68 1092.78 1126.09 3235.55
720000 1018.54 1092.41 1124.78 3235.73
722000 1021.26 1090.22 1125.11 3236.6
724000 1027.2 1090.68 1130.66 3248.54
726000 1026.42 1090.67 1135.08 3252.17
728000 1025.31 1091.9 1133.8 3251.01
730000 1028.92 1094.18 1139.06 3262.16
732000 1029.85 1095.76 1140.81 3266.43
734000 1033.51 1101.6 1144.9 3280.01
736000 1039.46 1101.27 1147.47 3288.21
738000 1042.87 1105.92 1146.71 3295.49
740000 1046.87 1108.62 1147.29 3302.78
742000 1047.03 1110.23 1146.9 3304.16
744000 1052.53 1115.36 1154.2 3322.08
746000 1055.36 1123.15 1160.38 3338.9
748000 1058.76 1125.59 1167.89 3352.23
750000 1061.62 1128.15 1165.36 3355.14
752000 1071.74 1136.87 1165.85 3374.46
754000 1079.62 1141.91 1166.82 3388.35
756000 1082.24 1143.92 1165.78 3391.94
758000 1085.92 1141.69 1166.18 3393.79
760000 1090.05 1144.27 1169.77 3404.08
762000 1097.71 1150.96 1176.09 3424.76
764000 1096.71 1162.05 1178.36 3437.12
766000 1105.96 1165.45 1173.91 3445.31
768000 1112 1169.64 1177.99 3459.64
770000 1117.06 1171.67 1179.81 3468.54
772000 1125.69 1182.1 1186.96 3494.75
774000 1126.82 1182.45 1188.71 3497.98
776000 1131.73 1188.9 1191.06 3511.7
778000 1135.76 1195.21 1190.75 3521.72
780000 1140.58 1203.08 1195.2 3538.86
782000 1142.88 1205.5 1202.59 3550.98
784000 1145.07 1207.27 1203.71 3556.05
786000 1153.06 1209.87 1208.75 3571.67
788000 1156.67 1211.56 1219.72 3587.95
790000 1159.22 1209.81 1222.6 3591.63
792000 1163.38 1209.69 1235.37 3608.44
794000 1167.72 1207.97 1245.31 3621
796000 1173.08 1209.36 1249.31 3631.75
798000 1173.6 1205.69 1248.46 3627.75
800000 1174.31 1214.86 1256.78 3645.95
802000 1176.87 1219.48 1255.34 3651.69
804000 1175.74 1224.08 1261.89 3661.71
806000 1174.91 1228.22 1261.12 3664.25
808000 1177.4 1228.23 1265.81 3671.44
810000 1183.24 1232.45 1267.84 3683.52
812000 1191.15 1237.51 1268.6 3697.26
814000 1192.58 1241.49 1269.17 3703.24
816000 1198.95 1239.03 1272.43 3710.41
818000 1204.38 1239.29 1275.47 3719.14
820000 1205.53 1244.15 1280.91 3730.59
822000 1207.46 1245.29 1281.37 3734.12
824000 1211.81 1248.84 1283.24 3743.89
826000 1214.4 1247.76 1283.32 3745.49
828000 1212.4 1253.26 1283.09 3748.76
830000 1216.46 1254.14 1280.67 3751.27
832000 1218.21 1260.07 1284.14 3762.43
834000 1219.89 1261.23 1282.71 3763.83
836000 1226.21 1261.57 1291.01 3778.79
838000 1231.7 1269.44 1296.08 3797.22
840000 1236.07 1277.49 1305.28 3818.84
842000 1241.78 1284 1300.3 3826.09
844000 1243.98 1285.62 1302.27 3831.87
846000 1246.74 1289.45 1307.96 3844.14
848000 1252.24 1290.34 1304.76 3847.33
850000 1253.31 1294.08 1310.84 3858.23
852000 1257.17 1296.27 1314.34 3867.78
854000 1259.83 1298.6 1321.34 3879.77
856000 1269.94 1301.89 1324.34 3896.17
858000 1269.94 1306.37 1332.72 3909.03
860000 1277.27 1309.6 1336.49 3923.36
862000 1279.6 1310.05 1337.8 3927.45
864000 1284.71 1310.58 1336.51 3931.8
866000 1284.2 1316.64 1336.95 3937.78
868000 1285.01 1323.92 1337.11 3946.05
870000 1288.54 1332.57 1335.07 3956.18
872000 1289.3 1337.55 1340.46 3967.31
874000 1289.89 1339.48 1342.29 3971.66
876000 1294.21 1344.83 1345.82 3984.85
878000 1298.92 1344.33 1349.19 3992.44
880000 1301.47 1344.86 1356.64 4002.97
882000 1309.25 1350.84 1356.1 4016.19
884000 1312.77 1356.94 1358.5 4028.2
886000 1319.75 1357.44 1362.01 4039.21
888000 1324.91 1356.05 1362.79 4043.75
890000 1329.84 1356.67 1358.91 4045.42
892000 1331.38 1354.63 1351.53 4037.55
894000 1333.21 1360.99 1354.89 4049.1
896000 1336.83 1365.15 1356.68 4058.66
898000 1339.7 1368.46 1358.45 4066.61
900000 1342.9 1368.46 1358.9 4070.26
902000 1346.12 1375.71 1361.31 4083.14
904000 1346.61 1375.57 1359.6 4081.78
906000 1348.38 1377.08 1363.4 4088.85
908000 1348.58 1379.02 1368.85 4096.45
910000 1357.25 1384.37 1370.73 4112.35
912000 1360.4 1388.11 1370.93 4119.43
914000 1368.2 1393.13 1373.13 4134.45
916000 1376.34 1398.77 1380.96 4156.06
918000 1374.06 1402.07 1381.56 4157.68
920000 1376.61 1406.17 1388.92 4171.7
922000 1384.06 1417.61 1388.42 4190.09
924000 1386.37 1418.8 1393.83 4198.99
926000 1387.87 1423.52 1401.62 4213.01
928000 1389.56 1425.17 1405.99 4220.72
930000 1393.9 1430.53 1408.14 4232.56
932000 1403.16 1428.1 1415.24 4246.5
934000 1406.38 1434.07 1421.97 4262.41
936000 1408.18 1440.37 1420.78 4269.33
938000 1417.33 1437.81 1419.3 4274.44
940000 1416.79 1440.32 1417.59 4274.7
942000 1416.46 1442.3 1418.25 4277.01
944000 1418.16 1447.69 1421.76 4287.61
946000 1420.84 1447.96 1426.09 4294.9
948000 1419.96 1449.17 1433.83 4302.95
950000 1425.74 1452.52 1439.24 4317.5
952000 1424.61 1451.13 1446.56 4322.31
954000 1423.52 1454.23 1457.23 4334.98
956000 1429.08 1458.99 1462.62 4350.69
958000 1436.44 1460.37 1465.75 4362.56
960000 1439.04 1467.77 1465.89 4372.71
962000 1441.46 1468.89 1464.06 4374.4
964000 1444 1471.86 1471.05 4386.91
966000 1447.31 1479.08 1474.87 4401.25
968000 1453.43 1479.27 1478.26 4410.96
970000 1454.11 1477.12 1481.74 4412.97
972000 1454.88 1481.55 1486.21 4422.63
974000 1459.09 1488.18 1482.42 4429.69
976000 1461.68 1483.93 1488.14 4433.74
978000 1464.06 1482.01 1490.83 4436.9
980000 1473.41 1486.46 1500.53 4460.4
982000 1479.95 1489.84 1503.42 4473.21
984000 1487.35 1489.14 1508.58 4485.08
986000 1483.9 1494.28 1516.62 4494.8
988000 1491.3 1498.62 1522.35 4512.27
990000 1493.94 1502.3 1525.85 4522.08
992000 1494.26 1506.03 1540.45 4540.74
994000 1499.41 1510.77 1541.51 4551.68
996000 1498.73 1515.18 1547.39 4561.3
998000 1495.97 1516.43 1545.46 4557.85
1000000 1499.09 1521.44 1545.43 4565.96
1002000 1504.48 1526.33 1554.2 4585.01
1004000 1507.91 1528.2 1556.53 4592.64
1006000 1510.65 1527.79 1554.33 4592.77
1008000 1514.5 1530.97 1554.37 4599.84
1010000 1517.35 1536.83 1553.72 4607.9
1012000 1522.76 1540.56 1559.57 4622.89
1014000 1521.54 1547.04 1561.19 4629.78
1016000 1517.82 1546.99 1563.51 4628.33
1018000 1519.52 1549.76 1561.79 4631.07
1020000 1528.15 1552.4 1563.4 4643.95
1022000 1528.09 1554.52 1567.94 4650.54
1024000 1531.62 1561.62 1574.95 4668.19
1026000 1538.05 1563.32 1578.82 4680.19
1028000 1535.97 1570.57 1577.67 4684.21
1030000 1538.55 1576.39 1582.41 4697.35
1032000 1541.3 1580.37 1586.58 4708.25
1034000 1543.88 1581.44 1595.42 4720.73
1036000 1544.78 1579.74 1599.72 4724.24
1038000 1547.11 1580.46 1603.1 4730.66
1040000 1551.67 1581.21 1609.24 4742.12
1042000 1560.79 1586.96 1612.44 4760.19
1044000 1568.19 1589.74 1609.52 4767.45
1046000 1568.08 1594 1612.08 4774.16
1048000 1572.25 1592.34 1610.99 4775.58
1050000 1576 1592.18 1610.83 4779.01
1052000 1580.77 1599.66 1611.91 4792.35
1054000 1579.48 1600.34 1612.93 4792.75
1056000 1582.01 1607.78 1619.28 4809.07
1058000 1587.31 1610.54 1614.5 4812.34
1060000 1594.07 1616.85 1619.19 4830.11
1062000 1600.24 1620.5 1617.25 4838
1064000 1611.2 1623.25 1616.01 4850.46
1066000 1612.09 1628.79 1617.64 4858.52
1068000 1609.55 1631.76 1622.78 4864.08
1070000 1613.89 1630.15 1625.94 4869.98
1072000 1617.45 1632.07 1629.19 4878.71
1074000 1622.85 1633.96 1631.26 4888.07
1076000 1620.86 1638.37 1635.48 4894.72
1078000 1624.16 1645.47 1638.82 4908.45
1080000 1623.86 1645.64 1641.71 4911.22
1082000 1627.54 1647.87 1643.36 4918.78
1084000 1631.76 1650.61 1644.86 4927.23
1086000 1634.49 1654.18 1651.56 4940.23
1088000 1635.35 1658.36 1651.66 4945.37
1090000 1632.78 1669.33 1652.75 4954.86
1092000 1635.07 1666.9 1650.57 4952.54
1094000 1638.24 1677.21 1657.31 4972.76
1096000 1635.76 1673.22 1658.56 4967.54
1098000 1639.3 1678.68 1661.47 4979.45
1100000 1642.44 1682.51 1662 4986.95
1102000 1642 1689.22 1659.35 4990.57
1104000 1642.3 1686.58 1659.95 4988.83
1106000 1652.54 1688.13 1665.79 5006.46
1108000 1652.31 1689.6 1668.51 5010.42
1110000 1657.8 1696.33 1673.01 5027.15
1112000 1658.19 1702.61 1676.63 5037.43
1114000 1658.11 1705.15 1679.31 5042.56
1116000 1661.92 1709.59 1678.73 5050.24
1118000 1664.38 1718.54 1678.17 5061.09
1120000 1660.23 1719.92 1675.04 5055.19
1122000 1662.5 1724.7 1673.04 5060.24
1124000 1671.12 1727.38 1680.62 5079.13
1126000 1676.68 1724.29 1683.89 5084.86
1128000 1679.38 1730.16 1686.78 5096.32
1130000 1681.72 1731.88 1690.38 5103.98
1132000 1686.65 1742.42 1694.87 5123.94
1134000 1692.41 1750.48 1703.18 5146.07
1136000 1696.05 1752.65 1711.14 5159.84
1138000 1698.81 1755.04 1711.03 5164.88
1140000 1700.89 1760.78 1706.05 5167.73
1142000 1701.46 1764.04 1710.71 5176.2
1144000 1697.15 1767.56 1711.68 5176.4
1146000 1699 1770.13 1710.82 5179.96
1148000 1710.3 1770.36 1714 5194.66
1150000 1721.02 1774.41 1711.37 5206.8
1152000 1722.7 1775.75 1723.39 5221.84
1154000 1723.19 1777.32 1727.37 5227.89
1156000 1729.73 1783.26 1728.46 5241.44
1158000 1728.92 1790.57 1730.42 5249.91
1160000 1729.65 1797.28 1735.69 5262.62
1162000 1733.97 1803.69 1737.95 5275.61
1164000 1738.88 1807.09 1741.18 5287.15
1166000 1750.22 1809.9 1738.9 5299.02
1168000 1751.5 1810.8 1742.56 5304.86
1170000 1756.28 1809.31 1743.02 5308.61
1172000 1749.3 1812.74 1743.87 5305.9
1174000 1757.49 1813.49 1747.29 5318.27
1176000 1761.28 1823.99 1751.37 5336.65
1178000 1761.83 1828.88 1754.09 5344.8
1180000 1767.31 1838.11 1756.45 5361.88
1182000 1774.51 1841.06 1760.88 5376.45
1184000 1774.81 1846.08 1763.8 5384.69
1186000 1782.46 1844.88 1764.8 5392.15
1188000 1790.98 1845.19 1768.41 5404.58
1190000 1794.2 1846 1774.23 5414.44
1192000 1792.99 1851.76 1776.83 5421.58
1194000 1795.28 1844.09 1779.54 5418.91
1196000 1800.44 1850.21 1786.1 5436.75
1198000 1805.24 1854.96 1789.82 5450.02
1200000 1810.48 1863.35 1794.49 5468.32
1202000 1811.75 1867.24 1795.23 5474.22
1204000 1813.18 1867.44 1798.28 5478.91
1206000 1818.07 1865.47 1800.51 5484.06
1208000 1821.84 1870.76 1807.79 5500.39
1210000 1827.49 1873.15 1807.13 5507.77
1212000 1832.58 1876.65 1803.39 5512.62
1214000 1835.2 1884.08 1803.39 5522.67
1216000 1841.69 1887.47 1806.72 5535.89
1218000 1845.88 1899.29 1808.62 5553.79
1220000 1846.97 1898.04 1808.09 5553.09
1222000 1852.14 1904.07 1805.48 5561.7
1224000 1853.23 1909.43 1810.86 5573.52
1226000 1852.13 1909.83 1816.24 5578.21
1228000 1855 1908.69 1815.19 5578.88
1230000 1853.76 1914.81 1818.35 5586.92
1232000 1858.17 1915 1823.76 5596.93
1234000 1864.91 1920.11 1825.86 5610.89
1236000 1863.14 1918.14 1828.41 5609.69
1238000 1864.3 1917.33 1838.78 5620.41
1240000 1869.6 1916.88 1840.19 5626.67
1242000 1879.29 1921.3 1847.04 5647.63
1244000 1875.38 1919.1 1853.88 5648.36
1246000 1876.88 1920.58 1855.25 5652.72
1248000 1877.6 1923.37 1861.63 5662.6
1250000 1882.73 1930.74 1862.62 5676.09
1252000 1889.8 1933.82 1862.83 5686.46
1254000 1889.97 1939.11 1863.7 5692.78
1256000 1893.26 1944.68 1857.54 5695.48
1258000 1899.69 1951.8 1865.39 5716.88
1260000 1907.86 1952.84 1876.84 5737.54
1262000 1913.75 1957.97 1879.3 5751.02
1264000 1918.22 1963.55 1881.6 5763.37
1266000 1915.57 1964.05 1884.45 5764.07
1268000 1923.56 1963.73 1883.52 5770.8
1270000 1918.92 1972.35 1894.98 5786.25
1272000 1917.88 1975.52 1896.09 5789.49
1274000 1922.7 1979.69 1902.7 5805.1
1276000 1922.87 1981.66 1904.45 5808.98
1278000 1927.36 1982.66 1901.28 5811.31
1280000 1925.76 1974.82 1904.88 5805.46
1282000 1924.57 1975.84 1907.25 5807.66
1284000 1926.63 1976.22 1910.9 5813.74
1286000 1928.16 1982.72 1920.69 5831.56
1288000 1933.29 1979.8 1923.51 5836.61
1290000 1933.66 1982.27 1926.18 5842.11
1292000 1937.76 1982.44 1926.76 5846.96
1294000 1938.35 1985.04 1929.03 5852.42
1296000 1938.2 1983.19 1933.65 5855.05
1298000 1934.32 1980.07 1939.31 5853.7
1300000 1928.37 1982.08 1947.57 5858.02
1302000 1931.01 1985.86 1950.86 5867.73
1304000 1943.15 1989.96 1955.99 5889.1
1306000 1952.54 1990.6 1958.8 5901.95
1308000 1957.17 1994.83 1966.24 5918.24
1310000 1962.79 1997.97 1965.54 5926.3
1312000 1964.89 2006.4 1971.95 5943.23
1314000 1977.72 2010.94 1974.58 5963.24
1316000 1983.24 2016.6 1976.19 5976.02
1318000 1988.53 2023.74 1983.4 5995.67
1320000 1987.84 2025.16 1984.46 5997.46
1322000 1988.53 2034.7 1987.65 6010.88
1324000 1994.71 2039.8 1991.52 6026.02
1326000 1997.54 2040.71 1992.33 6030.58
1328000 2000.44 2047.49 1992.88 6040.81
1330000 2004.08 2057.54 1992.8 6054.42
1332000 1999.48 2056.47 1994.47 6050.42
1334000 2007.28 2058.4 1996.63 6062.31
1336000 2011.59 2068.08 1995.12 6074.79
1338000 2018.86 2072.72 2005.7 6097.27
1340000 2024.54 2074.58 2008.89 6108.02
1342000 2031.14 2080.89 2014.46 6126.49
1344000 2035.3 2084.44 2015.04 6134.78
1346000 2039.49 2090.8 2017.29 6147.58
1348000 2043.31 2088.03 2022.63 6153.98
1350000 2043.73 2095.83 2019.85 6159.4
1352000 2044.46 2101.62 2016.68 6162.76
1354000 2042.48 2104.62 2018.01 6165.11
1356000 2047.85 2105.95 2021.24 6175.03
1358000 2054.43 2110.57 2020.19 6185.2
1360000 2060.6 2119.87 2022.74 6203.2
1362000 2059.75 2123.36 2019.64 6202.74
1364000 2066.06 2130.43 2028.95 6225.44
1366000 2071.28 2133.9 2027.94 6233.11
1368000 2069.6 2135.26 2029.84 6234.7
1370000 2068.09 2137.66 2023.02 6228.77
1372000 2073.83 2138.93 2017.65 6230.4
1374000 2074.24 2143.66 2021.65 6239.55
1376000 2084.29 2145.32 2021.71 6251.33
1378000 2089.13 2150.84 2027.82 6267.79
1380000 2093.59 2153.44 2028.07 6275.1
1382000 2093.54 2152.99 2028.59 6275.13
1384000 2101.41 2159.15 2028.06 6288.61
1386000 2104.46 2154.73 2032.4 6291.59
1388000 2111.41 2160.54 2031.87 6303.82
1390000 2111.13 2162.92 2031.32 6305.37
1392000 2110.66 2166.19 2031.02 6307.88
1394000 2110.9 2173.11 2030.25 6314.25
1396000 2123.49 2174.98 2036.07 6334.54
1398000 2128.92 2177.35 2035.05 6341.32
1400000 2135.76 2181.01 2036.44 6353.21
1402000 2139.76 2184.52 2038.76 6363.04
1404000 2141.28 2184.98 2040.36 6366.61
1406000 2144.8 2189.66 2044.84 6379.29
1408000 2148.54 2190.64 2043.91 6383.09
1410000 2151.53 2193.15 2050.46 6395.14
1412000 2161.15 2192.15 2058.43 6411.73
1414000 2167.38 2192.51 2056.15 6416.03
1416000 2167.31 2198.16 2057.7 6423.17
1418000 2169.68 2201.96 2057.76 6429.4
1420000 2171.98 2202.49 2059.57 6434.05
1422000 2176.71 2204.19 2067.82 6448.72
1424000 2177.16 2206.85 2074.61 6458.62
1426000 2175.11 2206.17 2073.13 6454.41
1428000 2178.31 2203.05 2082.39 6463.75
1430000 2177.42 2208.44 2088.46 6474.32
1432000 2177.35 2206.48 2081.19 6465.02
1434000 2177.91 2207.66 2085.26 6470.83
1436000 2179.89 2208.84 2091.36 6480.09
1438000 2178.84 2210.38 2097.21 6486.43
1440000 2183.84 2215.85 2103.89 6503.57
1442000 2188.84 2220.82 2102.69 6512.34
1444000 2197.17 2224.89 2099.82 6521.88
1446000 2203.14 2224.7 2106.82 6534.66
1448000 2198.27 2232.05 2113.54 6543.86
1450000 2205 2233.93 2118.21 6557.14
1452000 2210.32 2232.72 2122.06 6565.1
1454000 2213.62 2238.13 2124.33 6576.08
1456000 2213.66 2239.17 2128.55 6581.38
1458000 2218.33 2248.93 2136.75 6604.01
1460000 2225.57 2253.52 2133.4 6612.49
1462000 2226.44 2251.14 2143.41 6620.99
1464000 2226.62 2251.27 2150.61 6628.5
1466000 2231.37 2254.28 2155.76 6641.41
1468000 2228.89 2256.52 2164.29 6649.7
1470000 2234.03 2263.07 2161.87 6658.97
1472000 2233.73 2259.74 2164.84 6658.31
1474000 2241.53 2267.91 2171.26 6680.7
1476000 2238.03 2268.77 2160.77 6667.57
1478000 2236.01 2270.98 2163.97 6670.96
1480000 2244.37 2269.24 2155.94 6669.54
1482000 2252.59 2271.2 2158.91 6682.7
1484000 2250.47 2276.38 2168.64 6695.49
1486000 2254.16 2278.12 2179.26 6711.54
1488000 2253.46 2276.44 2187.72 6717.62
1490000 2257.51 2288.7 2189.02 6735.22
1492000 2263.17 2292.84 2195.52 6751.53
1494000 2267.52 2301.52 2200.29 6769.32
1496000 2274.42 2308.95 2208.42 6791.79
1498000 2272.66 2307.03 2210.49 6790.18
1500000 2273.42 2306.02 2221.75 6801.19
1502000 2273.57 2306.34 2225.77 6805.67
1504000 2282.82 2310.86 2227.71 6821.39
1506000 2281.4 2319.48 2238.06 6838.95
1508000 2290 2320.72 2242.14 6852.86
1510000 2290.43 2326.39 2251.03 6867.85
1512000 2297.03 2327.03 2248.76 6872.82
1514000 2301.32 2330.82 2251.05 6883.19
1516000 2306.92 2333.36 2253.29 6893.58
1518000 2312.4 2339.9 2256.75 6909.05
1520000 2314.71 2341.71 2259.47 6915.89
1522000 2316.21 2342.92 2257.55 6916.67
1524000 2316.79 2348.78 2264.75 6930.32
1526000 2328.8 2349.31 2264.15 6942.26
1528000 2335.41 2348.37 2266.91 6950.69
1530000 2327.78 2351.67 2269.37 6948.82
1532000 2339.24 2358.18 2267.83 6965.25
1534000 2341.93 2365.36 2274 6981.29
1536000 2339.76 2374.41 2283.8 6997.97
1538000 2331.54 2374.14 2285.52 6991.2
1540000 2328.94 2374.74 2285.52 6989.2
1542000 2327.89 2387.84 2293.48 7009.22
1544000 2330.73 2390.45 2301.03 7022.22
1546000 2332.75 2389.46 2302.44 7024.65
1548000 2338.15 2393.7 2308.37 7040.22
1550000 2338.71 2397.2 2315.12 7051.04
1552000 2346.09 2400.17 2322.6 7068.86
1554000 2343.06 2408.58 2328.93 7080.57
1556000 2354.53 2415.74 2331.62 7101.89
1558000 2349.06 2408.65 2336.07 7093.77
1560000 2358.19 2401.73 2335.74 7095.66
1562000 2354.13 2401.97 2340.51 7096.61
1564000 2357.19 2405.6 2338.13 7100.92
1566000 2358.04 2410.68 2349.2 7117.92
1568000 2363.47 2409.92 2351.74 7125.13
1570000 2367.39 2417.19 2347.82 7132.4
1572000 2367.26 2426.43 2349.66 7143.35
1574000 2374.12 2422.6 2350.89 7147.61
1576000 2374.22 2427.85 2349.3 7151.37
1578000 2378.73 2436.13 2351.45 7166.32
1580000 2375.59 2437.86 2359.43 7172.88
1582000 2383.31 2436.53 2365.02 7184.86
1584000 2384.82 2444.44 2368.89 7198.16
1586000 2389.27 2449.5 2375.84 7214.61
1588000 2393.14 2456.04 2377 7226.18
1590000 2393.5 2454.26 2379 7226.75
1592000 2398.35 2451.24 2377.02 7226.61
1594000 2400.38 2460.06 2381.4 7241.83
1596000 2398.8 2463.69 2379.59 7242.08
1598000 2404.99 2459.14 2383.77 7247.91
1600000 2411.73 2460.19 2384.9 7256.83
1602000 2419.01 2458.47 2389.68 7267.15
1604000 2423.5 2462.45 2389.17 7275.13
1606000 2429.66 2462.72 2393.34 7285.72
1608000 2426.36 2459.07 2397.38 7282.81
1610000 2430.14 2463.45 2397.86 7291.45
1612000 2439.46 2469.22 2397.85 7306.52
1614000 2438.84 2471.11 2398.45 7308.39
1616000 2438.08 2472.85 2397.93 7308.87
1618000 2442.08 2473.19 2400.09 7315.36
1620000 2447.4 2473.06 2407.8 7328.26
1622000 2443.41 2474.37 2407.9 7325.68
1624000 2438.26 2483.4 2406.37 7328.04
1626000 2434.93 2482.35 2414.72 7332
1628000 2434.19 2483.6 2414.66 7332.44
1630000 2431.68 2486.42 2420.5 7338.59
1632000 2436.58 2488.69 2434.71 7359.98
1634000 2449.68 2485.19 2436.05 7370.92
1636000 2446.85 2489.86 2440.65 7377.36
1638000 2445.43 2490.94 2442.45 7378.82
1640000 2452.27 2495.76 2441.39 7389.41
1642000 2446.55 2496.58 2448.5 7391.63
1644000 2453.53 2498.43 2450.01 7401.97
1646000 2451.4 2499.15 2456.78 7407.32
1648000 2460.95 2505.99 2466.02 7432.96
1650000 2454.17 2505.55 2471 7430.72
1652000 2461.13 2505.39 2471.11 7437.63
1654000 2465.2 2507.35 2474.13 7446.67
1656000 2472.43 2508.67 2479.12 7460.21
1658000 2474.67 2514.17 2488.51 7477.34
1660000 2480.73 2509.97 2492.25 7482.95
1662000 2483.14 2514.52 2492 7489.67
1664000 2483.09 2515.76 2491.72 7490.57
1666000 2481.97 2525.26 2495.94 7503.17
1668000 2478.91 2526.68 2496.68 7502.27
1670000 2476.21 2531.89 2499.95 7508.05
1672000 2476.4 2537.69 2503.73 7517.82
1674000 2479.85 2539.98 2497.07 7516.9
1676000 2492.92 2537.38 2496.82 7527.12
1678000 2497.27 2542.01 2504.34 7543.61
1680000 2504.48 2540.97 2512.73 7558.18
1682000 2516.49 2554.08 2514.11 7584.69
1684000 2524.54 2558.35 2514.39 7597.27
1686000 2529.95 2561.62 2520.62 7612.19
1688000 2525.68 2566.29 2528.27 7620.24
1690000 2528.4 2572.28 2526.74 7627.42
1692000 2533.26 2576.9 2534.04 7644.19
1694000 2540.79 2577.58 2541.88 7660.25
1696000 2541.24 2581.5 2551.33 7674.07
1698000 2548.82 2581.32 2556.18 7686.32
1700000 2554.13 2586.69 2561.03 7701.85
1702000 2556.89 2592.35 2561.41 7710.66
1704000 2555.92 2596.82 2568.81 7721.55
1706000 2558 2598.47 2575.92 7732.38
1708000 2560.85 2597.39 2576.72 7734.97
1710000 2564.34 2603.32 2580.56 7748.22
1712000 2564.56 2611.8 2586.93 7763.29
1714000 2569.65 2618.27 2585.79 7773.71
1716000 2574.25 2623.47 2587.08 7784.8
1718000 2577.6 2624.11 2587.93 7789.64
1720000 2574.57 2614.94 2592.73 7782.24
1722000 2572.35 2614.01 2605.38 7791.75
1724000 2568.88 2622.45 2611.88 7803.22
1726000 2579.21 2624.84 2608.03 7812.08
1728000 2583.07 2627.88 2610.51 7821.46
1730000 2585.03 2630.2 2621.38 7836.61
1732000 2591.64 2634.18 2624.85 7850.66
1734000 2595.1 2640.35 2628.35 7863.81
1736000 2588.6 2640.86 2628.73 7858.19
1738000 2591.08 2642.12 2630.07 7863.26
1740000 2586.48 2643.81 2634 7864.29
1742000 2590.46 2646.8 2633.92 7871.18
1744000 2602.26 2653.94 2629.99 7886.19
1746000 2600.63 2666.81 2638.34 7905.79
1748000 2603.34 2664.85 2647.38 7915.57
1750000 2611.22 2662.41 2655.45 7929.08
1752000 2616.55 2666.13 2666.33 7949.01
1754000 2620.71 2668.56 2668.26 7957.52
1756000 2623.59 2669.23 2669.39 7962.21
1758000 2631.74 2674.4 2672.34 7978.48
1760000 2633.74 2677.13 2682.52 7993.39
1762000 2637.78 2682.39 2688.6 8008.77
1764000 2641.21 2690.03 2697.75 8028.98
1766000 2650.97 2692.15 2696.7 8039.82
1768000 2659.34 2700.5 2705.96 8065.81
1770000 2670.02 2708.17 2707.68 8085.88
1772000 2673.26 2706.05 2707.8 8087.11
1774000 2677.77 2705.77 2709.41 8092.94
1776000 2675.26 2712.06 2717.39 8104.71
1778000 2677.79 2716.35 2727.63 8121.76
1780000 2681.82 2717.08 2727.15 8126.05
1782000 2691.03 2721.08 2729.7 8141.82
1784000 2685.8 2723.08 2737.86 8146.75
1786000 2686.34 2728.01 2743.55 8157.9
1788000 2687.43 2717.71 2743.16 8148.3
1790000 2686.85 2717.9 2739.22 8143.96
1792000 2689.85 2725.06 2747.64 8162.55
1794000 2689.16 2716.57 2747.07 8152.8
1796000 2692.37 2721.25 2754.7 8168.32
1798000 2689.7 2724.08 2766.89 8180.68
1800000 2693.66 2734.32 2756.77 8184.76
1802000 2703.56 2735.89 2752.46 8191.91
1804000 2697.66 2744.03 2760.56 8202.25
1806000 2701.25 2739.13 2770 8210.39
1808000 2714.61 2741.4 2774.48 8230.5
1810000 2715.43 2755.96 2780.85 8252.24
1812000 2712.93 2757.95 2786.03 8256.91
1814000 2713.54 2764.47 2786.72 8264.73
1816000 2710.02 2770.59 2788.88 8269.49
1818000 2716.55 2777.14 2788.36 8282.06
1820000 2721.51 2778.96 2785.76 8286.23
1822000 2723.33 2783.08 2779.77 8286.18
1824000 2723.61 2778.28 2784.39 8286.28
1826000 2726.06 2783.01 2793.05 8302.12
1828000 2730.78 2782.82 2794.43 8308.02
1830000 2735.61 2788.17 2791.61 8315.39
1832000 2740.85 2785.92 2799.68 8326.46
1834000 2743.24 2787.33 2810.39 8340.96
1836000 2743.71 2791.68 2809.21 8344.6
1838000 2746.66 2796.88 2815.27 8358.8
1840000 2746.52 2801.54 2809.45 8357.52
1842000 2743 2805.88 2811.54 8360.42
1844000 2753.31 2806.05 2816.99 8376.35
1846000 2761.8 2810.21 2825.04 8397.05
1848000 2762.95 2820.03 2830.53 8413.52
1850000 2756.22 2821.2 2838.69 8416.11
1852000 2767.84 2825.01 2833.39 8426.23
1854000 2775.82 2817.27 2832.73 8425.82
1856000 2782.02 2814.63 2841.3 8437.95
1858000 2781.26 2815.48 2847.93 8444.67
1860000 2786.59 2820.92 2845.47 8452.98
1862000 2796.51 2821.68 2843.61 8461.79
1864000 2792.73 2823.39 2849.28 8465.4
1866000 2790.65 2831.66 2849.43 8471.75
1868000 2786.58 2837.38 2860.05 8484.01
1870000 2794.64 2835.63 2865.6 8495.87
1872000 2795.07 2831.23 2870.04 8496.34
1874000 2796.91 2835.81 2874.15 8506.87
1876000 2808.01 2841.97 2868.54 8518.52
1878000 2810.53 2852.97 2876.65 8540.15
1880000 2815.3 2856.76 2871.63 8543.69
1882000 2814.83 2856.62 2862.93 8534.38
1884000 2821.38 2858.33 2867.81 8547.52
1886000 2829.51 2862.85 2870.24 8562.6
1888000 2828.91 2866.54 2864.21 8559.66
1890000 2831.47 2867.46 2863.43 8562.35
1892000 2838.58 2869.64 2863.98 8572.2
1894000 2838.04 2869.4 2866.67 8574.12
1896000 2837.42 2871.61 2867.16 8576.19
1898000 2847.29 2874.22 2868.28 8589.8
1900000 2849.4 2875.04 2872.15 8596.59
1902000 2847.08 2876.97 2877.35 8601.39
1904000 2846.17 2875.52 2874.48 8596.17
1906000 2851.21 2878.43 2876.82 8606.46
1908000 2853.49 2880.34 2876.29 8610.13
1910000 2858.29 2887.65 2881.64 8627.58
1912000 2863.59 2898.36 2893.41 8655.36
1914000 2870.8 2900.66 2896.99 8668.46
1916000 2870.19 2902.43 2894.87 8667.49
1918000 2871.54 2904.54 2890.37 8666.45
1920000 2870.56 2909.3 2889.09 8668.95
1922000 2874.13 2910.32 2886.98 8671.43
1924000 2880.21 2916 2897.84 8694.05
1926000 2885.06 2921.76 2899.51 8706.33
1928000 2895.69 2929.61 2909.56 8734.87
1930000 2905.6 2928.6 2907.1 8741.29
1932000 2912.18 2919.46 2908.8 8740.43
1934000 2926.17 2924.59 2911.23 8761.98
1936000 2933.56 2923.98 2920.13 8777.67
1938000 2939.79 2931.75 2923.32 8794.87
1940000 2940.59 2934.47 2927.61 8802.67
1942000 2944.96 2938.99 2932.15 8816.11
1944000 2946.18 2942.89 2933.44 8822.51
1946000 2949.92 2946.64 2934.45 8831
1948000 2949.16 2956.01 2932.71 8837.88
1950000 2950.87 2954.22 2946.82 8851.91
1952000 2950.45 2957.29 2955.17 8862.91
1954000 2954.3 2960.96 2962.04 8877.3
1956000 2961.2 2974.33 2969.92 8905.44
1958000 2968.19 2973.08 2971.61 8912.89
1960000 2969.06 2978.75 2977.99 8925.8
1962000 2974.13 2979.48 2984.12 8937.72
1964000 2980.53 2983.53 2985.51 8949.57
1966000 2985.55 2987.52 2987.26 8960.33
1968000 2977.95 2995.62 2992.06 8965.63
1970000 2984.59 3001.86 2999.72 8986.16
1972000 2980.88 3000.35 3009.6 8990.83
1974000 2979.93 3005.85 3016.36 9002.14
1976000 2979.11 3012.61 3022.92 9014.64
1978000 2979.4 3013.33 3027.24 9019.97
1980000 2983.25 3016.33 3020.29 9019.86
1982000 2983.52 3025.26 3018.29 9027.07
1984000 2987.12 3028.33 3026.1 9041.55
1986000 2989.62 3034.38 3025.27 9049.28
1988000 2997.19 3033.92 3037.38 9068.49
1990000 2998.71 3041.38 3044.83 9084.92
1992000 3012.72 3049.45 3048.78 9110.95
1994000 3010.73 3054.3 3057.76 9122.79
1996000 3009.75 3052.07 3055.99 9117.81
1998000 3015.27 3054.87 3060.19 9130.33
2000000 3023.15 3063.72 3064.21 9151.07
