0 1603034.3
2000 1604573.6
4000 1597236
6000 1599090.7
8000 1589081.3
10000 1586473.6
12000 1587707.6
14000 1587793.2
16000 1591874.4
18000 1588883.2
20000 1586319.8
22000 1597145.8
24000 1598027.4
26000 1593389.5
28000 1585564.3
30000 1579593.3
32000 1588393.7
34000 1591027.4
36000 1591140.3
38000 1597657.4
40000 1595269.1
42000 1608319.4
44000 1595970.5
46000 1579903.5
48000 1595277.7
50000 1600128
52000 1604517.4
54000 1589307.6
56000 1586889.6
58000 1575983.8
60000 1592237.7
62000 1603804.6
64000 1585068
66000 1603733.1
68000 1582795.2
70000 1592339.7
72000 1594250.2
74000 1598633.1
76000 1581710.2
78000 1594362.8
80000 1582669.3
82000 1589069.4
84000 1593827.1
86000 1592220.8
88000 1594281.5
90000 1595556.3
92000 1590955.3
94000 1583553
96000 1583117.6
98000 1586316.2
100000 1600177
102000 1585126
104000 1591267.2
106000 1591233.7
108000 1600374.3
110000 1590382.1
112000 1602316.6
114000 1594413.3
116000 1595597.4
118000 1592659.1
120000 1589687.3
122000 1588087.6
124000 1590915.5
126000 1589433.2
128000 1591504.8
130000 1591786.5
132000 1598815.9
134000 1589861.5
136000 1597919.2
138000 1603971.2
140000 1598294.8
142000 1606066.2
144000 1589978.9
146000 1590333.9
148000 1602477
150000 1580193.2
152000 1601467.3
154000 1585700.6
156000 1602720.1
158000 1585978.1
160000 1598842.1
162000 1602508.3
164000 1592401.4
166000 1595897.5
168000 1596657
170000 1595737.2
172000 1587562.7
174000 1606406.4
176000 1600529.4
178000 1588531.3
180000 1592270.2
182000 1591840.2
184000 1595978.5
186000 1588052.8
188000 1596954.2
190000 1598764.5
192000 1597099.1
194000 1597150.4
196000 1600104.1
198000 1591477.6
200000 1593703
202000 1585012.7
204000 1591969.8
206000 1584758.9
208000 1601989.9
210000 1592290.5
212000 1585689.6
214000 1602537.1
216000 1576467.8
218000 1586486.9
220000 1573325.4
222000 1583296
224000 1593808.6
226000 1585736.7
228000 1594450.1
230000 1591576.4
232000 1590133.8
234000 1594954.3
236000 1588821.5
238000 1597679.7
240000 1590665
242000 1587805.7
244000 1592472.5
246000 1589990.7
248000 1602696.4
250000 1596944.8
252000 1597002.3
254000 1586084.3
256000 1604336.3
258000 1604275.5
260000 1608775.1
262000 1588833.8
264000 1587122.2
266000 1590346
268000 1589025.3
270000 1592090.7
272000 1593998.2
274000 1590172
276000 1584960.6
278000 1592582.5
280000 1582131.9
282000 1594576
284000 1593349.8
286000 1583889.2
288000 1595332.3
290000 1602481.8
292000 1588685
294000 1591097.3
296000 1607775.5
298000 1581218.6
300000 1586160
302000 1583921.6
304000 1595414.5
306000 1578857.3
308000 1587987.9
310000 1601483.7
312000 1598699.9
314000 1587910.2
316000 1596068
318000 1597340.8
320000 1584058
322000 1582700.8
324000 1582202
326000 1595954.5
328000 1599853.8
330000 1602227.3
332000 1589773.3
334000 1584969.7
336000 1587871.9
338000 1592635.7
340000 1602594.3
342000 1605752.5
344000 1597110.1
346000 1598795.5
348000 1596059.3
350000 1601158.7
352000 1597835.9
354000 1589841.4
356000 1592156.6
358000 1594530.6
360000 1593094.3
362000 1592654.1
364000 1589120.6
366000 1587456.1
368000 1595442.5
370000 1586398
372000 1587428.5
374000 1591533.2
376000 1589390.4
378000 1586688.9
380000 1587423.9
382000 1594906.5
384000 1600968.9
386000 1584545.1
388000 1598401.2
390000 1596197.9
392000 1592515.7
394000 1593984.1
396000 1602506.8
398000 1591961.2
400000 1593092.9
402000 1585686.5
404000 1586459.1
406000 1601532.7
408000 1605370.1
410000 1587225.1
412000 1605564.7
414000 1590033.8
416000 1595859.5
418000 1584824.1
420000 1588155.6
422000 1593231.4
424000 1594807.7
426000 1599736.9
428000 1591713.8
430000 1578595.8
432000 1600019.5
434000 1580365.1
436000 1610121.4
438000 1590899
440000 1595614.9
442000 1587476.5
444000 1587851.5
446000 1586595.1
448000 1582196.3
450000 1585814.9
452000 1591548.1
454000 1581112.9
456000 1585730
458000 1591816
460000 1586413.7
462000 1588575
464000 1586929.2
466000 1598488.6
468000 1593472.4
470000 1584645.5
472000 1588104
474000 1593014.7
476000 1589781.1
478000 1593983.7
480000 1599477.6
482000 1597241.8
484000 1597493.3
486000 1590412.3
488000 1582857.1
490000 1586048.5
492000 1591066.9
494000 1584789.3
496000 1593094.7
498000 1582457.6
500000 1602496.3
502000 1588607.6
504000 1600632.8
506000 1580629.9
508000 1608635.8
510000 1586510.5
512000 1585780
514000 1597268.5
516000 1584840
518000 1588734.5
520000 1596515.7
522000 1600665.4
524000 1596761.9
526000 1599862.9
528000 1594744.2
530000 1589667.4
532000 1597248.4
534000 1601453.8
536000 1593684.3
538000 1597568.2
540000 1588554.3
542000 1587270.8
544000 1580865.8
546000 1610678.7
548000 1595283.1
550000 1579666.4
552000 1597302.5
554000 1605741.1
556000 1589528.1
558000 1595643.9
560000 1591339.3
562000 1598249.6
564000 1584184.8
566000 1599073.6
568000 1581675.9
570000 1581258
572000 1587196.4
574000 1602054.6
576000 1600294.6
578000 1584593.7
580000 1602584
582000 1599155.7
584000 1582176.8
586000 1606341.6
588000 1588892.3
590000 1599502.5
592000 1600166.9
594000 1603264.8
596000 1615547.6
598000 1591043
600000 1607634.4
602000 1596324.2
604000 1588879
606000 1599999.2
608000 1589678.9
610000 1582151.5
612000 1581193
614000 1593995.3
616000 1586468.3
618000 1595676.6
620000 1587515.7
622000 1583110.8
624000 1591613.9
626000 1596578.3
628000 1599692.6
630000 1590597.9
632000 1587293
634000 1601654.9
636000 1586810.1
638000 1592542.1
640000 1602329.1
642000 1601055.8
644000 1610905.2
646000 1587917.7
648000 1582850.1
650000 1591796.2
652000 1608942.1
654000 1594955.4
656000 1607308.7
658000 1587409.8
660000 1596793.4
662000 1589768.1
664000 1584091.4
666000 1587067.1
668000 1589757.3
670000 1590579.2
672000 1599795.3
674000 1581480.8
676000 1582217.8
678000 1592885.5
680000 1598789
682000 1593481
684000 1587176.7
686000 1585195.5
688000 1584294.9
690000 1583986.1
692000 1592878.2
694000 1599296.8
696000 1586939
698000 1603033
700000 1605985.6
702000 1591955.5
704000 1595026.3
706000 1590354.8
708000 1589254.2
710000 1592984.8
712000 1604692.2
714000 1582862.6
716000 1578137.5
718000 1587294.1
720000 1584728.5
722000 1593241.8
724000 1593785.9
726000 1589594.6
728000 1577809.1
730000 1597086.7
732000 1592804.7
734000 1586487.8
736000 1590155.3
738000 1596661.5
740000 1586314.2
742000 1598908
744000 1600204.6
746000 1593676
748000 1595943.7
750000 1589694.8
752000 1604910.3
754000 1593308
756000 1595481.3
758000 1591511.8
760000 1590636.2
762000 1595964.9
764000 1602917.1
766000 1587233.6
768000 1594663.1
770000 1591962.1
772000 1593081.4
774000 1583589.5
776000 1600742.3
778000 1588274.9
780000 1596825.2
782000 1595439.6
784000 1593578.3
786000 1590118.3
788000 1595493.9
790000 1595352.6
792000 1603358.1
794000 1590244.3
796000 1600629
798000 1583291.1
800000 1592441.1
802000 1598267.2
804000 1600984.4
806000 1584429
808000 1608964.7
810000 1600036
812000 1593093.7
814000 1596423.2
816000 1582489.5
818000 1588542.7
820000 1597077.5
822000 1591620.7
824000 1594323.8
826000 1604781.8
828000 1600017.6
830000 1604908
832000 1584010.1
834000 1590161.5
836000 1590523.9
838000 1591657.2
840000 1578758.1
842000 1590964.4
844000 1597879.6
846000 1591157.5
848000 1587583.8
850000 1588712.1
852000 1604210
854000 1591751
856000 1591506.3
858000 1587159.7
860000 1600988.8
862000 1583765.1
864000 1589761.7
866000 1611861.9
868000 1604913.5
870000 1606340.2
872000 1597696.4
874000 1586501.2
876000 1596048.9
878000 1594458.3
880000 1589630.5
882000 1603366.5
884000 1603270.9
886000 1601712.9
888000 1594421.9
890000 1584190.4
892000 1589767.4
894000 1593637.4
896000 1592796.2
898000 1585436.7
900000 1591147.4
902000 1593997
904000 1579157.4
906000 1592972.2
908000 1586599.5
910000 1586163
912000 1597802.5
914000 1589852.9
916000 1596569
918000 1597303.6
920000 1594138.4
922000 1590321.3
924000 1587046.2
926000 1606406.5
928000 1578105.3
930000 1586441.5
932000 1591443.7
934000 1596887.1
936000 1594202
938000 1581233.7
940000 1592078.3
942000 1592070.6
944000 1593756.9
946000 1589494.8
948000 1604987.7
950000 1598955.2
952000 1603071.7
954000 1595129.4
956000 1598512.1
958000 1596258.5
960000 1590958.8
962000 1595912.9
964000 1584127.3
966000 1585687
968000 1597715
970000 1587173.7
972000 1594433.3
974000 1591542.8
976000 1592125.9
978000 1593303.1
980000 1581106.4
982000 1589931.8
984000 1583950.1
986000 1594901.8
988000 1597234.8
990000 1576197.5
992000 1592528.4
994000 1587214.5
996000 1595758
998000 1589044.9
1000000 1600309.9
1002000 1597972.7
1004000 1591343.1
1006000 1583814.6
1008000 1596538.3
1010000 1582433.5
1012000 1606630
1014000 1576505.6
1016000 1594622
1018000 1597184.7
1020000 1580842.3
1022000 1591671.4
1024000 1593489.1
1026000 1585742.7
1028000 1587201.9
1030000 1607575.7
1032000 1589521.2
1034000 1587719.1
1036000 1596309
1038000 1599992.6
1040000 1587050.6
1042000 1574261.2
1044000 1602148.5
1046000 1593918.6
1048000 1594797.2
1050000 1591112.1
1052000 1586915.8
1054000 1608833.1
1056000 1600236.5
1058000 1588624.1
1060000 1595404.7
1062000 1588592.9
1064000 1606165.5
1066000 1614351.8
1068000 1584467.8
1070000 1588161.7
1072000 1582549.6
1074000 1588322.1
1076000 1583946.8
1078000 1589993.4
1080000 1599869.6
1082000 1595436
1084000 1591392.9
1086000 1603406
1088000 1593389
1090000 1595319.8
1092000 1584601.9
1094000 1583744.3
1096000 1591225.1
1098000 1598302.5
1100000 1581192.1
1102000 1603648.1
1104000 1591317.6
1106000 1601818.9
1108000 1591804.7
1110000 1598107.4
1112000 1592343.4
1114000 1587765.4
1116000 1591702
1118000 1575895.9
1120000 1593958.8
1122000 1595236.8
1124000 1594323.8
1126000 1602950.2
1128000 1596429.9
1130000 1598827.8
1132000 1593733.8
1134000 1582278.5
1136000 1587098.7
1138000 1600568.9
1140000 1594587.1
1142000 1598724.5
1144000 1587348.7
1146000 1600871.9
1148000 1592906.2
1150000 1583893.4
1152000 1589098.5
1154000 1601401.3
1156000 1592389.3
1158000 1591908.5
1160000 1585888.5
1162000 1586687.6
1164000 1605454.8
1166000 1601262.5
1168000 1602154.4
1170000 1593918.4
1172000 1585751.1
1174000 1600280
1176000 1594209.3
1178000 1593344.1
1180000 1588570.3
1182000 1597314.7
1184000 1586362.3
1186000 1592457.6
1188000 1590206.7
1190000 1590125.8
1192000 1600729.3
1194000 1578332.4
1196000 1591990
1198000 1594869
1200000 1588854
1202000 1593755.7
1204000 1596830.4
1206000 1587247.1
1208000 1599797
1210000 1602159.2
1212000 1596423.1
1214000 1579923.8
1216000 1593830.8
1218000 1594045.4
1220000 1599559.7
1222000 1595140.3
1224000 1582322.5
1226000 1592189.9
1228000 1602049.1
1230000 1599215.3
1232000 1592261.4
1234000 1597358.3
1236000 1585677.8
1238000 1588923.6
1240000 1591462.4
1242000 1580430.7
1244000 1596841.2
1246000 1600072.9
1248000 1594195.7
1250000 1588589.9
1252000 1591762.3
1254000 1593824.4
1256000 1595511.2
1258000 1602294.9
1260000 1585294.3
1262000 1598872.4
1264000 1590034.4
1266000 1598654.6
1268000 1590239.8
1270000 1597266.5
1272000 1586359.3
1274000 1611098.3
1276000 1612472
1278000 1597730
1280000 1591310.7
1282000 1576616.3
1284000 1586870.6
1286000 1587569.2
1288000 1585187.9
1290000 1594929.4
1292000 1591384.2
1294000 1596331
1296000 1590344.7
1298000 1583931.7
1300000 1599525.1
1302000 1583226
1304000 1578251.5
1306000 1584645.6
1308000 1592153.6
1310000 1588045.8
1312000 1592237.1
1314000 1592044.7
1316000 1587377.2
1318000 1593535.8
1320000 1604322.8
1322000 1599103.9
1324000 1593691.9
1326000 1586435.3
1328000 1593655.2
1330000 1584780.3
1332000 1593443.8
1334000 1604445.5
1336000 1592699.1
1338000 1593520.3
1340000 1589341.1
1342000 1592797.5
1344000 1591671.6
1346000 1586300
1348000 1598688.8
1350000 1592320.8
1352000 1585022.5
1354000 1595067.1
1356000 1595646.8
1358000 1601649.9
1360000 1579493.1
1362000 1601003.8
1364000 1585878.9
1366000 1594104.5
1368000 1601793.3
1370000 1591459.2
1372000 1587123.8
1374000 1596454.6
1376000 1592650.4
1378000 1581773.4
1380000 1595543.1
1382000 1596930.2
1384000 1591455.8
1386000 1592331
1388000 1588561.8
1390000 1598771.7
1392000 1585470
1394000 1596009.9
1396000 1592879.6
1398000 1589116.3
1400000 1601370.6
1402000 1587489.7
1404000 1595955.6
1406000 1590652.7
1408000 1596647
1410000 1589466.7
1412000 1600554.7
1414000 1573829.9
1416000 1602289.7
1418000 1591407.2
1420000 1589885.6
1422000 1594915
1424000 1577782.9
1426000 1593953.5
1428000 1599828.8
1430000 1587100.6
1432000 1603508.9
1434000 1590065.1
1436000 1597125.5
1438000 1599715.1
1440000 1598378.2
1442000 1593913.1
1444000 1597582.7
1446000 1607247.1
1448000 1591507.6
1450000 1582872
1452000 1594423.7
1454000 1587502.4
1456000 1582929.2
1458000 1582692.9
1460000 1594196.6
1462000 1589270.5
1464000 1590570
1466000 1590220.5
1468000 1590375.5
1470000 1597626
1472000 1588974.4
1474000 1590371
1476000 1600640.9
1478000 1586855.4
1480000 1586808.4
1482000 1594446.6
1484000 1598713.8
1486000 1598204.1
1488000 1589472.6
1490000 1591153.5
1492000 1591873.2
1494000 1598827
1496000 1604530.6
1498000 1585472.8
1500000 1601267.1
1502000 1596379.5
1504000 1587274.8
1506000 1586043.7
1508000 1601750.6
1510000 1596451.8
1512000 1590402.2
1514000 1603487.4
1516000 1589525.3
1518000 1595032.6
1520000 1598902.4
1522000 1592885.6
1524000 1591508.1
1526000 1603642.3
1528000 1601929.9
1530000 1582341.4
1532000 1600348.2
1534000 1596033.2
1536000 1591235.1
1538000 1597647.3
1540000 1604093.6
1542000 1594806.6
1544000 1585311
1546000 1595029.4
1548000 1597253.9
1550000 1595347.1
1552000 1589244.7
1554000 1585475.6
1556000 1583696.4
1558000 1586673
1560000 1581506.5
1562000 1601292.8
1564000 1600971.1
1566000 1599961.1
1568000 1586648.4
1570000 1592576.4
1572000 1597735.8
1574000 1605229.8
1576000 1589816.9
1578000 1592230
1580000 1593137.3
1582000 1592218.8
1584000 1583997
1586000 1585976
1588000 1584903.3
1590000 1586598
1592000 1584064.3
1594000 1616151.9
1596000 1587448.1
1598000 1590056.9
1600000 1590530.9
1602000 1588019.3
1604000 1586130.2
1606000 1590723.9
1608000 1598367.3
1610000 1593972.2
1612000 1582972.8
1614000 1588623.4
1616000 1601770.1
1618000 1599608.8
1620000 1594153.7
1622000 1597845.6
1624000 1590905.8
1626000 1582816
1628000 1578805
1630000 1591950.4
1632000 1588590.7
1634000 1591620.2
1636000 1595899.6
1638000 1586089.2
1640000 1591682.6
1642000 1600866.5
1644000 1591039.9
1646000 1583257.4
1648000 1604386
1650000 1582830.7
1652000 1604754.6
1654000 1590482.4
1656000 1583177.3
1658000 1589852.8
1660000 1591841.8
1662000 1591098.3
1664000 1603737.5
1666000 1591766.2
1668000 1596785.7
1670000 1594593
1672000 1589352.5
1674000 1586812
1676000 1584077.6
1678000 1601257.2
1680000 1589285.3
1682000 1592562.6
1684000 1596280.1
1686000 1590181.6
1688000 1589934.1
1690000 1597201.5
1692000 1603554.7
1694000 1590231
1696000 1585044.5
1698000 1603930.8
1700000 1594750.8
1702000 1592183.4
1704000 1594948.7
1706000 1596200.4
1708000 1596977.8
1710000 1594274
1712000 1595050.9
1714000 1590526.9
1716000 1587149.9
1718000 1592415
1720000 1583625.9
1722000 1605043.7
1724000 1608692.5
1726000 1585856.9
1728000 1584017.1
1730000 1591830.7
1732000 1582458.7
1734000 1597100.4
1736000 1574723.9
1738000 1586381.1
1740000 1599404.2
1742000 1585676.7
1744000 1585256.7
1746000 1601751
1748000 1584164.8
1750000 1596597.8
1752000 1596065.2
1754000 1587545.8
1756000 1586314.9
1758000 1592457.4
1760000 1593547.7
1762000 1589678.2
1764000 1593573.1
1766000 1589958.6
1768000 1589975.8
1770000 1589092.7
1772000 1594137.5
1774000 1604014.8
1776000 1590640.1
1778000 1586854.8
1780000 1590415.7
1782000 1590502
1784000 1606723.9
1786000 1587137.8
1788000 1592205.6
1790000 1595645.1
1792000 1587166.4
1794000 1584716.9
1796000 1599750.5
1798000 1581843.1
1800000 1596912.5
1802000 1598708.9
1804000 1604613.7
1806000 1594726.3
1808000 1592253.6
1810000 1602846.9
1812000 1602830.5
1814000 1592404.4
1816000 1592882.4
1818000 1599018.3
1820000 1593244.2
1822000 1589892.6
1824000 1592267.9
1826000 1600452.8
1828000 1580957.4
1830000 1594236.2
1832000 1578716.6
1834000 1599836.2
1836000 1590969.5
1838000 1597867.8
1840000 1604785.4
1842000 1597166.6
1844000 1611067.9
1846000 1595835.9
1848000 1588958.4
1850000 1603128.7
1852000 1591225
1854000 1592251.9
1856000 1605137.2
1858000 1590459
1860000 1595968.3
1862000 1597007.3
1864000 1600343.4
1866000 1602968.1
1868000 1592092.9
1870000 1591952
1872000 1593122
1874000 1589514
1876000 1584693.3
1878000 1599113.2
1880000 1588939
1882000 1593285.1
1884000 1593270.2
1886000 1598071.2
1888000 1575955
1890000 1595675
1892000 1601711.9
1894000 1596365.1
1896000 1585432.9
1898000 1596623.2
1900000 1594343.7
1902000 1591851.2
1904000 1580632.2
1906000 1599165.3
1908000 1600634.6
1910000 1595808.8
1912000 1582909.3
1914000 1589880.4
1916000 1601844.2
1918000 1614981.8
1920000 1600001.9
1922000 1594924.9
1924000 1584800.8
1926000 1600857.7
1928000 1585116.3
1930000 1587163.4
1932000 1596421.5
1934000 1581132.1
1936000 1605384.6
1938000 1590484.9
1940000 1597897.8
1942000 1594769
1944000 1588539.6
1946000 1585597.3
1948000 1594537.5
1950000 1611066.7
1952000 1596387
1954000 1590315.7
1956000 1584402.4
1958000 1588005.9
1960000 1587238.8
1962000 1592861.4
1964000 1585573.3
1966000 1584685
1968000 1602146.2
1970000 1602562.9
1972000 1576386.9
1974000 1599991.8
1976000 1590379.4
1978000 1604581.5
1980000 1585475.6
1982000 1579274.8
1984000 1594426.5
1986000 1590990.1
1988000 1585830.5
1990000 1598986.9
1992000 1590915.4
1994000 1598023
1996000 1592052.2
1998000 1596097.7
2000000 1598848.1
