# Time-averaged data for fix savemsd
# TimeStep c_msd[1] c_msd[2] c_msd[3] c_msd[4]
0 0 7.99817e-30 0 7.99817e-30
2000 4.02969 4.0625 3.87389 11.9661
4000 8.10123 8.09808 8.05482 24.2541
6000 12.5664 12.3463 11.7366 36.6493
8000 17.1048 15.9588 16.4626 49.5262
10000 22.3049 19.2726 21.326 62.9035
12000 27.1441 23.2672 24.3305 74.7419
14000 31.3299 26.2835 29.1046 86.718
16000 36.4148 30.7045 32.8601 99.9795
18000 38.9164 34.3444 36.596 109.857
20000 43.2313 38.7159 41.6247 123.572
22000 47.1974 43.8566 46.2617 137.316
24000 51.6908 47.9306 49.9578 149.579
26000 56.2018 52.8476 53.5179 162.567
28000 59.8062 55.7739 57.8707 173.451
30000 64.6099 59.7685 60.4846 184.863
32000 69.3119 64.3725 63.852 197.537
34000 72.1335 67.9883 68.0269 208.149
36000 75.2432 72.6998 71.25 219.193
38000 77.7229 77.5909 75.6225 230.936
40000 82.9669 81.3642 81.0027 245.334
42000 86.6531 84.1443 84.3551 255.153
44000 89.7186 86.2363 88.0621 264.017
46000 92.9343 90.471 89.9808 273.386
48000 95.3451 92.2419 94.1314 281.718
50000 98.1654 96.5704 98.2351 292.971
52000 103.434 99.6163 102.131 305.181
54000 107.731 102.559 106.38 316.67
56000 112.062 105.953 110.619 328.634
58000 116.461 108.886 113.479 338.825
60000 120.168 112.757 117.89 350.815
62000 124.253 117.251 124.03 365.534
64000 129.179 123.033 128.146 380.358
66000 133.654 126.46 131.988 392.102
68000 137.455 133.202 136.191 406.848
70000 142.535 136.376 141.433 420.343
72000 146.926 142.035 144.637 433.598
74000 150.687 145.69 149.21 445.586
76000 155.006 148.954 151.805 455.765
78000 159.744 155.129 154.455 469.329
80000 165.742 160.923 158.781 485.446
82000 170.546 166.3 164.26 501.107
84000 172.82 172.428 168.24 513.488
86000 176.359 175.097 173.192 524.647
88000 181.719 181.185 177.318 540.222
90000 189.127 185.078 182.283 556.488
92000 196.64 186.673 187.033 570.346
94000 200.976 192.402 191.473 584.851
96000 203.287 196.986 195.155 595.429
98000 208.71 202.717 199.141 610.568
100000 214.498 205.899 203.822 624.219
102000 215.446 211.31 206.129 632.885
104000 219.119 215.622 209.717 644.458
106000 224.431 220.339 214.449 659.22
108000 228.518 225.42 218.221 672.16
110000 232.89 227.002 222.111 682.004
112000 236.479 231.1 228.349 695.929
114000 241.493 233.286 236.208 710.987
116000 243.816 238.955 240.884 723.655
118000 247.404 239.689 245.389 732.481
120000 252.601 245.706 248.655 746.963
122000 258.84 248.654 255.151 762.645
124000 262.639 255.235 259.438 777.313
126000 266.109 256.259 263.569 785.937
128000 271.272 261.119 267.982 800.373
130000 275.94 264.693 270.314 810.947
132000 280.492 267.93 273.226 821.648
134000 284.781 275.025 276.494 836.299
136000 287.889 276.385 280.085 844.359
138000 291.507 280.203 281.527 853.237
140000 293.98 284.455 285.174 863.61
142000 296.523 289.478 292.142 878.143
144000 300.613 293.313 298.917 892.843
146000 303.603 297.641 302.531 903.775
148000 307.526 299.728 306.302 913.555
150000 314.281 305.08 312.811 932.171
152000 315.055 307.009 318.382 940.445
154000 319.517 312.522 322.111 954.15
156000 320.153 316.188 324.922 961.263
158000 324.201 319.118 331.913 975.231
160000 326.395 323.929 334.223 984.547
162000 328.243 328.956 339.895 997.093
164000 333.178 332.261 341.646 1007.09
166000 336.807 336.282 347.526 1020.62
168000 342.385 339.718 349.914 1032.02
170000 345.517 342.595 356.769 1044.88
172000 350.702 346.329 365.334 1062.37
174000 358.232 350.562 370.016 1078.81
176000 362.17 350.614 375.69 1088.47
178000 367.698 353.541 378.836 1100.07
180000 372.142 360.676 380.407 1113.23
182000 377.207 368.766 383.604 1129.58
184000 382.518 371.671 386.348 1140.54
186000 384.591 377.227 390.108 1151.93
188000 386.675 381.575 393.384 1161.63
190000 389.098 388.186 399.997 1177.28
192000 393.905 392.499 405.07 1191.47
194000 399.498 397.501 411.589 1208.59
196000 403.296 405.424 416.996 1225.72
198000 408.126 408.862 421.375 1238.36
200000 411.147 416.379 424.481 1252.01
202000 415.621 420.867 425.904 1262.39
204000 421.813 423.856 429.209 1274.88
206000 424.518 423.655 433.127 1281.3
208000 429.519 428.126 435.419 1293.06
210000 429.138 432.691 440.424 1302.25
212000 435.091 435.248 445.145 1315.48
214000 435.337 435.373 446.843 1317.55
216000 438.091 442.677 447.943 1328.71
218000 442.881 444.466 453.354 1340.7
220000 448.725 451.472 460.078 1360.27
222000 453.392 456.053 468.191 1377.64
224000 461.261 459.71 473.935 1394.91
226000 466.301 462.308 474.891 1403.5
228000 471.468 466.487 475.537 1413.49
230000 475.13 471.338 477.324 1423.79
232000 479.106 478.422 481.329 1438.86
234000 483.881 484.234 487.822 1455.94
236000 487.952 487.154 492.443 1467.55
238000 494.33 488.16 494.517 1477.01
240000 500.921 493.145 504.013 1498.08
242000 504.965 500.226 511.689 1516.88
244000 509.182 503.596 516.6 1529.38
246000 514.946 507.975 519.471 1542.39
248000 516.554 515.872 525.931 1558.36
250000 519.312 520.473 532.314 1572.1
252000 524.512 523.451 531.832 1579.79
254000 528.973 522.999 533.974 1585.95
256000 531.912 525.738 538.504 1596.15
258000 536.298 530.591 542.306 1609.19
260000 543.645 533.044 548.156 1624.84
262000 548.233 539.503 554.798 1642.53
264000 553.54 543.852 563.235 1660.63
266000 557.724 550.122 565.985 1673.83
268000 561.903 556.365 567.071 1685.34
270000 569.216 563.363 569.66 1702.24
272000 570.911 564.169 572.937 1708.02
274000 571.746 567.271 577.173 1716.19
276000 572.226 573.242 585.07 1730.54
278000 578.19 577.323 588.514 1744.03
280000 581.861 580.904 590.626 1753.39
282000 592.497 587.558 592.609 1772.66
284000 599.585 588.82 601.044 1789.45
286000 606.278 591.959 604.72 1802.96
288000 613.076 597.246 606.778 1817.1
290000 619.177 604.565 610.792 1834.53
292000 620.715 608.467 613.442 1842.62
294000 628.368 612.403 614.526 1855.3
296000 635.256 613.155 615.844 1864.26
298000 640.903 617.392 620.979 1879.27
300000 643.381 621.833 625.067 1890.28
302000 646.689 624.479 629.437 1900.61
304000 656.625 628.498 633.604 1918.73
306000 664.102 634.123 636.088 1934.31
308000 667.508 636.328 638.768 1942.6
310000 675.715 640.86 640.976 1957.55
312000 678.511 644.01 648.351 1970.87
314000 682.238 651.936 650.127 1984.3
316000 687.345 660.754 653.453 2001.55
318000 691.386 663.548 659.121 2014.05
320000 697.223 668.503 664.681 2030.41
322000 705.656 671.059 674.602 2051.32
324000 709.639 670.63 680.293 2060.56
326000 717.663 669.562 684.205 2071.43
328000 720.585 671.275 686.988 2078.85
330000 726.652 675.715 691.689 2094.06
332000 732.958 677.351 700.113 2110.42
334000 742.595 679.907 705.498 2128
336000 750.626 686.235 708.764 2145.62
338000 751.93 687.436 713.48 2152.85
340000 753.978 689.019 719.45 2162.45
342000 759.788 688.871 722.063 2170.72
344000 766.543 696.588 724.971 2188.1
346000 767.887 699.199 733.341 2200.43
348000 771.588 701.862 740.181 2213.63
350000 774.589 708.867 744.185 2227.64
352000 778.932 713.966 746.776 2239.67
354000 781.531 721.713 751.971 2255.21
356000 782.936 725.943 758.79 2267.67
358000 785.09 731.653 761.264 2278.01
360000 795.075 732.631 764.229 2291.94
362000 790.888 733.215 767.055 2291.16
364000 796.951 737.403 770.569 2304.92
366000 799.357 742.206 774.434 2316
368000 800.738 748.02 778.836 2327.59
370000 803.63 749.278 781.015 2333.92
372000 803.163 753.967 786.727 2343.86
374000 806.581 761.965 795.168 2363.71
376000 813.142 762.76 797.711 2373.61
378000 813.301 764.052 802.88 2380.23
380000 812.486 767.098 806.679 2386.26
382000 822.825 766.799 810.107 2399.73
384000 827.205 765.767 814.596 2407.57
386000 830.568 762.924 824.949 2418.44
388000 832.308 767.997 826.714 2427.02
390000 836.961 772.273 832.681 2441.91
392000 840.946 777.14 840.832 2458.92
394000 842.09 781.175 850.718 2473.98
396000 847.259 782.769 854.919 2484.95
398000 851.13 787.198 859.618 2497.95
400000 860.431 788.268 861.431 2510.13
402000 867.252 791.582 865.986 2524.82
404000 870.205 795.359 870.502 2536.07
406000 869.237 795.222 872.193 2536.65
408000 870.898 795.861 879.057 2545.82
410000 878.328 799.438 885.857 2563.62
412000 878.746 801.816 892.102 2572.66
414000 876.476 805.552 894.763 2576.79
416000 883.451 813.052 897.144 2593.65
418000 894.734 809.629 901.452 2605.82
420000 898.046 812.028 906.56 2616.63
422000 899.395 814.252 911.287 2624.93
424000 905.801 815.651 910.798 2632.25
426000 912.054 823.24 912.307 2647.6
428000 913.542 827.727 917.837 2659.11
430000 913.864 833.488 919.663 2667.01
432000 918.144 840.072 926.552 2684.77
434000 922.381 846.21 930.321 2698.91
436000 920.573 847.164 936.114 2703.85
438000 924.12 851.841 939.647 2715.61
440000 923.228 854.926 943.597 2721.75
442000 923.777 860.032 947.69 2731.5
444000 929.788 860.274 953.359 2743.42
446000 931.898 862.727 954.784 2749.41
448000 938.089 869.156 960.506 2767.75
450000 941.649 874.235 968.19 2784.07
452000 942.54 875.972 977.934 2796.45
454000 951.953 877.896 985.11 2814.96
456000 958.1 879.063 988.369 2825.53
458000 962.494 879.702 993.932 2836.13
460000 969.488 880.641 1002.43 2852.56
462000 979.262 880.407 1002.71 2862.38
464000 983.25 888.599 1003.2 2875.05
466000 991.818 895.068 1006.78 2893.67
468000 994.066 897.433 1006.81 2898.31
470000 995.721 902.157 1008.98 2906.85
472000 997.705 905.705 1010.15 2913.56
474000 1004.47 910.07 1011.61 2926.15
476000 1008.35 912.259 1017.2 2937.81
478000 1006.26 913.988 1018.61 2938.86
480000 1010.24 918.853 1024.32 2953.41
482000 1016.45 918.172 1025.44 2960.05
484000 1022.95 923.835 1028.69 2975.47
486000 1024.3 924.492 1037.6 2986.39
488000 1033.34 932.789 1039.34 3005.47
490000 1037.25 943.301 1049.67 3030.23
492000 1038.05 949.689 1056.04 3043.78
494000 1039.6 957.521 1066.45 3063.56
496000 1046.44 961.043 1067.48 3074.96
498000 1048.87 970.538 1067.82 3087.22
500000 1051.12 971.094 1070.99 3093.21
502000 1058.33 976.494 1073.15 3107.98
504000 1062.62 974.795 1075.22 3112.63
506000 1065.57 986.14 1073.16 3124.87
508000 1069.68 993.576 1075.38 3138.64
510000 1083.46 992.556 1078.08 3154.1
512000 1086.59 995.409 1079.45 3161.45
514000 1097.5 1000.37 1086.51 3184.37
516000 1101.52 1008.35 1092.27 3202.14
518000 1106.77 1014.95 1098.28 3220
520000 1114.43 1019.46 1093.28 3227.17
522000 1122.5 1019.5 1099.33 3241.34
524000 1121.98 1027.84 1104.46 3254.28
526000 1131.15 1032.92 1108.69 3272.76
528000 1130.08 1037.31 1113.7 3281.09
530000 1131.36 1039.86 1115.07 3286.29
532000 1131.71 1045.94 1114.61 3292.27
534000 1137.77 1052.27 1115.07 3305.12
536000 1143.59 1059.55 1119.36 3322.5
538000 1150.9 1063.39 1122.51 3336.8
540000 1152.67 1069.61 1128.88 3351.16
542000 1157.14 1071.34 1133.8 3362.27
544000 1163.28 1080.61 1135.18 3379.07
546000 1171.35 1085.28 1139.81 3396.44
548000 1174.55 1090.03 1147.37 3411.96
550000 1176.06 1097.27 1153.44 3426.77
552000 1185.91 1104.19 1156.26 3446.37
554000 1188.62 1104.23 1152.18 3445.02
556000 1191.31 1114.61 1155.97 3461.89
558000 1194.69 1118.22 1155.83 3468.74
560000 1197.93 1124.75 1158.34 3481.02
562000 1200.59 1134.91 1161.65 3497.15
564000 1204.58 1138 1168.19 3510.77
566000 1212.17 1142.66 1171.83 3526.66
568000 1217.87 1148.42 1181.66 3547.95
570000 1216.83 1148.37 1190.17 3555.37
572000 1219.78 1152.38 1191.59 3563.75
574000 1222.73 1155.01 1195.29 3573.03
576000 1227.26 1156.82 1194.54 3578.62
578000 1233.26 1161.11 1199.95 3594.32
580000 1234.82 1164.94 1210.86 3610.63
582000 1237.9 1169.05 1211.54 3618.49
584000 1232.1 1175.53 1220.04 3627.68
586000 1238.05 1183.45 1226.34 3647.83
588000 1239.9 1187.37 1233.32 3660.59
590000 1247.7 1190.84 1240.95 3679.49
592000 1257.5 1194.45 1250.2 3702.15
594000 1261.31 1196.75 1253.65 3711.7
596000 1263.28 1197.49 1258.62 3719.39
598000 1269.68 1205.35 1256.8 3731.82
600000 1276.04 1211.68 1259.72 3747.44
602000 1279.87 1213.5 1262.59 3755.96
604000 1286.57 1217.46 1269.94 3773.97
606000 1293.26 1224.13 1277.9 3795.29
608000 1293.57 1225.38 1278.23 3797.18
610000 1296.05 1229.15 1280.01 3805.2
612000 1302.19 1230.3 1282.78 3815.27
614000 1307.31 1235.38 1283.56 3826.25
616000 1307.89 1238.48 1288.68 3835.05
618000 1316.11 1244.14 1292.56 3852.81
620000 1320.84 1245.92 1297.91 3864.67
622000 1323.74 1245.42 1302.99 3872.15
624000 1327.49 1251.5 1305.87 3884.86
626000 1336.53 1253.58 1312.69 3902.8
628000 1342.5 1254.66 1314.73 3911.9
630000 1352.76 1260.02 1320.72 3933.51
632000 1353.92 1264.67 1328.26 3946.85
634000 1357.95 1265.98 1328.16 3952.09
636000 1363.96 1269.39 1332.74 3966.09
638000 1365.78 1267.76 1335.37 3968.91
640000 1369.31 1272.98 1333.5 3975.79
642000 1368.02 1276.77 1348.38 3993.17
644000 1369.75 1282.48 1353 4005.23
646000 1373.84 1287.55 1364.25 4025.64
648000 1376.45 1294.07 1362.32 4032.85
650000 1383.22 1298.72 1366.38 4048.32
652000 1389.93 1302.78 1367.6 4060.3
654000 1389.01 1308.7 1369.28 4067
656000 1391.36 1308.42 1372.95 4072.73
658000 1400.26 1317.27 1379.46 4096.99
660000 1403.71 1324.92 1379.12 4107.75
662000 1407.2 1327.19 1385.75 4120.15
664000 1412.38 1326.06 1385.82 4124.27
666000 1412.49 1330.67 1390.73 4133.88
668000 1417.57 1336.6 1396.03 4150.2
670000 1418.3 1341.22 1395.7 4155.22
672000 1423.83 1347.75 1399.81 4171.39
674000 1426.13 1353.86 1398.37 4178.36
676000 1429.48 1364.59 1396.86 4190.93
678000 1438.1 1368.48 1408.97 4215.56
680000 1440.73 1371.55 1418.74 4231.02
682000 1442.81 1374.34 1423.44 4240.59
684000 1444.77 1373.56 1423.2 4241.53
686000 1449.06 1378.77 1431.06 4258.89
688000 1453.24 1378.94 1436.56 4268.74
690000 1461.27 1378.66 1444.75 4284.68
692000 1462.85 1378.72 1448.19 4289.75
694000 1463 1386.27 1448.89 4298.15
696000 1469.37 1387.45 1453.62 4310.44
698000 1481.16 1389.25 1461.52 4331.93
700000 1488.18 1391.77 1469.34 4349.29
702000 1489.86 1392.84 1475.07 4357.77
704000 1489.8 1403.14 1485.22 4378.16
706000 1496.74 1408.23 1491.98 4396.95
708000 1497.71 1410.69 1497.3 4405.7
710000 1502.11 1410.73 1495.08 4407.93
712000 1507.37 1422.87 1499.74 4429.97
714000 1511.98 1425.14 1496.49 4433.61
716000 1518.46 1433.27 1494.85 4446.58
718000 1522.08 1434.43 1497.03 4453.54
720000 1529.81 1441.14 1499.61 4470.57
722000 1537.21 1449.17 1505.34 4491.72
724000 1540.76 1455.86 1509.45 4506.08
726000 1540.72 1456.14 1510.56 4507.42
728000 1547.05 1459.62 1516.13 4522.8
730000 1549.84 1460.96 1519.29 4530.09
732000 1554.06 1468.73 1524.79 4547.57
734000 1556.46 1475.59 1526.61 4558.66
736000 1555.8 1477.3 1524.76 4557.86
738000 1556.61 1483.88 1526.08 4566.57
740000 1559.18 1488.85 1527.66 4575.69
742000 1561.11 1492.82 1529.29 4583.22
744000 1573.02 1502.58 1532.54 4608.14
746000 1573.42 1513.07 1538.9 4625.39
748000 1581.75 1514.95 1541.61 4638.31
750000 1583.31 1527.42 1547.02 4657.75
752000 1590.75 1538.9 1548.47 4678.12
754000 1595.12 1545.24 1550.75 4691.12
756000 1595.38 1548 1555.72 4699.1
758000 1600.63 1548.92 1563.55 4713.1
760000 1601.32 1554.08 1567.72 4723.12
762000 1602.16 1559.48 1567.38 4729.02
764000 1604.56 1571.87 1573.74 4750.18
766000 1608.31 1574.34 1574.77 4757.43
768000 1622.2 1570.9 1583.52 4776.62
770000 1625.52 1572.63 1582.54 4780.69
772000 1634.03 1579.23 1584.21 4797.46
774000 1634.84 1580.46 1593.35 4808.65
776000 1641.71 1584.72 1594.51 4820.93
778000 1649.7 1585.09 1597.53 4832.32
780000 1651.66 1589.73 1605.37 4846.77
782000 1657.91 1596.83 1604.85 4859.59
784000 1663.07 1598.21 1612 4873.28
786000 1669.16 1598.98 1619.35 4887.5
788000 1677.29 1600.47 1622.91 4900.66
790000 1682.92 1603.78 1624.92 4911.62
792000 1684.34 1610.12 1634.15 4928.61
794000 1688.95 1615.23 1640.12 4944.29
796000 1688.74 1620.11 1642.7 4951.55
798000 1689.55 1627.63 1648.17 4965.35
800000 1689.56 1629.36 1654.97 4973.89
802000 1698.82 1636.35 1664.77 4999.94
804000 1701.96 1638.37 1665.2 5005.52
806000 1707.88 1640.8 1668.13 5016.81
808000 1718.87 1650.41 1676.36 5045.64
810000 1716.54 1658.61 1671.45 5046.59
812000 1715.22 1662.98 1679.9 5058.1
814000 1715.53 1669.61 1681.66 5066.8
816000 1715.07 1674.49 1694.52 5084.08
818000 1724.09 1682.73 1702.58 5109.4
820000 1729.02 1684.26 1704.48 5117.76
822000 1733.38 1696.04 1709.46 5138.88
824000 1734.92 1688.73 1712.51 5136.16
826000 1741.35 1693.48 1713.42 5148.25
828000 1748.14 1693.73 1722.61 5164.48
830000 1756.61 1696.57 1731.42 5184.6
832000 1763.54 1705.35 1733.48 5202.38
834000 1769.74 1710.02 1739.28 5219.05
836000 1771.99 1710.2 1737.97 5220.17
838000 1773.6 1713.73 1750.36 5237.7
840000 1775.8 1720.08 1757.14 5253.02
842000 1776.62 1719.65 1762.12 5258.38
844000 1778.37 1722.24 1768.13 5268.74
846000 1777.54 1724.6 1772.7 5274.84
848000 1787.67 1728.48 1777.47 5293.61
850000 1791.08 1726.65 1780.88 5298.6
852000 1793.8 1728.75 1789.37 5311.91
854000 1797.99 1734.04 1785.81 5317.84
856000 1805.43 1730.33 1789.35 5325.11
858000 1810.53 1736.15 1793.66 5340.34
860000 1815.02 1737.93 1800.36 5353.32
862000 1819.5 1742.09 1802.01 5363.61
864000 1825.13 1745.38 1806.92 5377.43
866000 1832.42 1748.89 1803.92 5385.23
868000 1833.69 1756 1805.95 5395.64
870000 1836.84 1761.75 1809.53 5408.12
872000 1838.78 1762.41 1817.1 5418.28
874000 1837.63 1766.55 1829.43 5433.61
876000 1846.57 1765.73 1828.79 5441.09
878000 1849.29 1768.37 1829.67 5447.33
880000 1855.27 1777.03 1832.31 5464.61
882000 1859.08 1781.11 1832.5 5472.7
884000 1864.1 1790.04 1834.97 5489.12
886000 1868.21 1796.88 1839.46 5504.55
888000 1871.21 1805.84 1851.73 5528.78
890000 1868.4 1812.52 1862.13 5543.05
892000 1870.24 1816.63 1870.4 5557.27
894000 1876.2 1819.04 1878.68 5573.92
896000 1887.76 1813.01 1880.36 5581.13
898000 1890.09 1815.76 1881.71 5587.56
900000 1900.11 1816.28 1891.15 5607.55
902000 1910.03 1825.8 1892.11 5627.95
904000 1917.98 1829.62 1895.84 5643.44
906000 1927.27 1832.78 1897.94 5657.99
908000 1934.83 1834.81 1906.38 5676.02
910000 1931.19 1836.13 1914.98 5682.3
912000 1943.61 1844.12 1919.76 5707.49
914000 1948.39 1849.93 1920.38 5718.7
916000 1954.7 1853.39 1916.79 5724.88
918000 1959.53 1853.54 1925.15 5738.22
920000 1965.92 1856.06 1924.28 5746.25
922000 1969.49 1858.62 1931.32 5759.43
924000 1964.55 1863.28 1933.69 5761.52
926000 1971.08 1869.46 1937.82 5778.35
928000 1968.1 1868.86 1946.28 5783.25
930000 1971.37 1867.44 1950.8 5789.62
932000 1974.12 1861.13 1952.27 5787.52
934000 1972.73 1867.76 1953.15 5793.65
936000 1975.75 1870.16 1956.07 5801.98
938000 1975.72 1873.37 1957.21 5806.3
940000 1992.44 1888.14 1961.53 5842.12
942000 1997.23 1891.22 1967.78 5856.23
944000 2000.53 1899.9 1977.39 5877.82
946000 2005.29 1902.19 1983.68 5891.17
948000 2006.36 1898.83 1984.94 5890.14
950000 2007.08 1906.02 1990.95 5904.05
952000 2016.37 1908.27 2000.37 5925.01
954000 2022.84 1909.48 2005.16 5937.49
956000 2027.22 1902.93 2014.27 5944.42
958000 2033.43 1901.51 2019.95 5954.89
960000 2040.12 1899.4 2025.73 5965.25
962000 2046.65 1903.76 2025.92 5976.33
964000 2042.47 1902.69 2031.98 5977.15
966000 2053.06 1906.15 2032.4 5991.61
968000 2054.52 1911.34 2026.64 5992.5
970000 2055.2 1909.42 2030.52 5995.15
972000 2058.05 1910.35 2034.03 6002.42
974000 2060.03 1913.51 2037.17 6010.7
976000 2059.66 1922.6 2040.74 6023
978000 2057.85 1919.93 2039.46 6017.25
980000 2070.73 1932.27 2046.48 6049.48
982000 2069.7 1933.73 2059.26 6062.7
984000 2069.67 1935.14 2068.59 6073.4
986000 2074.03 1940.06 2069.42 6083.51
988000 2070.79 1938.72 2074.36 6083.87
990000 2075.38 1951.03 2081.98 6108.4
992000 2081.18 1956.82 2078.15 6116.16
994000 2087.26 1962.02 2081.75 6131.04
996000 2097.29 1967.27 2083.69 6148.25
998000 2099.68 1975.75 2088.73 6164.16
1000000 2099.09 1975.87 2092.12 6167.08
1002000 2105.01 1976.93 2102.51 6184.45
1004000 2112.34 1980.53 2106.12 6198.99
1006000 2114.71 1986.47 2112.4 6213.57
1008000 2114.77 1989.13 2113.34 6217.24
1010000 2119.47 1992.46 2115.87 6227.8
1012000 2125.52 1999.63 2118.38 6243.53
1014000 2124.68 2005.1 2121.42 6251.21
1016000 2125.14 2006.04 2130.03 6261.21
1018000 2131.53 2009.88 2133.66 6275.07
1020000 2133.62 2004.24 2140.96 6278.83
1022000 2134.9 2008.48 2147.23 6290.61
1024000 2142.7 2009.48 2143.23 6295.41
1026000 2143.35 2003.64 2145.6 6292.59
1028000 2151.65 2008.37 2151.02 6311.04
1030000 2155.06 2010.41 2147.69 6313.16
1032000 2153.85 2011.48 2155.57 6320.9
1034000 2152.83 2013.83 2158.59 6325.24
1036000 2158.07 2022.49 2161.15 6341.71
1038000 2163.1 2020 2164.43 6347.54
1040000 2173.49 2017.67 2173.14 6364.3
1042000 2173.09 2027.37 2181 6381.47
1044000 2182.28 2026.54 2188.95 6397.77
1046000 2192.06 2030.33 2192.72 6415.1
1048000 2191.88 2036.49 2205.33 6433.7
1050000 2196 2037 2209.46 6442.46
1052000 2195.57 2045.51 2221.53 6462.61
1054000 2198.76 2050.33 2221.99 6471.07
1056000 2195.86 2055.01 2229.39 6480.26
1058000 2208.72 2054.5 2228.79 6492.02
1060000 2215.69 2055.85 2236.55 6508.1
1062000 2221.62 2066.43 2235.38 6523.42
1064000 2216.93 2067.89 2236.07 6520.89
1066000 2223.58 2069.45 2240.65 6533.68
1068000 2228.79 2088.21 2243.58 6560.58
1070000 2235.76 2092.92 2242.55 6571.24
1072000 2242.77 2097.99 2242.42 6583.18
1074000 2247.19 2110.66 2249.35 6607.2
1076000 2250.36 2109.88 2259.38 6619.62
1078000 2254.65 2113.92 2255.07 6623.64
1080000 2260.12 2109.61 2259.37 6629.09
1082000 2266.81 2119.38 2271.47 6657.66
1084000 2269.14 2129.07 2278.41 6676.62
1086000 2283.05 2134.08 2286.25 6703.38
1088000 2285.04 2136.65 2288.95 6710.64
1090000 2284.84 2139.61 2291.49 6715.94
1092000 2288.3 2139.71 2288.47 6716.48
1094000 2289.87 2140.18 2289.93 6719.99
1096000 2294.98 2143.28 2290.47 6728.73
1098000 2300.38 2159.78 2297.39 6757.56
1100000 2298.67 2166.68 2302.49 6767.84
1102000 2302.51 2170.81 2304.86 6778.19
1104000 2314.01 2183.6 2307.05 6804.66
1106000 2308.78 2196.54 2313.96 6819.28
1108000 2312.14 2198.57 2315.49 6826.2
1110000 2315.87 2202.62 2321.21 6839.7
1112000 2322.92 2207.08 2325.29 6855.29
1114000 2321.63 2213.54 2327.88 6863.05
1116000 2323.04 2216.99 2328.19 6868.22
1118000 2326.34 2218.36 2326.95 6871.65
1120000 2333.14 2221.27 2336.57 6890.98
1122000 2329.72 2225.48 2346.02 6901.22
1124000 2337.9 2233.81 2347.07 6918.78
1126000 2341.42 2246.97 2350.28 6938.67
1128000 2344.48 2240.61 2347.08 6932.17
1130000 2339.4 2247.82 2346.75 6933.98
1132000 2349.81 2251.09 2348.57 6949.47
1134000 2357.28 2254.73 2352.29 6964.29
1136000 2367.57 2249.42 2350.52 6967.51
1138000 2368.83 2248.95 2357.01 6974.79
1140000 2370.4 2245.2 2360.65 6976.26
1142000 2373.45 2249.81 2364.95 6988.22
1144000 2381.07 2249.12 2364.48 6994.66
1146000 2387.9 2252.36 2366.43 7006.7
1148000 2395.99 2254.01 2366.6 7016.6
1150000 2399.97 2253.13 2362.02 7015.12
1152000 2406.26 2257.42 2364.06 7027.74
1154000 2407.33 2261.97 2368.61 7037.91
1156000 2408.2 2264.04 2366.87 7039.11
1158000 2411.45 2266.42 2367.35 7045.21
1160000 2409.38 2271.15 2364.16 7044.7
1162000 2410.75 2276.2 2370.62 7057.56
1164000 2420.87 2275.75 2380.01 7076.62
1166000 2425.4 2281.33 2383.79 7090.52
1168000 2435.52 2285.13 2388.56 7109.21
1170000 2443.05 2296.88 2395.39 7135.32
1172000 2448.85 2294.19 2395.98 7139.02
1174000 2454.53 2295.73 2398.66 7148.91
1176000 2453.14 2306.22 2411.27 7170.62
1178000 2467.88 2304.13 2414.94 7186.95
1180000 2476.98 2308.37 2426.38 7211.73
1182000 2481.36 2302.79 2427.25 7211.4
1184000 2482.86 2301.19 2427.08 7211.13
1186000 2483.98 2306.33 2425.31 7215.62
1188000 2493.85 2313.42 2436.09 7243.36
1190000 2489.53 2316.89 2448.23 7254.65
1192000 2493.36 2318.72 2451.73 7263.81
1194000 2504.12 2331.26 2458.77 7294.15
1196000 2508.98 2337.16 2462.23 7308.36
1198000 2518.31 2344.11 2464.27 7326.69
1200000 2517.4 2343.64 2464.47 7325.51
1202000 2515.31 2357.18 2471.54 7344.04
1204000 2523.05 2366.2 2483.08 7372.33
1206000 2521.98 2365.72 2482.46 7370.15
1208000 2525.5 2362.7 2487.5 7375.7
1210000 2528.19 2365.81 2498.6 7392.6
1212000 2537.61 2376.04 2499.36 7413.02
1214000 2546.07 2380.18 2495.82 7422.08
1216000 2552.26 2382.93 2497.27 7432.46
1218000 2560.15 2394.25 2499.21 7453.62
1220000 2562.93 2389.64 2503.52 7456.08
1222000 2575.21 2390.68 2504.49 7470.37
1224000 2577.71 2389.5 2502.85 7470.06
1226000 2581.05 2391.52 2506.78 7479.35
1228000 2591.33 2391.29 2515.57 7498.19
1230000 2595.78 2379.37 2522.32 7497.46
1232000 2610.49 2376.07 2522.41 7508.98
1234000 2612.14 2370.72 2533.22 7516.08
1236000 2608.65 2382.16 2530.74 7521.55
1238000 2618.02 2380.43 2539.53 7537.98
1240000 2624.12 2384.7 2542.85 7551.67
1242000 2622.7 2387.67 2541.4 7551.77
1244000 2618.7 2381.42 2544.72 7544.84
1246000 2625.65 2381.28 2560.38 7567.31
1248000 2631.51 2386.16 2566.21 7583.87
1250000 2630.83 2381.8 2565.53 7578.16
1252000 2632.54 2389.37 2564.52 7586.43
1254000 2637.48 2394.52 2567.16 7599.16
1256000 2637.29 2402.84 2579.52 7619.65
1258000 2647.6 2414.8 2583.36 7645.76
1260000 2652.38 2420.89 2586.18 7659.44
1262000 2658.59 2427.5 2593.53 7679.63
1264000 2654.4 2432.74 2595.58 7682.72
1266000 2657.48 2436.27 2602.41 7696.16
1268000 2655.43 2445.76 2607.87 7709.06
1270000 2671.56 2452.09 2606.48 7730.13
1272000 2672.01 2459.9 2604.17 7736.09
1274000 2672.58 2454.84 2607.15 7734.57
1276000 2670.03 2449.6 2615.88 7735.5
1278000 2674.62 2453.18 2618.22 7746.02
1280000 2675.99 2459.62 2631.87 7767.48
1282000 2683.04 2469 2632.48 7784.53
1284000 2697.94 2468.65 2638.25 7804.84
1286000 2697.16 2475.18 2641.29 7813.63
1288000 2697.07 2479.4 2635.15 7811.62
1290000 2697.88 2481.73 2642.98 7822.59
1292000 2699.18 2489.82 2649.51 7838.51
1294000 2701.6 2499.38 2649.12 7850.11
1296000 2693.64 2495.47 2654.12 7843.23
1298000 2699.61 2502 2663.13 7864.73
1300000 2707.81 2506.13 2670.61 7884.55
1302000 2710.2 2512.6 2669 7891.8
1304000 2714.58 2518.31 2666.88 7899.77
1306000 2715.35 2523.67 2663.63 7902.66
1308000 2727.98 2528.05 2666.85 7922.87
1310000 2731.44 2539.62 2673.32 7944.38
1312000 2729.28 2549.22 2674.25 7952.75
1314000 2739.83 2556.07 2676.55 7972.46
1316000 2750.44 2553.9 2673.81 7978.16
1318000 2748.46 2555.16 2665.13 7968.75
1320000 2758.95 2559.37 2670.83 7989.15
1322000 2751.73 2562.32 2679.74 7993.79
1324000 2756.06 2560.67 2689.49 8006.22
1326000 2751.23 2555.85 2692.95 8000.04
1328000 2750.72 2558.24 2696.23 8005.19
1330000 2749.72 2554.74 2700.68 8005.14
1332000 2741.45 2560.23 2700.79 8002.46
1334000 2754.93 2569.92 2698.03 8022.88
1336000 2759.92 2573.66 2705.19 8038.76
1338000 2769.49 2573.8 2707.57 8050.86
1340000 2777.24 2586.94 2711.51 8075.7
1342000 2778.36 2600.33 2725.25 8103.94
1344000 2786.94 2598.79 2730.7 8116.43
1346000 2794.02 2598.67 2734.2 8126.89
1348000 2795.39 2611.86 2741.48 8148.73
1350000 2800.59 2610.43 2744.53 8155.56
1352000 2804.01 2614.91 2753.02 8171.94
1354000 2804.69 2623.58 2770.53 8198.8
1356000 2803 2617.86 2776.14 8197
1358000 2802.1 2619.92 2789.83 8211.86
1360000 2801.53 2620.91 2800.49 8222.94
1362000 2802.78 2634.47 2804.39 8241.64
1364000 2811.82 2631.88 2806.89 8250.59
1366000 2821.23 2635.43 2808.9 8265.55
1368000 2833.17 2637.08 2808.78 8279.04
1370000 2844.83 2644.75 2811.97 8301.56
1372000 2843.01 2643.11 2815.17 8301.29
1374000 2850.23 2632.51 2809.71 8292.45
1376000 2864.78 2633.73 2809.61 8308.11
1378000 2878.08 2644.75 2816.78 8339.61
1380000 2878.83 2650.88 2822.2 8351.91
1382000 2885.45 2658.54 2826.63 8370.62
1384000 2889.29 2663.42 2828.58 8381.3
1386000 2894.63 2671.07 2825.85 8391.55
1388000 2899.88 2665.16 2822.49 8387.53
1390000 2902.72 2673.02 2830.72 8406.47
1392000 2927.86 2684.67 2836.93 8449.46
1394000 2933.98 2685.91 2838.8 8458.69
1396000 2937.58 2688.16 2853.24 8478.99
1398000 2952.31 2683.52 2860.75 8496.57
1400000 2963.79 2687.8 2860.89 8512.49
1402000 2963.33 2691.48 2857.37 8512.18
1404000 2972.77 2691.23 2866.19 8530.19
1406000 2980.5 2694.4 2868.17 8543.06
1408000 2983.1 2701.52 2879.56 8564.18
1410000 2978.42 2701.16 2882.25 8561.82
1412000 2981.91 2702.51 2888.63 8573.05
1414000 2990.07 2704.17 2897.55 8591.79
1416000 2986.08 2708.5 2899.03 8593.61
1418000 2988.56 2713.91 2907.87 8610.33
1420000 2989.94 2719.53 2905.45 8614.93
1422000 2989.83 2725.84 2912.43 8628.1
1424000 2993.46 2725.06 2911.74 8630.27
1426000 2999.52 2737.03 2914.33 8650.88
1428000 3005.38 2732.74 2911.05 8649.17
1430000 3011.22 2745.79 2915.14 8672.16
1432000 3015.71 2750 2912.99 8678.7
1434000 3015.03 2744.64 2919.58 8679.25
1436000 3014.36 2748.32 2923.78 8686.46
1438000 3015.52 2756.26 2929.96 8701.74
1440000 3023.23 2759.61 2935.1 8717.95
1442000 3024.26 2763.3 2939.12 8726.67
1444000 3035.09 2770.07 2950.31 8755.47
1446000 3031.46 2774.42 2956.68 8762.55
1448000 3042.18 2770.03 2958.51 8770.72
1450000 3049.87 2766.24 2959.87 8775.98
1452000 3051.93 2775.98 2964.3 8792.21
1454000 3060.08 2792.7 2971.05 8823.83
1456000 3069.41 2792.51 2980.3 8842.23
1458000 3070.59 2795.97 2986.36 8852.92
1460000 3072.89 2798.44 2988.38 8859.7
1462000 3066.87 2797.44 2989.43 8853.74
1464000 3081.08 2797.23 2997.1 8875.41
1466000 3084.07 2798.63 3004.21 8886.91
1468000 3081.57 2803.38 3006.54 8891.48
1470000 3089.89 2811.58 3005.51 8906.98
1472000 3091.57 2808.51 3012.75 8912.83
1474000 3097.91 2819.61 3018.16 8935.68
1476000 3113.59 2824.37 3024.05 8962
1478000 3123.35 2824.13 3029.36 8976.83
1480000 3139.92 2833.52 3039.63 9013.07
1482000 3137.85 2830.17 3036.16 9004.19
1484000 3146.61 2839.51 3039.85 9025.96
1486000 3153.64 2840.88 3046.22 9040.74
1488000 3156.91 2843.77 3048.41 9049.09
1490000 3159.87 2854.04 3055.11 9069.01
1492000 3159.43 2855.28 3052.37 9067.08
1494000 3160.51 2853.06 3058.18 9071.75
1496000 3156.53 2852.13 3071.14 9079.79
1498000 3160.77 2865.89 3071.34 9098
1500000 3160.12 2872.89 3072.51 9105.52
1502000 3166.64 2882.85 3076.08 9125.57
1504000 3174.69 2883.77 3075.33 9133.79
1506000 3176.98 2888.85 3085.27 9151.11
1508000 3187.05 2895.95 3079.01 9162.01
1510000 3188.65 2902.3 3079.65 9170.6
1512000 3190.9 2911.3 3080.13 9182.33
1514000 3198.68 2913.04 3088.19 9199.91
1516000 3211.02 2912.78 3090.35 9214.15
1518000 3213.86 2908.05 3097.67 9219.58
1520000 3212.31 2912.21 3102.95 9227.47
1522000 3220.12 2924.77 3106 9250.89
1524000 3217.05 2936.1 3109.66 9262.81
1526000 3224.44 2935.11 3110.06 9269.61
1528000 3226.17 2935.48 3118.14 9279.79
1530000 3225.71 2944.39 3118.7 9288.81
1532000 3223.37 2950.32 3129.52 9303.21
1534000 3228.98 2964.79 3128.54 9322.32
1536000 3246.02 2971.01 3125.57 9342.6
1538000 3252.31 2971.22 3121.25 9344.78
1540000 3252.92 2976.87 3120.25 9350.04
1542000 3256.04 2978.01 3119.76 9353.81
1544000 3258 2978.42 3121.5 9357.91
1546000 3259.76 2969.13 3131.83 9360.72
1548000 3253.5 2969.82 3134.28 9357.6
1550000 3251.24 2980.86 3136.5 9368.6
1552000 3252.39 2990.94 3145.86 9389.18
1554000 3258.07 2981.42 3148.28 9387.77
1556000 3264.86 2981.38 3150.26 9396.5
1558000 3275.59 2976.88 3160.69 9413.16
1560000 3290.12 2977.85 3168.58 9436.54
1562000 3293.37 2980.38 3183.48 9457.23
1564000 3282.57 2986.42 3183.15 9452.14
1566000 3294.45 2987.9 3188.79 9471.14
1568000 3295.52 2980.44 3195.31 9471.28
1570000 3291.84 2985.89 3204.34 9482.07
1572000 3305.54 3001.16 3209.36 9516.06
1574000 3309.44 3007.41 3208.21 9525.05
1576000 3313.46 3020.96 3217.41 9551.83
1578000 3314.44 3034.81 3220.2 9569.46
1580000 3322.35 3044.39 3219.39 9586.14
1582000 3327.73 3057.04 3216.04 9600.81
1584000 3327.64 3071.44 3219.24 9618.32
1586000 3325.72 3071.01 3221.75 9618.48
1588000 3325.82 3074.72 3233.04 9633.58
1590000 3327.46 3070.16 3240.11 9637.72
1592000 3338.71 3069.91 3239.85 9648.46
1594000 3340.99 3070.04 3249.18 9660.21
1596000 3356.65 3079.48 3248.32 9684.45
1598000 3357.52 3077.2 3253.7 9688.42
1600000 3366.05 3080.17 3259.57 9705.79
1602000 3366.35 3085.56 3272.32 9724.23
1604000 3374.46 3103.93 3278.04 9756.42
1606000 3374.47 3096.55 3284.48 9755.5
1608000 3383.98 3097.1 3292.2 9773.28
1610000 3379.27 3089.87 3294.68 9763.82
1612000 3384.84 3095.36 3301.62 9781.82
1614000 3383.9 3106.58 3318.49 9808.97
1616000 3380.88 3096.17 3320.42 9797.48
1618000 3378.51 3105.1 3321.26 9804.87
1620000 3379.86 3103.65 3323.49 9807
1622000 3385.2 3102.3 3333.22 9820.72
1624000 3397.33 3110.61 3341.25 9849.2
1626000 3401.07 3108.09 3348.93 9858.09
1628000 3398 3120.04 3358.24 9876.28
1630000 3406.8 3126.94 3349.55 9883.28
1632000 3411.85 3133.16 3348.28 9893.29
1634000 3424.43 3141.39 3354.57 9920.4
1636000 3419.23 3144.72 3363.99 9927.94
1638000 3420.35 3151.06 3357.73 9929.14
1640000 3419.76 3153.93 3367.98 9941.66
1642000 3422.74 3164.48 3374.47 9961.69
1644000 3422.94 3172.38 3383.24 9978.57
1646000 3426.97 3173.44 3392.41 9992.82
1648000 3422.55 3180.14 3398.14 10000.8
1650000 3425.19 3174.63 3398.37 9998.19
1652000 3423.73 3181.11 3408.72 10013.6
1654000 3428 3177.76 3401.96 10007.7
1656000 3429.95 3183 3411.87 10024.8
1658000 3434.17 3184.43 3420.6 10039.2
1660000 3437.35 3198.87 3425.02 10061.2
1662000 3436.82 3197.72 3434.89 10069.4
1664000 3442.15 3211.21 3437.67 10091
1666000 3443.27 3210.7 3432.8 10086.8
1668000 3443.94 3205.78 3429.84 10079.6
1670000 3454.42 3210.27 3424.56 10089.2
1672000 3457.35 3220.23 3427.88 10105.5
1674000 3459.22 3203.74 3438.29 10101.3
1676000 3468.22 3198.86 3451.77 10118.9
1678000 3472.01 3211.7 3456.6 10140.3
1680000 3475.94 3213.84 3463.63 10153.4
1682000 3471.93 3222.75 3467.71 10162.4
1684000 3470.49 3224.82 3471.91 10167.2
1686000 3462.54 3225.18 3480.26 10168
1688000 3458.58 3236.76 3486.27 10181.6
1690000 3465.04 3233.22 3495.06 10193.3
1692000 3457.85 3240.79 3500.11 10198.8
1694000 3465.49 3243.95 3504.11 10213.5
1696000 3464.79 3247.63 3515.33 10227.8
1698000 3473.4 3246.87 3515.39 10235.7
1700000 3477.1 3257.84 3521.93 10256.9
1702000 3490.65 3250.89 3528.12 10269.7
1704000 3489.98 3251.17 3531.3 10272.5
1706000 3488.5 3248.36 3547.01 10283.9
1708000 3495.94 3249.04 3554.59 10299.6
1710000 3501.12 3248.63 3552.51 10302.3
1712000 3504.39 3247.85 3559.97 10312.2
1714000 3501.76 3254.96 3560.58 10317.3
1716000 3512.95 3258.26 3569.48 10340.7
1718000 3519.47 3261.31 3574.22 10355
1720000 3526.77 3271.53 3582.15 10380.5
1722000 3537.92 3277.8 3579.14 10394.9
1724000 3540.63 3276.61 3576.23 10393.5
1726000 3549.56 3276.69 3580.59 10406.8
1728000 3560.9 3280.08 3577.29 10418.3
1730000 3555.4 3283.75 3586.73 10425.9
1732000 3562.16 3287.46 3594.86 10444.5
1734000 3575.54 3288.64 3596.35 10460.5
1736000 3582.44 3298.68 3606.16 10487.3
1738000 3579.05 3308.15 3623.61 10510.8
1740000 3575.79 3313.99 3627.17 10516.9
1742000 3581.63 3317.12 3635.1 10533.8
1744000 3583.87 3327.64 3635.51 10547
1746000 3588.74 3332.42 3635.77 10556.9
1748000 3591.27 3333.21 3636.3 10560.8
1750000 3583.18 3332.37 3649.46 10565
1752000 3583.43 3340.33 3657.42 10581.2
1754000 3591.64 3343.82 3657.43 10592.9
1756000 3598.09 3348.58 3659.25 10605.9
1758000 3609.8 3352.84 3657.92 10620.5
1760000 3623.29 3357.98 3667.1 10648.4
1762000 3635.58 3355.18 3670.69 10661.5
1764000 3641.94 3364.61 3670.96 10677.5
1766000 3650.68 3368.27 3687.99 10706.9
1768000 3653.88 3375.3 3688.77 10718
1770000 3653.13 3378.88 3699.47 10731.5
1772000 3657.12 3387.16 3704.86 10749.1
1774000 3653.5 3378.83 3708.4 10740.7
1776000 3659.15 3380.38 3709.81 10749.3
1778000 3659.05 3389.58 3707.46 10756.1
1780000 3663.84 3385.29 3713.48 10762.6
1782000 3671.36 3388.8 3721.82 10782
1784000 3678.18 3399.01 3715.47 10792.7
1786000 3694.22 3404.84 3709.18 10808.2
1788000 3688.84 3413.41 3704.89 10807.1
1790000 3703.01 3410.81 3715.48 10829.3
1792000 3703.79 3410.48 3713.83 10828.1
1794000 3706.64 3418.79 3713.39 10838.8
1796000 3705.55 3418.04 3726.01 10849.6
1798000 3710.63 3421.26 3723.33 10855.2
1800000 3705.02 3429.94 3727.94 10862.9
1802000 3711.48 3430.43 3729.11 10871
1804000 3722.25 3431.79 3737.87 10891.9
1806000 3726.07 3441.25 3728.49 10895.8
1808000 3731.35 3449.41 3739.14 10919.9
1810000 3736.26 3466.6 3746.03 10948.9
1812000 3746.31 3470.07 3749.59 10966
1814000 3763.31 3482.54 3753.92 10999.8
1816000 3770.28 3487.78 3750.06 11008.1
1818000 3781.74 3493.8 3772.62 11048.2
1820000 3783.02 3498.9 3774.52 11056.4
1822000 3788.6 3510.71 3773.38 11072.7
1824000 3790.98 3511.35 3776.29 11078.6
1826000 3799.85 3516.73 3789.53 11106.1
1828000 3802.49 3518.76 3799.04 11120.3
1830000 3799.2 3513.28 3798.79 11111.3
1832000 3799.23 3524.65 3804.84 11128.7
1834000 3805.03 3537.58 3818.84 11161.4
1836000 3805.75 3538.88 3828.76 11173.4
1838000 3806.28 3541.52 3837.14 11184.9
1840000 3808.32 3552.6 3843.35 11204.3
1842000 3813.45 3552.79 3848.59 11214.8
1844000 3809.57 3559.23 3842.11 11210.9
1846000 3816.49 3566.31 3845.03 11227.8
1848000 3819.36 3567.9 3848.22 11235.5
1850000 3839.02 3563.97 3845.31 11248.3
1852000 3838.66 3570.46 3847.33 11256.4
1854000 3844.93 3576.71 3849.31 11271
1856000 3843.91 3574.66 3859.67 11278.2
1858000 3850.73 3585.62 3866.19 11302.5
1860000 3853.24 3588.64 3874.41 11316.3
1862000 3859.16 3599.39 3885.37 11343.9
1864000 3859.54 3603.07 3882.55 11345.2
1866000 3863.99 3602.61 3893.88 11360.5
1868000 3870.89 3602.87 3892.78 11366.5
1870000 3873.77 3610.15 3902.37 11386.3
1872000 3872.7 3612.98 3896.8 11382.5
1874000 3870.06 3606.02 3899.02 11375.1
1876000 3882.15 3619.14 3899.78 11401.1
1878000 3896.51 3627.9 3907.93 11432.3
1880000 3908.13 3632.75 3899.43 11440.3
1882000 3903.54 3639.2 3892.03 11434.8
1884000 3905.52 3635.3 3895.22 11436
1886000 3910.03 3631.52 3900.79 11442.3
1888000 3912.45 3638.86 3903.77 11455.1
1890000 3911.53 3639.95 3905.79 11457.3
1892000 3912.38 3630.33 3908.78 11451.5
1894000 3902.68 3630.58 3906.02 11439.3
1896000 3910.6 3646.96 3909.13 11466.7
1898000 3924.96 3651.19 3915.57 11491.7
1900000 3923.65 3652.34 3922.14 11498.1
1902000 3929.83 3652.46 3924.16 11506.5
1904000 3938.9 3663.62 3931.03 11533.6
1906000 3949.37 3669.63 3937.93 11556.9
1908000 3953.53 3678.53 3945.71 11577.8
1910000 3949.89 3678.25 3948.85 11577
1912000 3956.04 3688.77 3953.59 11598.4
1914000 3965.84 3687.69 3960.5 11614
1916000 3976.23 3690.84 3959.33 11626.4
1918000 3978.93 3701.49 3959.66 11640.1
1920000 3989.74 3714.3 3956.94 11661
1922000 3998.99 3733.7 3952.5 11685.2
1924000 3998.66 3736.56 3959.74 11695
1926000 4003.36 3732.56 3970.02 11705.9
1928000 4011.22 3746.29 3963.11 11720.6
1930000 4015.67 3754.07 3967.39 11737.1
1932000 4023.59 3764.58 3971.63 11759.8
1934000 4035.16 3772.23 3970.17 11777.6
1936000 4045.84 3770.02 3970.36 11786.2
1938000 4058.82 3772.9 3975.22 11806.9
1940000 4052.76 3773.3 3980.32 11806.4
1942000 4046.2 3770.9 3981.47 11798.6
1944000 4043.54 3771.58 3987.5 11802.6
1946000 4049.03 3765.8 3987.41 11802.2
1948000 4055.82 3768.27 3998.28 11822.4
1950000 4072.42 3777.28 4000.07 11849.8
1952000 4074.67 3771.77 4006.13 11852.6
1954000 4082.04 3767.66 4009.64 11859.3
1956000 4092.34 3775.08 4005.32 11872.7
1958000 4100.15 3776.76 4008.16 11885.1
1960000 4112.17 3779.16 3998.35 11889.7
1962000 4122.72 3790.43 4004.88 11918
1964000 4128.82 3790.15 4011.8 11930.8
1966000 4125.09 3799.34 4011.47 11935.9
1968000 4129.52 3805.21 4018.38 11953.1
1970000 4141.77 3807.33 4012.99 11962.1
1972000 4140.51 3802.18 4023.01 11965.7
1974000 4146.32 3807.69 4024.95 11979
1976000 4133.61 3810.55 4035.04 11979.2
1978000 4139.57 3812.3 4038.99 11990.9
1980000 4133.47 3819.28 4047.35 12000.1
1982000 4132.33 3817.8 4038.02 11988.1
1984000 4138.3 3825.49 4045.44 12009.2
1986000 4139.36 3828.1 4047.65 12015.1
1988000 4145.41 3832.4 4043.35 12021.2
1990000 4157.49 3845.84 4043.16 12046.5
1992000 4159.27 3853.1 4045.8 12058.2
1994000 4163.09 3859.94 4039.6 12062.6
1996000 4156.33 3870.53 4049.25 12076.1
1998000 4161.32 3867.56 4049.07 12078
2000000 4168.89 3871.69 4040.21 12080.8
