# Time-averaged data for fix savemsd
# TimeStep c_msd[1] c_msd[2] c_msd[3] c_msd[4]
0 3.65213e-33 1.82607e-33 1.73093e-29 1.73148e-29
2000 2.5985 2.35637 2.46158 7.41644
4000 5.04219 4.55641 4.7539 14.3525
6000 7.25417 6.77453 7.03056 21.0593
8000 9.58487 9.68273 9.22291 28.4905
10000 11.423 12.1149 11.3964 34.9344
12000 13.4852 14.5836 13.597 41.6659
14000 16.0161 16.7068 16.1349 48.8578
16000 18.6814 19.6205 19.0415 57.3434
18000 21.5501 21.8343 21.3707 64.755
20000 23.8242 23.7916 23.8388 71.4546
22000 26.9387 26.3832 26.6129 79.9348
24000 29.235 29.0603 28.919 87.2143
26000 30.8048 31.3566 31.102 93.2634
28000 32.3981 34.3014 33.0066 99.7061
30000 34.9006 37.0016 36.1895 108.092
32000 37.2804 39.1311 38.2056 114.617
34000 40.2527 42.5529 41.228 124.034
36000 41.6512 44.3386 43.742 129.732
38000 44.1468 47.4755 46.1813 137.804
40000 47.4333 49.8077 49.3156 146.557
42000 51.2406 52.1141 51.1102 154.465
44000 52.0092 55.3085 52.7308 160.049
46000 54.5761 57.1761 56.3187 168.071
48000 57.2958 60.3504 59.264 176.91
50000 59.7431 63.1516 61.6555 184.55
52000 62.9941 65.3576 65.2238 193.575
54000 65.2649 67.0842 67.2859 199.635
56000 67.1574 70.3169 69.4695 206.944
58000 69.8553 70.9856 73.5694 214.41
60000 72.101 73.5728 75.1188 220.793
62000 74.6441 76.736 77.3011 228.681
64000 77.7401 79.2249 78.8669 235.832
66000 80.4672 79.9735 80.3373 240.778
68000 82.428 82.3989 81.7643 246.591
70000 84.9072 85.4644 83.3155 253.687
72000 86.7748 89.6535 85.3697 261.798
74000 89.3706 92.3804 86.7278 268.479
76000 92.924 94.9689 88.8798 276.773
78000 96.5539 96.2276 91.585 284.366
80000 98.4991 98.9462 94.5988 292.044
82000 100.216 102.65 98.3671 301.233
84000 101.604 104.81 100.925 307.339
86000 104.092 108.038 103.74 315.87
88000 106.072 110.09 104.605 320.768
90000 109.341 112.345 107.278 328.964
92000 112.283 112.785 110.2 335.267
94000 115.445 114.928 113.021 343.394
96000 118.857 118.165 114.205 351.226
98000 121.769 120.364 117.897 360.029
100000 124.155 122.658 120.84 367.654
102000 125.822 125.417 122.739 373.979
104000 127.86 126.117 125.141 379.118
106000 130.51 128.873 127.36 386.742
108000 134.311 131.028 128.996 394.335
110000 136.95 133.98 130.767 401.697
112000 138.25 136.706 133.124 408.08
114000 140.624 141.056 134.697 416.377
116000 141.928 143.026 136.425 421.379
118000 144.684 146.172 139.635 430.491
120000 146.441 150.321 141.227 437.988
122000 147.349 153.509 142.93 443.788
124000 149.968 157.435 146.942 454.344
126000 151.673 158.904 150.846 461.423
128000 154.201 158.514 153.139 465.855
130000 156.665 162.795 155.276 474.736
132000 160.757 165.124 157.359 483.24
134000 163.664 166.814 158.17 488.647
136000 166.025 169.672 159.801 495.498
138000 167.547 172.049 162.471 502.067
140000 169.477 174.48 165.253 509.209
142000 171.678 177.345 166.856 515.878
144000 175.408 181.157 170.368 526.934
146000 176.71 183.369 173.225 533.304
148000 179.249 186.499 175.701 541.45
150000 181.59 190.392 178.366 550.348
152000 183.767 191.894 178.505 554.167
154000 186.001 195.982 179.852 561.835
156000 187.258 199.325 182.782 569.365
158000 188.218 201.157 185.359 574.734
160000 190.046 201.737 187.403 579.186
162000 193.368 203.179 190.084 586.63
164000 195.899 205.406 189.939 591.244
166000 198.821 206.113 193.574 598.508
168000 204.07 208.879 197.884 610.834
170000 208.503 211.149 200.041 619.694
172000 209.34 213.876 202.394 625.61
174000 208.885 217.077 204.337 630.299
176000 210.631 220.054 208.096 638.782
178000 212.008 225.683 210.897 648.587
180000 213.975 227.404 213.432 654.811
182000 216.177 231.688 216.97 664.834
184000 218.571 235.214 220.651 674.436
186000 221.425 239.136 225.313 685.874
188000 223.67 243.141 227.231 694.041
190000 226.905 247.136 231.585 705.626
192000 228.324 248.365 232.599 709.289
194000 229.54 250.993 235.131 715.664
196000 230.167 252.578 238.353 721.098
198000 235.4 255.156 242.242 732.798
200000 236.802 256.221 246.751 739.773
202000 239.693 257.755 248.825 746.272
204000 239.991 259.298 251.364 750.653
206000 242.014 261.454 255.246 758.715
208000 244.868 262.085 256.602 763.555
210000 246.05 265.689 258.975 770.714
212000 248.537 267.919 260.778 777.234
214000 251.298 272.596 260.633 784.527
216000 255.029 274.997 262.534 792.56
218000 255.976 278.22 266.511 800.707
220000 259.494 278.19 269.526 807.209
222000 260.477 280.137 270.548 811.162
224000 263.642 284.695 274.059 822.397
226000 266.581 289.555 275.935 832.071
228000 269.346 290.232 277.754 837.333
230000 272.181 291.986 278.825 842.992
232000 273.979 296.296 279.46 849.735
234000 277.403 294.987 283.131 855.52
236000 281.187 297.94 286.269 865.395
238000 283.194 301.835 289.501 874.53
240000 286.389 304.016 292.54 882.946
242000 287.451 303.882 292.29 883.623
244000 288.737 309.087 297.517 895.341
246000 290.849 311.817 300.215 902.881
248000 294.203 312.889 303.107 910.199
250000 299.711 317.628 304.08 921.419
252000 301.049 320.824 305.422 927.294
254000 305.688 324.543 309.785 940.017
256000 309.143 328.169 311.802 949.113
258000 312.124 328.74 314.772 955.635
260000 314.736 332.894 318.339 965.969
262000 316.405 336.147 319.558 972.11
264000 318.878 336.601 323.214 978.693
266000 320 342.239 325.158 987.397
268000 322.991 346.413 326.976 996.379
270000 325.075 348.873 329.251 1003.2
272000 327.277 348.92 331.11 1007.31
274000 328.649 352.74 333.886 1015.28
276000 331.468 354.08 334.654 1020.2
278000 332.344 356.693 338.206 1027.24
280000 334.511 360.544 342.439 1037.49
282000 336.478 363.588 345.442 1045.51
284000 338.094 365.502 345.236 1048.83
286000 340.499 369.537 346.898 1056.93
288000 345.427 372.772 347.688 1065.89
290000 346.43 372.733 352.261 1071.42
292000 350.957 373.904 354.919 1079.78
294000 354.871 377.121 355.715 1087.71
296000 357.833 378.686 357.361 1093.88
298000 358.935 381.513 356.885 1097.33
300000 358.885 384.108 361.399 1104.39
302000 364.811 385.671 362.129 1112.61
304000 366.406 389.094 364.846 1120.35
306000 369.009 394.013 368.097 1131.12
308000 370.909 396.878 369.701 1137.49
310000 373.102 395.752 372.239 1141.09
312000 374.624 398.258 373.798 1146.68
314000 376.059 400.57 376.451 1153.08
316000 378.075 399.982 377.836 1155.89
318000 380.828 402.179 378.042 1161.05
320000 382.38 405.575 378.934 1166.89
322000 385.614 408.508 380.936 1175.06
324000 385.599 411.755 383.341 1180.69
326000 388.995 413.929 385.348 1188.27
328000 390.241 417.031 388.763 1196.04
330000 392.57 418.285 390.661 1201.52
332000 396.165 419.539 392.195 1207.9
334000 398.9 421.685 390.106 1210.69
336000 402.736 421.141 390.139 1214.02
338000 405.71 422.916 392.182 1220.81
340000 408.473 427.906 395.947 1232.33
342000 407.445 431.779 396.254 1235.48
344000 410.497 431.852 395.768 1238.12
346000 416.965 433.551 396.005 1246.52
348000 422.278 437.767 397.416 1257.46
350000 426.203 439.419 402.685 1268.31
352000 429.365 442.858 404.508 1276.73
354000 432.719 445.476 407.275 1285.47
356000 435.089 450.172 409.369 1294.63
358000 435.738 449.272 414.115 1299.12
360000 437.206 450.034 418.415 1305.66
362000 439.757 450.542 418.805 1309.1
364000 442.295 450.776 418.557 1311.63
366000 445.195 452.656 421.133 1318.98
368000 448.022 453.733 425.172 1326.93
370000 446.826 455.28 425.746 1327.85
372000 451.777 460.302 433.665 1345.74
374000 451.994 462.625 437.437 1352.06
376000 454.123 465.715 441.533 1361.37
378000 458.037 468.557 446.379 1372.97
380000 459.61 469.802 446.409 1375.82
382000 459.153 471.82 449.268 1380.24
384000 460.882 473.666 452.361 1386.91
386000 463.701 477.332 454.345 1395.38
388000 466.718 479.122 454.961 1400.8
390000 466.715 479.596 456.862 1403.17
392000 469.85 484.523 459.456 1413.83
394000 471.376 490.904 463.442 1425.72
396000 475.998 492.843 464.848 1433.69
398000 476.726 492.163 466.448 1435.34
400000 478.126 496.299 467.216 1441.64
402000 479.408 497.219 467.685 1444.31
404000 480.966 498.999 471.408 1451.37
406000 485.381 498.711 475.457 1459.55
408000 486.88 501.499 478.406 1466.78
410000 491.597 503.749 483.595 1478.94
412000 496.471 503.475 489.08 1489.03
414000 497.756 507.474 489.983 1495.21
416000 495.991 508.688 491.773 1496.45
418000 501.658 510.5 492.62 1504.78
420000 508.373 512.701 494.264 1515.34
422000 509.789 512.471 500.658 1522.92
424000 515.037 513.445 502.326 1530.81
426000 516.535 517.263 503.31 1537.11
428000 518.167 517.507 503.987 1539.66
430000 523.897 519.899 508.886 1552.68
432000 526.866 521.386 511.72 1559.97
434000 531.577 523.846 515.611 1571.03
436000 530.686 528.419 517.958 1577.06
438000 533.087 531.699 519.351 1584.14
440000 536 533.322 522.071 1591.39
442000 539.727 536.916 524.159 1600.8
444000 541.255 541.888 527.397 1610.54
446000 544.957 543.474 527.643 1616.07
448000 547.661 547.704 530.994 1626.36
450000 548.651 553.296 531.959 1633.91
452000 552.749 556.332 533.248 1642.33
454000 555.48 557.466 537.139 1650.09
456000 557.504 557.969 537.27 1652.74
458000 560.948 558.045 537.498 1656.49
460000 561.37 562.014 543.372 1666.76
462000 564.656 565.435 546.601 1676.69
464000 570.498 562.999 547.54 1681.04
466000 575.911 568.37 548.783 1693.06
468000 580.281 574.19 549.728 1704.2
470000 584.4 576.895 552.35 1713.64
472000 587.177 574.699 555.353 1717.23
474000 592.832 577.864 557.145 1727.84
476000 593.125 582.159 558.357 1733.64
478000 595.061 584.829 561.409 1741.3
480000 595.264 588.364 562.409 1746.04
482000 599.261 588.991 566.872 1755.12
484000 599.65 589.564 568.86 1758.07
486000 602.202 594.98 570.475 1767.66
488000 604.768 594.259 573.689 1772.72
490000 607.106 597.405 575.69 1780.2
492000 612.011 598.146 575.384 1785.54
494000 613.905 603.698 577.895 1795.5
496000 617.214 608.902 579.902 1806.02
498000 621.061 610.166 580.517 1811.74
500000 622.448 610.227 582.071 1814.75
502000 625.263 614.138 586.987 1826.39
504000 628.633 616.998 588.09 1833.72
506000 631.587 622.752 589.442 1843.78
508000 630.179 625.649 593.295 1849.12
510000 632.887 628.036 598.637 1859.56
512000 634.526 632.216 601.411 1868.15
514000 637.188 631.064 603.846 1872.1
516000 640.874 635.336 604.847 1881.06
518000 642.444 639.032 604.976 1886.45
520000 645.822 638.728 609.492 1894.04
522000 647.875 639.487 612.524 1899.89
524000 651.887 641.105 615.589 1908.58
526000 655.783 645.481 615.353 1916.62
528000 657.252 653.977 614.44 1925.67
530000 655.554 657.422 620.252 1933.23
532000 656.556 658.085 621.45 1936.09
534000 659.802 661.132 623.606 1944.54
536000 661.588 662.776 630.832 1955.2
538000 663.267 663.288 632.256 1958.81
540000 662.617 663.468 633.851 1959.94
542000 664.015 665.753 637.507 1967.28
544000 667.413 663.576 642.898 1973.89
546000 670.039 668.794 647.732 1986.57
548000 672.965 672.464 651.433 1996.86
550000 674.028 674.771 656.008 2004.81
552000 678.417 680.588 663.234 2022.24
554000 681.791 679.583 667.747 2029.12
556000 683.264 682.775 673.744 2039.78
558000 684.427 684.52 674.797 2043.74
560000 690.961 687.716 680.719 2059.4
562000 695.617 691.101 684.117 2070.84
564000 696.956 693.086 689.233 2079.27
566000 699.769 692.888 693.824 2086.48
568000 703.804 695.72 694.732 2094.26
570000 704.547 698.458 699.102 2102.11
572000 708.379 703.666 702.881 2114.93
574000 708.249 705.873 704.141 2118.26
576000 711.986 704.673 703.938 2120.6
578000 711.231 703.688 707.615 2122.53
580000 712.359 707.916 711.46 2131.73
582000 713.011 708.08 714.368 2135.46
584000 712.977 711.027 714.265 2138.27
586000 716.875 714.774 717.308 2148.96
588000 721.468 720.154 718.427 2160.05
590000 720.684 719.436 722.915 2163.03
592000 723.16 722.341 723.046 2168.55
594000 726.54 724.084 724.231 2174.86
596000 731.381 726.349 726.296 2184.03
598000 732.91 730.327 726.914 2190.15
600000 732.775 731.13 726.621 2190.53
602000 731.982 733.173 729.127 2194.28
604000 733.594 735.661 727.409 2196.66
606000 736.557 734.75 729.949 2201.26
608000 737.602 736.979 730.697 2205.28
610000 736.774 736.004 735.311 2208.09
612000 741.578 734.958 734.156 2210.69
614000 744.002 736.665 733.976 2214.64
616000 742.716 735.27 738.669 2216.66
618000 744.376 737.336 745.777 2227.49
620000 747.845 744.513 744.338 2236.7
622000 749.749 748.961 744.538 2243.25
624000 750.54 748.638 751.621 2250.8
626000 754.425 751.59 750.153 2256.17
628000 757.272 754.213 757.281 2268.77
630000 760.073 759.203 758.242 2277.52
632000 760.972 760.797 761.324 2283.09
634000 765.389 762.319 764.139 2291.85
636000 767.615 764.565 761.263 2293.44
638000 772.548 763.887 761.468 2297.9
640000 772.939 763.297 764.407 2300.64
642000 778.307 767.007 765.167 2310.48
644000 780.946 768.746 766.798 2316.49
646000 783.779 772.162 769.492 2325.43
648000 782.595 775.062 771.314 2328.97
650000 783.107 778.735 775.859 2337.7
652000 783.694 779.284 773.83 2336.81
654000 789.413 781.996 778.26 2349.67
656000 789.003 783.688 782.003 2354.69
658000 791.436 786.133 784.878 2362.45
660000 795.142 789.706 785.562 2370.41
662000 798.802 791.887 790.991 2381.68
664000 800.534 796.63 791.323 2388.49
666000 803.398 794.578 791.913 2389.89
668000 806.11 794.244 795.684 2396.04
670000 812.46 796.907 797.401 2406.77
672000 813.437 799.36 803.296 2416.09
674000 817.27 802.884 804.827 2424.98
676000 827.236 808.708 807.512 2443.46
678000 830.506 810.8 812.082 2453.39
680000 834.56 812.577 813.709 2460.85
682000 835.53 813.591 815.795 2464.92
684000 836.024 817.238 819.136 2472.4
686000 839.215 821.686 824.628 2485.53
688000 839.502 824.974 828.028 2492.5
690000 845.783 824.028 830.893 2500.7
692000 848.93 826.669 832.23 2507.83
694000 852.249 829.325 836.805 2518.38
696000 854.256 833.956 837.039 2525.25
698000 856.132 838.179 836.899 2531.21
700000 859.267 839.33 838.932 2537.53
702000 858.427 845.165 842.511 2546.1
704000 860.702 846.617 842.576 2549.9
706000 862.224 845.537 842.372 2550.13
708000 865.272 849.082 839.52 2553.87
710000 866.919 855.642 843.774 2566.33
712000 876.852 855.332 841.849 2574.03
714000 878.864 860.151 840.146 2579.16
716000 883.234 864.849 841.535 2589.62
718000 887.611 865.328 845.38 2598.32
720000 891.212 865.623 847.661 2604.5
722000 894.042 868.992 853.486 2616.52
724000 898.539 868.468 859.435 2626.44
726000 902.201 871.839 859.94 2633.98
728000 904.938 871.422 861.923 2638.28
730000 905.847 871.684 865.873 2643.4
732000 906.842 875.821 870.767 2653.43
734000 910.776 879.251 871.846 2661.87
736000 916.437 885.062 873.387 2674.89
738000 920.373 886.422 878.973 2685.77
740000 924.657 886.582 885.469 2696.71
742000 922.853 890.659 887.96 2701.47
744000 928.209 888.536 889.066 2705.81
746000 929.413 889.654 892.815 2711.88
748000 932.339 886.929 892.79 2712.06
750000 933.35 886.469 898.964 2718.78
752000 933.478 887.68 905.688 2726.85
754000 932.852 890.091 904.846 2727.79
756000 939.102 895.434 905.277 2739.81
758000 939.337 899.737 902.445 2741.52
760000 942.805 902.25 906.776 2751.83
762000 948.289 902.723 911.911 2762.92
764000 952.903 902.1 912.684 2767.69
766000 952.834 906.651 914.953 2774.44
768000 955.308 911.6 917.826 2784.73
770000 958.318 913.41 921.33 2793.06
772000 961.736 918.782 928.868 2809.39
774000 968.241 924.823 926.238 2819.3
776000 968.827 924.192 932.276 2825.3
778000 969.531 927.475 934.729 2831.74
780000 972.197 930.165 937.559 2839.92
782000 970.249 929.058 939.864 2839.17
784000 967.392 930.377 941.567 2839.34
786000 965.85 935.209 945.41 2846.47
788000 967.884 939.529 952.143 2859.56
790000 974.01 943.091 950.665 2867.77
792000 975.388 946.812 955.321 2877.52
794000 979.156 948.699 957.717 2885.57
796000 977.914 952.081 958.692 2888.69
798000 976.448 958.049 962.939 2897.44
800000 978.577 962.265 962.39 2903.23
802000 979.036 965.372 966.239 2910.65
804000 978.507 970.976 962.829 2912.31
806000 977.739 974.271 966.098 2918.11
808000 979.654 978.806 966.628 2925.09
810000 981.773 980.478 969.996 2932.25
812000 983.057 982.306 968.482 2933.85
814000 984.937 986.247 972.326 2943.51
816000 993.849 983.204 978.364 2955.42
818000 998.752 986.627 979.117 2964.5
820000 1000.69 984.22 981.019 2965.93
822000 1001.13 982.433 981.624 2965.19
824000 1003.96 979.72 983.205 2966.89
826000 1012.04 986.811 983.174 2982.02
828000 1016.1 986.773 983.238 2986.12
830000 1019.26 987.602 991.503 2998.36
832000 1021.6 989.646 995.481 3006.73
834000 1026.49 991.618 995.346 3013.45
836000 1030.06 995.329 999.482 3024.87
838000 1028.38 997.277 1006.29 3031.94
840000 1029.7 1002.78 1012.76 3045.24
842000 1029.15 1008.62 1017.68 3055.45
844000 1033.67 1012.29 1022.64 3068.6
846000 1031.47 1015.75 1023.57 3070.79
848000 1034.09 1019.51 1028.27 3081.86
850000 1033.43 1022.53 1031.26 3087.22
852000 1039.08 1024.18 1031.58 3094.84
854000 1037.64 1028.95 1035.23 3101.82
856000 1039.18 1031.15 1033.73 3104.05
858000 1044.48 1031.38 1032.38 3108.24
860000 1048.83 1035.22 1038.46 3122.51
862000 1052.92 1037.49 1043.64 3134.05
864000 1059.42 1039.85 1045.39 3144.66
866000 1062.71 1044.57 1047.57 3154.86
868000 1063.29 1043.83 1053.38 3160.5
870000 1062.09 1045.34 1053.77 3161.19
872000 1065.5 1048.97 1056.08 3170.56
874000 1068.42 1051.26 1058.71 3178.39
876000 1066.61 1053.42 1060.2 3180.23
878000 1068.99 1058.49 1061.62 3189.11
880000 1068.92 1064.18 1062.28 3195.39
882000 1074.44 1063.72 1063.25 3201.41
884000 1077.11 1066.43 1065.93 3209.47
886000 1078.15 1072.03 1072.02 3222.2
888000 1078.73 1073.85 1077.55 3230.12
890000 1080.71 1076.65 1079.45 3236.81
892000 1078.29 1075.75 1081.83 3235.88
894000 1077.71 1077.15 1085.23 3240.09
896000 1080.33 1080.58 1089.7 3250.61
898000 1080.91 1091.58 1090.82 3263.32
900000 1083.74 1097.37 1088.85 3269.97
902000 1084.33 1102.22 1088.25 3274.79
904000 1088.99 1102.02 1092.97 3283.98
906000 1093.16 1108.41 1094.11 3295.67
908000 1091.98 1110.77 1099 3301.75
910000 1095.17 1115.45 1102.38 3313.01
912000 1098.78 1119.51 1108.06 3326.35
914000 1099.85 1125.59 1113.69 3339.13
916000 1100.19 1130.46 1115.71 3346.37
918000 1101.33 1134.87 1115.06 3351.25
920000 1100.91 1136.04 1113.9 3350.85
922000 1103.63 1137.66 1114.49 3355.78
924000 1104.14 1140.11 1113.93 3358.18
926000 1109.25 1144.06 1119.08 3372.39
928000 1110.49 1148.19 1121.4 3380.08
930000 1112.66 1148.57 1121.77 3383
932000 1117.13 1149.36 1123.64 3390.13
934000 1122.5 1154.47 1122.19 3399.16
936000 1128.47 1150.91 1124.85 3404.24
938000 1132.02 1155.31 1126.25 3413.58
940000 1133.5 1156.04 1125.11 3414.65
942000 1132.56 1158.52 1126.38 3417.46
944000 1135.81 1164.72 1126.09 3426.62
946000 1137.43 1163.6 1129 3430.03
948000 1139.98 1168.31 1130.57 3438.86
950000 1145.76 1166.81 1132.2 3444.77
952000 1146.24 1168.22 1134 3448.46
954000 1147.56 1175.36 1132.41 3455.33
956000 1150.01 1175.77 1136.66 3462.44
958000 1151.84 1178.47 1138.4 3468.72
960000 1156.57 1183.15 1143.65 3483.36
962000 1158.44 1185.27 1147.3 3491.02
964000 1162.89 1188.61 1151.38 3502.88
966000 1168.26 1193.55 1153.97 3515.78
968000 1169.4 1200.53 1148 3517.93
970000 1168.5 1198.38 1150.05 3516.93
972000 1171.35 1199.6 1151.04 3521.99
974000 1175.73 1202.83 1151.89 3530.45
976000 1174.85 1208.1 1153.24 3536.19
978000 1177.29 1208.69 1158.12 3544.1
980000 1178.33 1211.23 1166.3 3555.87
982000 1180.6 1217.79 1172.53 3570.92
984000 1179.69 1216.29 1171.21 3567.19
986000 1186.92 1222.48 1176.96 3586.36
988000 1185.55 1224.28 1181.31 3591.14
990000 1192.4 1226.69 1183.76 3602.85
992000 1192.31 1229.96 1185.22 3607.49
994000 1190.67 1234.18 1192.55 3617.4
996000 1191.2 1236.49 1198.29 3625.97
998000 1193.62 1238.82 1197.88 3630.32
1000000 1192.18 1238.49 1202.84 3633.51
1002000 1189.65 1241.52 1204.61 3635.77
1004000 1191.23 1241.83 1207.57 3640.63
1006000 1195 1244.56 1207.85 3647.42
1008000 1201 1250.31 1210.88 3662.19
1010000 1203.31 1247.06 1214.76 3665.14
1012000 1205.08 1248.58 1219.83 3673.49
1014000 1211.28 1253.49 1220.3 3685.06
1016000 1218.59 1257.02 1225.17 3700.78
1018000 1223 1260.89 1225.37 3709.25
1020000 1225.42 1260.27 1232.13 3717.83
1022000 1226.79 1261.6 1233.5 3721.89
1024000 1224.75 1263.49 1235.39 3723.63
1026000 1230.35 1261.89 1241.5 3733.74
1028000 1230.74 1266.17 1242.73 3739.64
1030000 1233.53 1268.62 1243.34 3745.48
1032000 1237.44 1268.48 1246.69 3752.6
1034000 1240.81 1271 1248.26 3760.07
1036000 1242.55 1273.36 1249.58 3765.49
1038000 1246.86 1269.05 1254.07 3769.98
1040000 1247.36 1268.13 1258.05 3773.53
1042000 1246.93 1269.09 1262.93 3778.95
1044000 1248.36 1270.12 1265.97 3784.45
1046000 1251.43 1274.63 1268.14 3794.2
1048000 1253.39 1271.78 1271.8 3796.97
1050000 1256.47 1271.87 1275.49 3803.83
1052000 1261.34 1273.36 1281.17 3815.87
1054000 1260.8 1277 1284.43 3822.23
1056000 1264.35 1279.61 1287.89 3831.84
1058000 1262.85 1279.57 1290.06 3832.48
1060000 1265.81 1284.62 1291.42 3841.85
1062000 1269.46 1291.14 1293.22 3853.81
1064000 1274.79 1294.39 1297.33 3866.52
1066000 1277.53 1295.8 1304.52 3877.84
1068000 1277.92 1295.35 1309.76 3883.04
1070000 1279.7 1296.93 1310.2 3886.83
1072000 1282.01 1298.94 1316.99 3897.94
1074000 1284.83 1302.02 1318.79 3905.64
1076000 1286 1306.21 1324.67 3916.88
1078000 1284.35 1307.01 1322.79 3914.15
1080000 1288.5 1311.75 1320.53 3920.78
1082000 1287.03 1312.68 1321.45 3921.17
1084000 1296.39 1316.28 1327.15 3939.83
1086000 1296.01 1322.83 1329.18 3948.01
1088000 1306.17 1327.15 1333 3966.32
1090000 1307.13 1330.36 1336.08 3973.57
1092000 1307.88 1334.18 1340.37 3982.43
1094000 1312.66 1334.81 1347.01 3994.47
1096000 1319.5 1336.81 1351.49 4007.8
1098000 1323.07 1336.94 1354.2 4014.21
1100000 1323.86 1342.76 1352.98 4019.6
1102000 1321.59 1340.79 1356.25 4018.63
1104000 1322.38 1337.39 1357.16 4016.93
1106000 1327.55 1337.96 1359.78 4025.28
1108000 1327.08 1341.96 1360.1 4029.15
1110000 1327.51 1342.51 1358.51 4028.53
1112000 1327.18 1340.82 1358.09 4026.08
1114000 1333.29 1345.07 1355.14 4033.5
1116000 1336.42 1343.27 1359.44 4039.13
1118000 1341.01 1342.54 1357.36 4040.92
1120000 1345.68 1344.24 1360.35 4050.27
1122000 1346.93 1345.29 1365.32 4057.53
1124000 1346.57 1348.33 1362.91 4057.82
1126000 1347.01 1348.1 1362.32 4057.43
1128000 1343.86 1351.95 1365.04 4060.85
1130000 1342.08 1353.6 1369.87 4065.55
1132000 1342.22 1355.07 1373.59 4070.88
1134000 1346.19 1358.96 1378.44 4083.59
1136000 1344.77 1364.28 1378.78 4087.83
1138000 1346.3 1362.47 1376.11 4084.89
1140000 1351.33 1360.64 1381.03 4092.99
1142000 1352.1 1363.2 1386.61 4101.91
1144000 1356.98 1362.06 1389.2 4108.25
1146000 1358.43 1370.56 1387.11 4116.09
1148000 1361.09 1371.53 1388.26 4120.88
1150000 1362.65 1371.6 1386.11 4120.36
1152000 1361.56 1374.24 1391.58 4127.38
1154000 1362.76 1375.18 1398.72 4136.66
1156000 1366.15 1380.2 1403.43 4149.78
1158000 1367.54 1385.34 1404.49 4157.37
1160000 1371.62 1385.92 1403.11 4160.65
1162000 1372.53 1387.67 1407.37 4167.57
1164000 1374.24 1387.28 1406.25 4167.76
1166000 1377.55 1386.96 1408.18 4172.7
1168000 1384.5 1392.08 1414.26 4190.85
1170000 1388.13 1394.07 1423.08 4205.27
1172000 1389.87 1396.89 1430.71 4217.46
1174000 1390.7 1394.03 1435.68 4220.4
1176000 1397.94 1392.97 1438.8 4229.72
1178000 1400.82 1392.89 1444.08 4237.79
1180000 1400.25 1394.4 1448.19 4242.84
1182000 1399.68 1400.9 1450.79 4251.37
1184000 1404.04 1402.82 1452.1 4258.96
1186000 1405.13 1409.11 1452.47 4266.71
1188000 1412.26 1418.23 1456.78 4287.27
1190000 1410.27 1423.81 1457.6 4291.68
1192000 1415.53 1423.74 1458.41 4297.68
1194000 1419.65 1423.62 1457.81 4301.08
1196000 1418.86 1430.32 1460.38 4309.57
1198000 1416.7 1429.77 1461.33 4307.79
1200000 1416.06 1430.73 1457.87 4304.66
1202000 1416.67 1434.25 1464.43 4315.36
1204000 1418.78 1439.84 1466.76 4325.38
1206000 1424.91 1442.2 1467.17 4334.28
1208000 1426.53 1446.62 1464.18 4337.34
1210000 1431.39 1449.98 1464.88 4346.25
1212000 1433.63 1451.51 1463.87 4349.01
1214000 1434.86 1456.7 1463.8 4355.37
1216000 1436.48 1455.82 1467.91 4360.22
1218000 1439.87 1462.59 1474.59 4377.05
1220000 1447.83 1465.08 1477.09 4390
1222000 1443.44 1464.66 1475.63 4383.72
1224000 1438.14 1471.75 1470.89 4380.79
1226000 1440.72 1473.63 1471.6 4385.95
1228000 1442.56 1478.32 1471.65 4392.53
1230000 1444.1 1478.26 1470.15 4392.5
1232000 1446.48 1480.33 1472.38 4399.2
1234000 1451.13 1482.43 1473.46 4407.02
1236000 1456.19 1487.58 1470.4 4414.17
1238000 1462.18 1493.19 1475.37 4430.74
1240000 1462.5 1495.42 1476.07 4433.99
1242000 1465.68 1499.08 1483.1 4447.86
1244000 1472.52 1502.36 1485.73 4460.6
1246000 1476.72 1494.72 1482.87 4454.31
1248000 1481.12 1505.47 1484.09 4470.68
1250000 1487.42 1502.36 1485.73 4475.51
1252000 1486.33 1508.37 1483.05 4477.74
1254000 1491.23 1507.23 1488 4486.46
1256000 1497.83 1509.04 1488.98 4495.86
1258000 1497.88 1515.34 1491.64 4504.86
1260000 1501.22 1519.87 1497.58 4518.67
1262000 1503.51 1521.21 1499.39 4524.11
1264000 1510.71 1522.13 1506.97 4539.81
1266000 1510.82 1521.74 1503.24 4535.8
1268000 1512.16 1528.62 1504.65 4545.43
1270000 1512.86 1534.79 1508.75 4556.39
1272000 1516.09 1538.04 1510.17 4564.31
1274000 1521.06 1541.29 1519.26 4581.61
1276000 1524.64 1543.02 1519.09 4586.75
1278000 1528.46 1548.4 1521.84 4598.7
1280000 1534.65 1551.88 1528.04 4614.56
1282000 1536.9 1551.78 1529.76 4618.44
1284000 1536.42 1552.79 1530.98 4620.2
1286000 1539.6 1554.89 1536.23 4630.72
1288000 1543.87 1559.9 1540.89 4644.66
1290000 1549.93 1567.53 1541.15 4658.61
1292000 1554.32 1572.6 1539.83 4666.75
1294000 1551.41 1572.17 1542.79 4666.36
1296000 1553.26 1571.58 1541.59 4666.43
1298000 1554.96 1573.87 1545.34 4674.17
1300000 1555.17 1580.41 1547.1 4682.67
1302000 1553.54 1580.1 1552.26 4685.9
1304000 1559.25 1585.36 1553.78 4698.38
1306000 1562.1 1583.84 1555.72 4701.66
1308000 1564.63 1588.07 1558.89 4711.59
1310000 1569.21 1593.77 1558.62 4721.59
1312000 1574.19 1596.67 1562.7 4733.56
1314000 1576.11 1600.28 1566.41 4742.8
1316000 1574.9 1605.26 1570.4 4750.57
1318000 1579.75 1609.96 1576.84 4766.55
1320000 1585.59 1612.46 1579.39 4777.45
1322000 1587.9 1611.34 1583.31 4782.55
1324000 1592.27 1614.1 1582.39 4788.76
1326000 1598.26 1617.57 1585.95 4801.79
1328000 1606.79 1621.34 1591.07 4819.19
1330000 1610.66 1626.71 1594.28 4831.65
1332000 1614.57 1626.35 1598.93 4839.84
1334000 1621.25 1625.09 1598.33 4844.67
1336000 1624.36 1626.25 1608.33 4858.95
1338000 1622.74 1628.94 1609.64 4861.32
1340000 1622.79 1635.38 1609.4 4867.57
1342000 1627.3 1636.85 1610.3 4874.44
1344000 1632.2 1638.28 1615.17 4885.65
1346000 1642.03 1644.99 1617.22 4904.23
1348000 1644.16 1643.02 1621.93 4909.11
1350000 1648.81 1645.4 1627.4 4921.61
1352000 1654.99 1651.94 1625.42 4932.36
1354000 1655.23 1650.99 1627.32 4933.55
1356000 1656.74 1660.5 1625.1 4942.34
1358000 1657.96 1665.48 1628.28 4951.72
1360000 1658.35 1671.6 1632.3 4962.24
1362000 1659.16 1673.08 1629.58 4961.82
1364000 1657.36 1676.75 1632.37 4966.48
1366000 1651.79 1684.59 1635.58 4971.95
1368000 1652.68 1687.42 1640.53 4980.63
1370000 1654.59 1683.25 1643.35 4981.2
1372000 1665.49 1686.98 1646.13 4998.6
1374000 1665.57 1692.3 1647.2 5005.07
1376000 1669.84 1691.85 1648.37 5010.06
1378000 1671.33 1696.64 1653.25 5021.22
1380000 1668 1698.03 1655 5021.03
1382000 1668 1698.26 1660.32 5026.58
1384000 1671.33 1703.36 1657.66 5032.35
1386000 1676.38 1703.09 1664.05 5043.52
1388000 1679.32 1709.98 1661.5 5050.8
1390000 1679.85 1713.92 1662.81 5056.58
1392000 1684.31 1713.21 1660.92 5058.44
1394000 1691 1718.08 1661.79 5070.86
1396000 1695.41 1726.75 1658.39 5080.55
1398000 1697.26 1730.45 1657.74 5085.44
1400000 1696.95 1733.23 1659.67 5089.86
1402000 1698.27 1732.39 1665.61 5096.27
1404000 1705.11 1733.1 1669.34 5107.55
1406000 1705.6 1738.72 1672.2 5116.52
1408000 1706.01 1742.45 1673.6 5122.05
1410000 1710.43 1741.92 1673.31 5125.66
1412000 1713.53 1742.41 1677.35 5133.3
1414000 1717.11 1748.84 1677.17 5143.13
1416000 1715.54 1746.75 1681.09 5143.38
1418000 1718.61 1754 1684.72 5157.33
1420000 1721.79 1748.05 1685.03 5154.87
1422000 1724.41 1753.36 1684.01 5161.78
1424000 1722.27 1756.4 1683.08 5161.75
1426000 1721.52 1756.44 1683.44 5161.39
1428000 1728 1763.19 1686.34 5177.54
1430000 1730.67 1766.76 1692.17 5189.61
1432000 1735.38 1770.4 1691.61 5197.38
1434000 1738.74 1775.85 1689.83 5204.42
1436000 1742.31 1776.71 1691.29 5210.3
1438000 1740.64 1778.42 1687.48 5206.54
1440000 1742.78 1777.68 1689.57 5210.03
1442000 1743.54 1783.94 1688.05 5215.52
1444000 1743.7 1788.14 1691.1 5222.94
1446000 1744.84 1790.38 1695.79 5231.02
1448000 1748.6 1793.66 1702.86 5245.13
1450000 1752.25 1802.55 1704.91 5259.72
1452000 1758.38 1807.56 1710.44 5276.39
1454000 1758.38 1811.1 1711.21 5280.69
1456000 1761.03 1809.31 1715.31 5285.64
1458000 1763.87 1814 1720.05 5297.91
1460000 1764.3 1821.28 1723.13 5308.71
1462000 1766.46 1815.48 1719.95 5301.9
1464000 1764.7 1817.39 1722.78 5304.86
1466000 1770.65 1817.47 1727.41 5315.52
1468000 1777.82 1812.5 1730.4 5320.71
1470000 1780 1816.21 1729.88 5326.1
1472000 1786.12 1820.41 1728.55 5335.08
1474000 1790.09 1820.33 1731.47 5341.89
1476000 1791.27 1816.12 1732.61 5339.99
1478000 1793.28 1824.14 1735.5 5352.92
1480000 1794.78 1827.31 1741.94 5364.02
1482000 1794.54 1834.11 1750.6 5379.26
1484000 1796.51 1839.72 1751.41 5387.63
1486000 1801.91 1841.86 1753.02 5396.8
1488000 1802.49 1845.55 1752.54 5400.59
1490000 1806.94 1845.64 1754.24 5406.83
1492000 1811.87 1846.36 1760.47 5418.7
1494000 1815.03 1848.3 1761.19 5424.53
1496000 1817.59 1848.67 1763.54 5429.8
1498000 1820.96 1853.39 1763.23 5437.58
1500000 1817.87 1858.24 1763.03 5439.13
1502000 1824.07 1858.91 1758.38 5441.36
1504000 1827.29 1861 1760.9 5449.19
1506000 1831.39 1865.01 1767.07 5463.47
1508000 1832.26 1865.87 1768.68 5466.81
1510000 1844.08 1871.58 1765.57 5481.22
1512000 1852.38 1875.38 1760.37 5488.13
1514000 1863.22 1881.09 1766.94 5511.24
1516000 1862.25 1877.37 1771.33 5510.96
1518000 1866.28 1878.89 1777.65 5522.82
1520000 1866.32 1881.2 1777.27 5524.79
1522000 1873.34 1885.3 1780.47 5539.12
1524000 1873.35 1884.08 1784.18 5541.6
1526000 1877.34 1889.34 1786.23 5552.92
1528000 1882.37 1897.62 1785.89 5565.88
1530000 1888.45 1902.59 1793.82 5584.85
1532000 1893.99 1908.84 1792.14 5594.97
1534000 1897.4 1915.62 1787.18 5600.19
1536000 1900.68 1916.8 1794.9 5612.38
1538000 1904.69 1918.68 1797.87 5621.24
1540000 1904.12 1928.33 1798.64 5631.09
1542000 1907.67 1934.13 1800.44 5642.23
1544000 1911.28 1940.02 1800.61 5651.91
1546000 1912.43 1943.94 1803.45 5659.82
1548000 1911.05 1942.14 1802.36 5655.55
1550000 1916.22 1941.6 1797.22 5655.03
1552000 1915.59 1945.18 1795.46 5656.23
1554000 1917.6 1946.31 1793.67 5657.57
1556000 1914.99 1947.22 1800.8 5663.01
1558000 1915.8 1949.7 1801.53 5667.02
1560000 1920.98 1954.64 1808.68 5684.31
1562000 1918.66 1960.26 1810.43 5689.36
1564000 1926.08 1960.84 1809.87 5696.8
1566000 1927.76 1963.76 1811.6 5703.11
1568000 1930.08 1964.22 1809.29 5703.59
1570000 1937.46 1963.69 1816.28 5717.44
1572000 1936.96 1958.38 1816.32 5711.66
1574000 1939.18 1962.79 1818.81 5720.77
1576000 1944.64 1961.96 1821.56 5728.16
1578000 1941.05 1959.28 1824.43 5724.76
1580000 1948.15 1960.47 1828.56 5737.17
1582000 1947.71 1964 1828.03 5739.73
1584000 1945 1967.83 1828.24 5741.07
1586000 1944.68 1973.91 1834.53 5753.12
1588000 1949.23 1974 1836.2 5759.43
1590000 1955.4 1978.8 1836.47 5770.67
1592000 1954.46 1984.37 1840.82 5779.65
1594000 1952.05 1986.08 1848.19 5786.33
1596000 1955.67 1989.45 1853.68 5798.8
1598000 1955.61 1995.76 1858.78 5810.15
1600000 1949.96 1993.25 1862.78 5805.99
1602000 1951.91 1994.85 1872.61 5819.37
1604000 1954.23 1997.1 1878.71 5830.04
1606000 1962.85 1998.04 1883.09 5843.98
1608000 1963.05 1993.56 1888.86 5845.47
1610000 1968.03 1994.36 1894.15 5856.53
1612000 1976.36 1990.94 1895.43 5862.73
1614000 1978.02 1992.58 1906.89 5877.49
1616000 1985.3 1990.8 1911.23 5887.34
1618000 1994.41 2002.81 1914.43 5911.65
1620000 2001.65 2008.58 1917.66 5927.88
1622000 2001.15 2014.31 1925.03 5940.49
1624000 2003.89 2014.77 1928.37 5947.03
1626000 2004.34 2015.66 1930.55 5950.54
1628000 2010.09 2024.43 1929.54 5964.06
1630000 2014.06 2024.95 1928.71 5967.71
1632000 2015.27 2026.76 1927.52 5969.55
1634000 2020.39 2029.62 1924.56 5974.57
1636000 2024.74 2031.44 1930.33 5986.5
1638000 2023.59 2032.8 1929.8 5986.19
1640000 2029.31 2029.91 1928.79 5988.02
1642000 2030.63 2027.12 1931.17 5988.92
1644000 2035.48 2027.9 1930.32 5993.69
1646000 2037.75 2035.82 1931.49 6005.06
1648000 2038.95 2039.61 1933.35 6011.9
1650000 2035.91 2049.22 1936.33 6021.46
1652000 2037.07 2054.88 1930.9 6022.84
1654000 2039.39 2058.69 1932.43 6030.52
1656000 2046.2 2063.62 1939.15 6048.96
1658000 2049.07 2064.92 1944.99 6058.98
1660000 2053.55 2071.39 1947.51 6072.45
1662000 2057.23 2074.26 1947.43 6078.92
1664000 2059.65 2077.92 1956.65 6094.22
1666000 2062.62 2080.31 1959.97 6102.89
1668000 2068.44 2082.06 1963.96 6114.46
1670000 2070.6 2083.12 1964.81 6118.53
1672000 2075.09 2088.83 1968.83 6132.75
1674000 2071.92 2093.96 1971.69 6137.56
1676000 2069.87 2094.55 1975.84 6140.26
1678000 2073.54 2096.46 1976.82 6146.82
1680000 2070.03 2098.08 1980.85 6148.96
1682000 2062.16 2100.03 1981.89 6144.08
1684000 2059.16 2099.02 1981.44 6139.62
1686000 2063.67 2097.89 1986.32 6147.88
1688000 2062.61 2099.82 1990.21 6152.64
1690000 2067.78 2103.4 1993.84 6165.02
1692000 2078.84 2107.36 1994.87 6181.07
1694000 2090.77 2115.15 1997.38 6203.3
1696000 2091.82 2121.97 1996.75 6210.55
1698000 2092.79 2123.08 1999.4 6215.27
1700000 2094.25 2125.65 2009.14 6229.04
1702000 2095.15 2128.06 2007.76 6230.98
1704000 2093.2 2132.77 2007.1 6233.06
1706000 2092.75 2135.31 2009.62 6237.69
1708000 2097.88 2132.22 2017.15 6247.25
1710000 2097.6 2138.05 2019.69 6255.35
1712000 2095.35 2140.6 2021.81 6257.76
1714000 2097.21 2144.8 2020.64 6262.65
1716000 2099.08 2151.88 2026.62 6277.58
1718000 2102.63 2160.47 2026.01 6289.11
1720000 2098.94 2156.59 2029.97 6285.5
1722000 2105.97 2160.21 2035.91 6302.09
1724000 2109.01 2166.41 2035.35 6310.77
1726000 2113.66 2165.11 2042.41 6321.19
1728000 2114.42 2161.03 2048.21 6323.67
1730000 2116.95 2164.95 2050.29 6332.18
1732000 2120.91 2169.15 2050.97 6341.04
1734000 2129.47 2173.75 2054.09 6357.31
1736000 2137.53 2168.65 2057.68 6363.85
1738000 2143.34 2167.66 2057.78 6368.77
1740000 2145.67 2166.68 2060.77 6373.12
1742000 2145.16 2170.06 2059.3 6374.52
1744000 2152.42 2173.24 2065.78 6391.44
1746000 2152.8 2169.14 2072.93 6394.88
1748000 2159.92 2171.93 2079.3 6411.16
1750000 2159.27 2180.09 2082.94 6422.3
1752000 2160.4 2180.25 2091.62 6432.27
1754000 2161.56 2182.64 2095.78 6439.98
1756000 2167 2179.87 2104.08 6450.95
1758000 2164.03 2185.51 2109.38 6458.92
1760000 2164.31 2190.75 2122.2 6477.27
1762000 2166.79 2193.48 2127.01 6487.28
1764000 2174.64 2196.15 2129.37 6500.15
1766000 2180.79 2198.17 2132.81 6511.77
1768000 2180.32 2205.18 2126.44 6511.93
1770000 2185.35 2211.77 2131.26 6528.38
1772000 2185.67 2216.27 2134.22 6536.16
1774000 2193.06 2222.15 2132.45 6547.66
1776000 2194.02 2228.28 2129.44 6551.74
1778000 2195.93 2230.99 2131.64 6558.56
1780000 2193.62 2236.85 2138.58 6569.05
1782000 2196.68 2234.92 2137.98 6569.59
1784000 2196.85 2237.91 2137.8 6572.55
1786000 2189.53 2239.75 2141.88 6571.16
1788000 2191.09 2239.87 2144.19 6575.15
1790000 2191.08 2246.14 2148.13 6585.34
1792000 2191.37 2254.88 2150.03 6596.28
1794000 2193.89 2260.51 2153.88 6608.28
1796000 2198.97 2260.89 2167.04 6626.91
1798000 2204.17 2266.82 2170.66 6641.66
1800000 2207.23 2266.89 2166.45 6640.58
1802000 2208 2269.98 2165.14 6643.12
1804000 2212.58 2276.2 2162.66 6651.45
1806000 2217.59 2279.15 2168.1 6664.84
1808000 2218.77 2283.7 2172.18 6674.65
1810000 2222.78 2280.29 2174.17 6677.23
1812000 2220.32 2281.19 2186.31 6687.81
1814000 2229.27 2287.84 2193.66 6710.77
1816000 2235.33 2287.62 2198.99 6721.95
1818000 2237.02 2288.35 2208.81 6734.18
1820000 2245.59 2288.21 2214.37 6748.17
1822000 2250.24 2289.43 2212.47 6752.14
1824000 2252.07 2293.52 2214.87 6760.47
1826000 2260.41 2301.56 2220.77 6782.74
1828000 2263.18 2305.64 2224.73 6793.55
1830000 2265.8 2303.23 2230.66 6799.69
1832000 2269.86 2303.54 2238.57 6811.97
1834000 2278.63 2308.04 2241.14 6827.81
1836000 2277.26 2303.35 2245.95 6826.56
1838000 2277.41 2309.47 2251.81 6838.69
1840000 2280.42 2306.95 2249.29 6836.66
1842000 2284.22 2304.13 2249.91 6838.26
1844000 2283.89 2307.12 2257.32 6848.33
1846000 2292.06 2309.17 2261.98 6863.21
1848000 2292.62 2319.41 2264.16 6876.19
1850000 2292.75 2328.88 2262.59 6884.22
1852000 2292.8 2335.73 2267.58 6896.11
1854000 2294.29 2339 2265.63 6898.92
1856000 2301.75 2338.85 2266.71 6907.31
1858000 2304.11 2336.56 2274.17 6914.84
1860000 2305 2338.36 2282.13 6925.48
1862000 2299.11 2346.33 2286.1 6931.54
1864000 2302.59 2351.95 2287.29 6941.82
1866000 2305.71 2350.89 2289.65 6946.25
1868000 2307.47 2351.38 2290.3 6949.14
1870000 2317.27 2354.24 2292.5 6964.01
1872000 2321.24 2355.53 2295.93 6972.7
1874000 2313.81 2361.32 2290.12 6965.25
1876000 2311.89 2357.89 2293.79 6963.57
1878000 2315.25 2359.04 2295.86 6970.16
1880000 2317.74 2364.77 2303.16 6985.66
1882000 2316.78 2370.2 2304.04 6991.02
1884000 2319.98 2373.32 2307.73 7001.02
1886000 2320.5 2381.56 2310.61 7012.67
1888000 2317.56 2385.78 2316.76 7020.1
1890000 2316.1 2392.18 2320.97 7029.24
1892000 2315.68 2390.77 2326.72 7033.16
1894000 2320.52 2397.65 2327.76 7045.94
1896000 2323.22 2399.88 2330.52 7053.62
1898000 2329.02 2405.3 2333.74 7068.06
1900000 2332.12 2412 2330.29 7074.41
1902000 2329.39 2421.97 2330.06 7081.42
1904000 2340.55 2425.12 2341.03 7106.7
1906000 2342.91 2421.58 2344.61 7109.1
1908000 2350.82 2419.75 2343.38 7113.95
1910000 2354.16 2423.38 2344.98 7122.52
1912000 2363.58 2431.67 2354.23 7149.48
1914000 2367.31 2427.66 2356.39 7151.36
1916000 2371.75 2423.91 2357.97 7153.64
1918000 2373.72 2423.47 2369.31 7166.5
1920000 2375.59 2425.73 2365.72 7167.05
1922000 2378.46 2431.82 2372.17 7182.45
1924000 2380.29 2432.03 2371.24 7183.57
1926000 2375.9 2430.42 2375.27 7181.59
1928000 2375.63 2433.57 2376.11 7185.31
1930000 2378.73 2432.12 2381.63 7192.49
1932000 2388.06 2430.65 2378.24 7196.95
1934000 2387.75 2432.96 2374.41 7195.12
1936000 2395.34 2437.93 2380.3 7213.56
1938000 2398.39 2436.23 2380.11 7214.73
1940000 2397.99 2439.43 2377.14 7214.55
1942000 2402.2 2441.1 2383.76 7227.05
1944000 2411.82 2449.87 2382.99 7244.69
1946000 2418.46 2445.11 2387.95 7251.53
1948000 2418.96 2445.47 2388.05 7252.47
1950000 2412.82 2448.53 2386.56 7247.91
1952000 2415.63 2453.34 2382.3 7251.26
1954000 2414.84 2458.69 2388.74 7262.28
1956000 2422.38 2459.73 2390.17 7272.29
1958000 2422.02 2462.47 2388.62 7273.11
1960000 2427.53 2467.58 2389.07 7284.18
1962000 2423.05 2469.72 2392.9 7285.67
1964000 2421.84 2467.95 2396.93 7286.73
1966000 2425.14 2472.33 2396.7 7294.17
1968000 2429.08 2476.81 2392.74 7298.62
1970000 2431.81 2480.2 2394.11 7306.12
1972000 2428.95 2480.85 2394.34 7304.14
1974000 2432.92 2478.97 2396.34 7308.24
1976000 2439.37 2484.68 2398.56 7322.61
1978000 2444.32 2485.53 2400.75 7330.6
1980000 2450.01 2490.62 2404.55 7345.18
1982000 2455.57 2494.22 2412.08 7361.86
1984000 2462.14 2494.44 2417.87 7374.44
1986000 2463.43 2493.79 2426.95 7384.16
1988000 2466.37 2493.31 2430.26 7389.94
1990000 2474.53 2494.13 2421.8 7390.46
1992000 2485.3 2501.93 2424.27 7411.5
1994000 2485.46 2507.07 2427.12 7419.64
1996000 2490.18 2508.02 2430.43 7428.63
1998000 2493.56 2513.64 2433.99 7441.18
2000000 2496.97 2514.01 2442.72 7453.71
