# Time-averaged data for fix savemsd
# TimeStep c_msd[1] c_msd[2] c_msd[3] c_msd[4]
0 0 3.18831e-30 7.30427e-33 3.19562e-30
2000 0.0344744 0.0356923 0.0423209 0.112488
4000 0.0381423 0.0366028 0.0415169 0.116262
6000 0.0413526 0.0442029 0.0533523 0.138908
8000 0.0437029 0.0429903 0.0646577 0.151351
10000 0.0341869 0.0372311 0.0492294 0.120647
12000 0.0374437 0.0401414 0.0428841 0.120469
14000 0.0360638 0.040114 0.0601128 0.136291
16000 0.0387088 0.0353689 0.0485138 0.122592
18000 0.0372471 0.0432075 0.0640792 0.144534
20000 0.0379938 0.041503 0.0659537 0.14545
22000 0.037715 0.0389685 0.0838301 0.160514
24000 0.0356374 0.0384166 0.0559968 0.130051
26000 0.0358792 0.0378026 0.0410986 0.11478
28000 0.0411097 0.0398594 0.179896 0.260865
30000 0.0404791 0.0396131 0.130377 0.210469
32000 0.0349341 0.0411913 0.0967988 0.172924
34000 0.0364939 0.0403731 0.0964656 0.173333
36000 0.0372717 0.0416841 0.184155 0.26311
38000 0.0429104 0.0419723 0.21144 0.296322
40000 0.0450123 0.050053 0.22881 0.323875
42000 0.046035 0.0438256 0.244243 0.334103
44000 0.0472805 0.0425975 0.320216 0.410094
46000 0.0483635 0.0461578 0.182453 0.276974
48000 0.0411862 0.0373545 0.159471 0.238012
50000 0.0379332 0.0413086 0.112983 0.192225
52000 0.0381883 0.0348136 0.0484615 0.121463
54000 0.0388938 0.0410051 0.0447986 0.124698
56000 0.0401165 0.0442429 0.0932442 0.177604
58000 0.0552447 0.0438313 0.207801 0.306877
60000 0.0484299 0.0428086 0.202686 0.293925
62000 0.0541993 0.0381269 0.17992 0.272246
64000 0.0440231 0.0417587 0.108306 0.194088
66000 0.0369883 0.0418282 0.116344 0.19516
68000 0.0407952 0.0400666 0.144585 0.225447
70000 0.0370726 0.039818 0.0412157 0.118106
72000 0.0339105 0.0348276 0.0373751 0.106113
74000 0.0422577 0.034953 0.0524549 0.129666
76000 0.0366002 0.0357159 0.0444674 0.116783
78000 0.0344305 0.038139 0.0447541 0.117324
80000 0.0397115 0.0376312 0.0401999 0.117543
82000 0.0461778 0.040593 0.069331 0.156102
84000 0.0344763 0.0390765 0.0482802 0.121833
86000 0.0346571 0.0379141 0.0458656 0.118437
88000 0.0386927 0.0392947 0.0645273 0.142515
90000 0.0388203 0.0426757 0.0460893 0.127585
92000 0.0394397 0.0413361 0.054437 0.135213
94000 0.0511867 0.0473113 0.203505 0.302003
96000 0.0500506 0.039752 0.367046 0.456849
98000 0.0433258 0.0460601 0.241734 0.33112
100000 0.0423204 0.042154 0.150723 0.235198
102000 0.0395273 0.0443627 0.18489 0.26878
104000 0.0448096 0.0400886 0.313952 0.39885
106000 0.0482945 0.0375393 0.318387 0.404221
108000 0.0440171 0.0435333 0.315657 0.403207
110000 0.0354815 0.0413426 0.048805 0.125629
112000 0.0406678 0.0400535 0.0518482 0.13257
114000 0.0378929 0.0372801 0.0343322 0.109505
116000 0.0325609 0.0395396 0.0535762 0.125677
118000 0.0459782 0.0389764 0.156605 0.24156
120000 0.0464719 0.0497612 0.261354 0.357587
122000 0.0519013 0.0447322 0.338742 0.435376
124000 0.0471353 0.042675 0.255535 0.345346
126000 0.0495092 0.0463539 0.287553 0.383416
128000 0.0507835 0.0426291 0.313813 0.407225
130000 0.0493874 0.0417506 0.349535 0.440673
132000 0.0467875 0.0437922 0.411957 0.502537
134000 0.0446084 0.0468848 0.205045 0.296539
136000 0.0448473 0.0433752 0.209995 0.298218
138000 0.0454597 0.044136 0.18151 0.271105
140000 0.0332315 0.0423391 0.0474755 0.123046
142000 0.0436909 0.0398785 0.15842 0.24199
144000 0.0435162 0.0421347 0.14469 0.230341
146000 0.0445914 0.0431787 0.107912 0.195682
148000 0.0352313 0.0460909 0.0573664 0.138689
150000 0.0391661 0.03997 0.0608966 0.140033
152000 0.0401287 0.0420185 0.0814325 0.16358
154000 0.0427804 0.0392196 0.100575 0.182575
156000 0.0430602 0.0382086 0.0563829 0.137652
158000 0.0393023 0.0401955 0.0456704 0.125168
160000 0.0375625 0.0390646 0.0457666 0.122394
162000 0.0352042 0.0357218 0.0415255 0.112452
164000 0.0358501 0.0346621 0.039619 0.110131
166000 0.0357444 0.0427445 0.0630101 0.141499
168000 0.0371211 0.0370363 0.0461052 0.120263
170000 0.0357638 0.042619 0.0449147 0.123297
172000 0.0368169 0.0418862 0.043691 0.122394
174000 0.0415241 0.0430372 0.104629 0.18919
176000 0.0412184 0.0467221 0.0758782 0.163819
178000 0.0408829 0.0405164 0.0729495 0.154349
180000 0.0408648 0.0391662 0.150589 0.23062
182000 0.0479307 0.0475606 0.126646 0.222137
184000 0.0416895 0.0426914 0.12364 0.208021
186000 0.0411523 0.0441457 0.172656 0.257954
188000 0.0442014 0.0390415 0.140539 0.223781
190000 0.0410816 0.0405116 0.200931 0.282524
192000 0.0501153 0.0444408 0.189523 0.284079
194000 0.0537533 0.0428271 0.358701 0.455282
196000 0.0588516 0.0391382 0.369471 0.467461
198000 0.0455636 0.0440118 0.18876 0.278335
200000 0.045971 0.0394154 0.125154 0.210541
202000 0.0515357 0.0507961 0.193115 0.295446
204000 0.0372888 0.0413905 0.0841782 0.162857
206000 0.0414601 0.0462456 0.110786 0.198492
208000 0.0414128 0.0448198 0.0797161 0.165949
210000 0.0401859 0.0427679 0.158533 0.241487
212000 0.0567741 0.0432756 0.466544 0.566593
214000 0.0725312 0.0372583 0.646484 0.756274
216000 0.070334 0.0366668 0.741659 0.84866
218000 0.0745704 0.033625 0.855745 0.963941
220000 0.0720831 0.0359945 0.584348 0.692426
222000 0.0553788 0.0425078 0.383449 0.481336
224000 0.0486548 0.0419575 0.235619 0.326232
226000 0.0563363 0.0416861 0.368059 0.466081
228000 0.0469825 0.0410626 0.185944 0.273989
230000 0.0491105 0.0393926 0.311112 0.399615
232000 0.0470447 0.0434343 0.176426 0.266905
234000 0.0469244 0.0432356 0.1827 0.27286
236000 0.0387803 0.042836 0.0754007 0.157017
238000 0.0449075 0.0394726 0.128143 0.212523
240000 0.04869 0.0375004 0.322303 0.408494
242000 0.0534431 0.0388922 0.317465 0.4098
244000 0.0740808 0.0406542 0.501567 0.616302
246000 0.0620728 0.0457423 0.445121 0.552936
248000 0.0551435 0.0392044 0.441977 0.536325
250000 0.0466267 0.0478671 0.217236 0.31173
252000 0.0557004 0.0420248 0.221643 0.319368
254000 0.0487083 0.0437948 0.282898 0.375401
256000 0.0514661 0.0427278 0.207771 0.301965
258000 0.0476474 0.0410022 0.100512 0.189162
260000 0.0521326 0.0412543 0.128647 0.222034
262000 0.0333326 0.0356575 0.0354695 0.10446
264000 0.032444 0.0349355 0.0478458 0.115225
266000 0.0397168 0.0373485 0.0744408 0.151506
268000 0.0362349 0.0353294 0.0778378 0.149402
270000 0.0412696 0.040713 0.0968634 0.178846
272000 0.0332344 0.0356855 0.0481557 0.117076
274000 0.0327542 0.035056 0.0470662 0.114876
276000 0.0337744 0.0408883 0.0401618 0.114824
278000 0.0347285 0.035674 0.0400925 0.110495
280000 0.0378351 0.0352879 0.0437997 0.116923
282000 0.0372226 0.0405908 0.110937 0.18875
284000 0.0416626 0.0388365 0.219454 0.299953
286000 0.0398935 0.04093 0.123495 0.204319
288000 0.0443887 0.0393864 0.15201 0.235785
290000 0.042306 0.0463811 0.172057 0.260744
292000 0.0357203 0.0362049 0.0532225 0.125148
294000 0.0380598 0.0336716 0.0476989 0.11943
296000 0.0463567 0.0398489 0.0941969 0.180402
298000 0.0456813 0.0410501 0.166851 0.253583
300000 0.0448053 0.0447313 0.163757 0.253293
302000 0.0402605 0.0452868 0.0821732 0.167721
304000 0.0390766 0.0385146 0.0686557 0.146247
306000 0.0445109 0.040157 0.234731 0.319399
308000 0.0566867 0.0388825 0.411867 0.507436
310000 0.0421066 0.0404055 0.168894 0.251407
312000 0.0399216 0.045126 0.0498074 0.134855
314000 0.040263 0.0357189 0.0597161 0.135698
316000 0.0362196 0.0361751 0.0683699 0.140765
318000 0.0386805 0.0418166 0.153386 0.233883
320000 0.0347903 0.0371268 0.0706963 0.142613
322000 0.0349322 0.0375461 0.0414664 0.113945
324000 0.0381 0.0402759 0.177029 0.255404
326000 0.04885 0.0483207 0.432461 0.529632
328000 0.04987 0.0442047 0.240103 0.334177
330000 0.0483583 0.043416 0.308809 0.400583
332000 0.0507567 0.0381228 0.400711 0.48959
334000 0.043384 0.0485536 0.224967 0.316904
336000 0.0497962 0.0452461 0.249474 0.344517
338000 0.0388091 0.039404 0.146057 0.22427
340000 0.0423866 0.0369459 0.223829 0.303161
342000 0.0490765 0.0474805 0.293256 0.389813
344000 0.0504883 0.0457045 0.337545 0.433737
346000 0.055378 0.0396105 0.422329 0.517318
348000 0.0514338 0.0447438 0.364834 0.461012
350000 0.0472901 0.0452977 0.344442 0.43703
352000 0.0476376 0.0463708 0.27434 0.368349
354000 0.0461788 0.0413075 0.293463 0.380949
356000 0.043655 0.0408614 0.355699 0.440215
358000 0.0486162 0.0370246 0.504938 0.590579
360000 0.0698896 0.0426084 1.08837 1.20087
362000 0.0572462 0.0368449 0.757788 0.85188
364000 0.0890341 0.0369414 1.09542 1.22139
366000 0.0790222 0.0459442 1.1888 1.31376
368000 0.0648412 0.0379511 0.893685 0.996477
370000 0.0714649 0.040945 0.814172 0.926582
372000 0.0533226 0.0448539 0.473166 0.571343
374000 0.0599777 0.038552 0.612379 0.710908
376000 0.057849 0.0356524 0.602537 0.696039
378000 0.0668225 0.0387763 0.755433 0.861032
380000 0.0716265 0.0343063 0.89854 1.00447
382000 0.0687429 0.0416219 0.898286 1.00865
384000 0.0802644 0.0457689 1.19608 1.32211
386000 0.0709679 0.0366583 1.14829 1.25592
388000 0.060398 0.0368036 0.945988 1.04319
390000 0.0801169 0.043293 1.03974 1.16315
392000 0.0949185 0.0462657 1.51258 1.65377
394000 0.0856744 0.0404909 1.33137 1.45754
396000 0.076526 0.038417 1.14021 1.25515
398000 0.0641842 0.036322 0.888909 0.989415
400000 0.0727401 0.0364894 0.728382 0.837611
402000 0.0881434 0.0413247 1.31381 1.44328
404000 0.0791769 0.0376631 1.07617 1.19301
406000 0.058491 0.0379054 0.721704 0.8181
408000 0.0606133 0.0403062 0.56974 0.67066
410000 0.0579831 0.044041 0.430298 0.532322
412000 0.0479972 0.0437493 0.290344 0.38209
414000 0.0429888 0.0486336 0.211908 0.30353
416000 0.0339338 0.0373791 0.0762716 0.147584
418000 0.0373309 0.0380749 0.060557 0.135963
420000 0.0371026 0.0380276 0.0417309 0.116861
422000 0.0420882 0.0389457 0.088718 0.169752
424000 0.0372145 0.0386363 0.0646289 0.14048
426000 0.0366242 0.0400283 0.11112 0.187772
428000 0.0480713 0.041522 0.243224 0.332818
430000 0.0399662 0.0417777 0.157867 0.239611
432000 0.0387463 0.0467992 0.145725 0.231271
434000 0.0442971 0.041958 0.199795 0.28605
436000 0.0531575 0.0452954 0.381784 0.480237
438000 0.0520986 0.044924 0.413217 0.51024
440000 0.0556273 0.0363406 0.628139 0.720107
442000 0.0594336 0.039899 0.692517 0.79185
444000 0.0638406 0.0452947 0.811631 0.920766
446000 0.0791928 0.0413847 1.11671 1.23729
448000 0.0827774 0.0400207 1.28264 1.40544
450000 0.0845675 0.0402295 1.51984 1.64464
452000 0.105124 0.0441045 1.49921 1.64843
454000 0.0927441 0.0433003 1.42327 1.55931
456000 0.0881203 0.042369 1.30328 1.43377
458000 0.0885924 0.0400794 1.33797 1.46664
460000 0.0848672 0.0499232 1.33845 1.47324
462000 0.102547 0.0422849 1.61451 1.75934
464000 0.0967331 0.0452359 1.80586 1.94783
466000 0.105137 0.044959 1.71553 1.86563
468000 0.0872175 0.0385372 1.45243 1.57818
470000 0.0773492 0.0402088 1.15956 1.27711
472000 0.0784364 0.0447962 1.20814 1.33138
474000 0.0834965 0.0432228 1.32776 1.45448
476000 0.104345 0.0417931 1.75267 1.89881
478000 0.111509 0.0454024 1.79243 1.94935
480000 0.0872869 0.0384459 1.52678 1.65251
482000 0.0864174 0.0433932 1.42185 1.55166
484000 0.0890244 0.0406664 1.39283 1.52252
486000 0.0833593 0.0463785 1.61161 1.74135
488000 0.105689 0.0505669 1.9132 2.06945
490000 0.100042 0.0415326 1.75255 1.89412
492000 0.0899426 0.035075 1.48551 1.61052
494000 0.0895798 0.0378768 1.62271 1.75017
496000 0.10007 0.037683 1.60849 1.74624
498000 0.0942384 0.0406443 1.30083 1.43571
500000 0.0813894 0.0379462 1.31633 1.43566
502000 0.0721867 0.0385262 1.33599 1.4467
504000 0.0785575 0.0397244 1.11107 1.22935
506000 0.0750809 0.0353019 1.00614 1.11652
508000 0.062456 0.0339264 0.802024 0.898406
510000 0.0705338 0.0380909 0.835784 0.944409
512000 0.0558464 0.0364849 0.74541 0.837741
514000 0.0614233 0.0375268 0.693749 0.792699
516000 0.0660389 0.0388784 0.890336 0.995253
518000 0.0796245 0.0407925 0.930203 1.05062
520000 0.0636863 0.0355496 0.890592 0.989828
522000 0.0673106 0.038628 1.17135 1.27728
524000 0.0818644 0.0419748 1.23067 1.35451
526000 0.0797921 0.0450985 1.21438 1.33927
528000 0.0829827 0.0402015 1.21402 1.3372
530000 0.0829703 0.0452645 1.50888 1.63712
532000 0.103691 0.0465779 1.62548 1.77575
534000 0.0981857 0.0406102 1.71256 1.85135
536000 0.0812774 0.0456353 1.21664 1.34355
538000 0.0860305 0.0349698 1.25303 1.37403
540000 0.0873892 0.0385566 1.23554 1.36149
542000 0.0683266 0.033267 0.820211 0.921804
544000 0.0596271 0.040485 0.65454 0.754652
546000 0.0559086 0.0382522 0.668906 0.763066
548000 0.0545242 0.0387619 0.510393 0.60368
550000 0.0535778 0.0472279 0.516593 0.617399
552000 0.0441776 0.0475813 0.272555 0.364314
554000 0.0469167 0.0448531 0.360856 0.452626
556000 0.0429599 0.0426941 0.25719 0.342844
558000 0.046342 0.0419758 0.289806 0.378124
560000 0.03796 0.0436555 0.177561 0.259176
562000 0.0409593 0.0458429 0.114261 0.201063
564000 0.0378184 0.0358006 0.0694661 0.143085
566000 0.0443002 0.0406864 0.28338 0.368366
568000 0.046913 0.042404 0.256107 0.345424
570000 0.0443529 0.038812 0.408734 0.491899
572000 0.0502851 0.0448897 0.394471 0.489646
574000 0.0681122 0.0339309 0.633922 0.735965
576000 0.0605272 0.0378259 0.635245 0.733598
578000 0.0570253 0.0406678 0.547832 0.645525
580000 0.0528355 0.0445859 0.548212 0.645633
582000 0.0636868 0.0373383 0.70822 0.809245
584000 0.0560603 0.0408318 0.513659 0.610551
586000 0.0544229 0.0394609 0.474528 0.568411
588000 0.0571373 0.0379537 0.374475 0.469566
590000 0.0515058 0.0405556 0.462121 0.554182
592000 0.0559479 0.0381961 0.457071 0.551215
594000 0.0425175 0.0481098 0.249017 0.339645
596000 0.0486447 0.039015 0.299554 0.387213
598000 0.0442445 0.0373582 0.230181 0.311784
600000 0.0330707 0.0372921 0.057905 0.128268
602000 0.0401103 0.0432851 0.0586534 0.142049
604000 0.0302129 0.0350816 0.0446317 0.109926
606000 0.0364033 0.0452484 0.116577 0.198229
608000 0.0384856 0.0375701 0.0965138 0.172569
610000 0.0373088 0.0414509 0.11931 0.198069
612000 0.0404001 0.0428358 0.17251 0.255746
614000 0.0439227 0.0461952 0.242664 0.332782
616000 0.0363323 0.0383035 0.0794473 0.154083
618000 0.0335221 0.0428007 0.0758781 0.152201
620000 0.0340294 0.0384497 0.105981 0.17846
622000 0.048882 0.0458917 0.340754 0.435527
624000 0.0509042 0.043605 0.311555 0.406064
626000 0.0428756 0.0475403 0.204094 0.29451
628000 0.0371571 0.046064 0.169687 0.252909
630000 0.0468144 0.0487863 0.249834 0.345435
632000 0.0478305 0.046097 0.368126 0.462053
634000 0.0485856 0.0452631 0.314887 0.408736
636000 0.0430623 0.0364853 0.224901 0.304449
638000 0.0493067 0.0405803 0.338352 0.428239
640000 0.0449282 0.0473546 0.298562 0.390845
642000 0.0602033 0.0457572 0.426692 0.532652
644000 0.0470872 0.0476446 0.279763 0.374495
646000 0.0446128 0.0430477 0.160491 0.248151
648000 0.0373438 0.040035 0.0886642 0.166043
650000 0.0370306 0.0450693 0.118725 0.200825
652000 0.0360691 0.0335347 0.0386794 0.108283
654000 0.0381918 0.0365363 0.0417463 0.116474
656000 0.0396699 0.0367426 0.0441971 0.12061
658000 0.0341023 0.0337679 0.0405896 0.10846
660000 0.0410972 0.0368877 0.0868047 0.16479
662000 0.0320098 0.0361401 0.037508 0.105658
664000 0.0361432 0.034921 0.0402701 0.111334
666000 0.0387956 0.0405045 0.0593024 0.138602
668000 0.0440898 0.036652 0.0543425 0.135084
670000 0.0379134 0.0425533 0.0742891 0.154756
672000 0.0349208 0.0407831 0.0718492 0.147553
674000 0.0402896 0.0461613 0.146477 0.232927
676000 0.040221 0.0359571 0.056126 0.132304
678000 0.0354489 0.0373224 0.0448918 0.117663
680000 0.0340488 0.0377929 0.0430704 0.114912
682000 0.0347807 0.0374242 0.0435161 0.115721
684000 0.0359449 0.0392697 0.0433049 0.11852
686000 0.0392341 0.0416582 0.0510804 0.131973
688000 0.0370511 0.038341 0.0494876 0.12488
690000 0.0354951 0.0413687 0.0407043 0.117568
692000 0.0383881 0.0362192 0.0698798 0.144487
694000 0.0393716 0.0381148 0.126104 0.20359
696000 0.0383359 0.0367201 0.0576114 0.132667
698000 0.0415159 0.0383304 0.115856 0.195703
700000 0.0476954 0.047032 0.201193 0.29592
702000 0.0405659 0.0454061 0.237846 0.323818
704000 0.037123 0.0406521 0.0674431 0.145218
706000 0.037309 0.0387809 0.0552456 0.131335
708000 0.0408 0.0374759 0.0472874 0.125563
710000 0.0415509 0.0461351 0.0522353 0.139921
712000 0.0391859 0.0437125 0.146262 0.22916
714000 0.0608516 0.0431867 0.390001 0.49404
716000 0.0610014 0.041324 0.450064 0.552389
718000 0.0585072 0.0393906 0.517274 0.615172
720000 0.0524833 0.0413028 0.365261 0.459047
722000 0.0557271 0.0425183 0.406283 0.504528
724000 0.0661651 0.0404663 0.513722 0.620354
726000 0.0571481 0.045954 0.33322 0.436322
728000 0.0609375 0.0412873 0.290734 0.392959
730000 0.0515513 0.0389003 0.32378 0.414231
732000 0.040557 0.0392353 0.12504 0.204832
734000 0.0418621 0.0408878 0.0943399 0.17709
736000 0.0439537 0.0424987 0.121869 0.208321
738000 0.0409694 0.04572 0.150539 0.237229
740000 0.0581139 0.0459938 0.228152 0.332259
742000 0.0532792 0.0428789 0.252818 0.348976
744000 0.0495774 0.041231 0.353725 0.444533
746000 0.0493116 0.0465583 0.362484 0.458354
748000 0.065831 0.0497398 0.596531 0.712102
750000 0.0643224 0.0390838 0.659246 0.762652
752000 0.0770075 0.0413596 0.654967 0.773334
754000 0.0834652 0.0417905 0.772661 0.897916
756000 0.0758743 0.038489 0.631317 0.74568
758000 0.065816 0.0350815 0.686568 0.787466
760000 0.0766099 0.0372441 0.786173 0.900028
762000 0.0866091 0.0334878 0.928534 1.04863
764000 0.0756245 0.0417326 0.992015 1.10937
766000 0.103339 0.0393983 1.30961 1.45234
768000 0.116538 0.0490664 1.64656 1.81216
770000 0.104182 0.0444903 1.62321 1.77189
772000 0.114055 0.0379301 1.83283 1.98481
774000 0.129913 0.0444255 2.0367 2.21104
776000 0.121208 0.0460032 2.21767 2.38488
778000 0.143516 0.034873 2.34241 2.5208
780000 0.181228 0.0439956 2.82062 3.04584
782000 0.154583 0.042254 2.68431 2.88115
784000 0.146364 0.0414963 2.73417 2.92203
786000 0.195684 0.0433895 3.14951 3.38858
788000 0.178389 0.0388639 3.11315 3.3304
790000 0.194802 0.0421561 3.68961 3.92657
792000 0.18526 0.0415353 3.89258 4.11937
794000 0.227612 0.0418614 4.53322 4.80269
796000 0.248428 0.0451619 4.73133 5.02492
798000 0.23456 0.0392263 4.86045 5.13424
800000 0.245928 0.0414768 4.75543 5.04283
802000 0.224323 0.0366318 4.65288 4.91383
804000 0.245448 0.0381841 4.87781 5.16144
806000 0.271187 0.037744 4.8051 5.11403
808000 0.260518 0.0396618 5.02 5.32018
810000 0.225591 0.0415466 4.3379 4.60503
812000 0.242696 0.0393458 4.73885 5.02089
814000 0.261036 0.0405757 5.01926 5.32087
816000 0.174774 0.044496 3.8598 4.07907
818000 0.196705 0.0388192 3.64707 3.88259
820000 0.211416 0.0437732 3.82219 4.07738
822000 0.203261 0.0452138 4.07421 4.32268
824000 0.208119 0.0428562 3.81691 4.06789
826000 0.209457 0.0442332 4.16054 4.41423
828000 0.207597 0.0377679 3.87611 4.12148
830000 0.209156 0.037656 3.4201 3.66691
832000 0.146704 0.0381336 2.81545 3.00029
834000 0.170947 0.0450722 2.83954 3.05556
836000 0.165566 0.041083 3.21271 3.41935
838000 0.148018 0.0382447 2.88645 3.07271
840000 0.161985 0.0400549 2.69601 2.89805
842000 0.144484 0.0386164 2.37162 2.55472
844000 0.165284 0.0444087 2.3893 2.599
846000 0.129565 0.0470521 2.12619 2.30281
848000 0.128263 0.043147 2.0417 2.21311
850000 0.127923 0.0391111 2.13539 2.30242
852000 0.135777 0.0389245 2.39674 2.57144
854000 0.123615 0.0417912 2.04813 2.21354
856000 0.124695 0.0449914 1.94719 2.11687
858000 0.127612 0.0378028 2.22729 2.3927
860000 0.114717 0.040113 1.64991 1.80474
862000 0.123994 0.042521 1.73258 1.8991
864000 0.129979 0.0415143 2.10178 2.27327
866000 0.157927 0.0428549 2.95114 3.15193
868000 0.186784 0.040278 3.04627 3.27333
870000 0.182572 0.0407213 3.07498 3.29828
872000 0.189254 0.0437129 3.05224 3.28521
874000 0.169712 0.039111 3.04224 3.25106
876000 0.180126 0.0426678 3.62643 3.84922
878000 0.203758 0.0451236 3.85908 4.10797
880000 0.197753 0.0489405 3.84095 4.08764
882000 0.211245 0.0414385 4.03477 4.28745
884000 0.201771 0.0399202 3.8337 4.0754
886000 0.188336 0.0413757 3.60694 3.83665
888000 0.217741 0.0441555 4.2119 4.4738
890000 0.202701 0.0469969 4.06007 4.30977
892000 0.188631 0.0399617 3.76178 3.99037
894000 0.177136 0.0404112 3.41973 3.63727
896000 0.172618 0.0381213 3.59952 3.81026
898000 0.203984 0.0433809 3.68618 3.93354
900000 0.21633 0.0427712 3.7504 4.0095
902000 0.188513 0.0445006 3.60537 3.83838
904000 0.166613 0.0422697 3.18458 3.39346
906000 0.161954 0.0368704 2.819 3.01783
908000 0.153715 0.0414794 2.59513 2.79033
910000 0.163035 0.0386228 2.76105 2.96271
912000 0.142122 0.0378094 2.55225 2.73218
914000 0.129248 0.0376757 2.30438 2.4713
916000 0.124171 0.0376941 2.56048 2.72234
918000 0.132396 0.038774 2.20036 2.37153
920000 0.163463 0.0397116 2.36401 2.56719
922000 0.163784 0.0376207 2.63121 2.83261
924000 0.128085 0.0468817 2.29203 2.467
926000 0.135287 0.0410783 2.18965 2.36601
928000 0.127083 0.0431803 1.86663 2.0369
930000 0.135503 0.043512 2.06719 2.2462
932000 0.113398 0.03572 1.97046 2.11958
934000 0.108172 0.0409532 1.6865 1.83563
936000 0.110772 0.0421682 1.65498 1.80792
938000 0.105358 0.0425064 1.66456 1.81242
940000 0.0955805 0.0455998 1.50068 1.64186
942000 0.0948346 0.0414155 1.41132 1.54757
944000 0.114199 0.0402142 1.59436 1.74878
946000 0.118644 0.0455199 1.77828 1.94244
948000 0.132371 0.0411981 2.228 2.40157
950000 0.124865 0.0404544 1.97858 2.1439
952000 0.11676 0.0403965 2.08707 2.24423
954000 0.148845 0.0424495 2.48243 2.67372
956000 0.158555 0.039622 2.42788 2.62606
958000 0.141865 0.0380801 2.48372 2.66366
960000 0.126063 0.0440984 2.1773 2.34746
962000 0.10536 0.0396421 1.64881 1.79381
964000 0.114404 0.0464701 1.67126 1.83213
966000 0.13432 0.044241 2.18486 2.36342
968000 0.166344 0.0375074 2.63145 2.8353
970000 0.140726 0.0381837 2.08269 2.2616
972000 0.152567 0.0419169 2.40025 2.59473
974000 0.152944 0.0424191 2.21231 2.40767
976000 0.121708 0.0421119 2.0331 2.19692
978000 0.134848 0.0449729 1.93963 2.11945
980000 0.12463 0.0425805 1.7193 1.88651
982000 0.108124 0.0479133 1.68351 1.83954
984000 0.11237 0.0460154 1.61325 1.77163
986000 0.10095 0.0403228 1.46947 1.61074
988000 0.107585 0.0417757 1.78751 1.93687
990000 0.146699 0.0369705 2.36515 2.54882
992000 0.134443 0.0353904 2.31982 2.48965
994000 0.124606 0.0421431 2.01248 2.17923
996000 0.113329 0.0437355 1.8644 2.02147
998000 0.126028 0.0397601 1.84157 2.00736
1000000 0.13017 0.039829 1.75926 1.92926
1002000 0.111954 0.0452397 1.81836 1.97556
1004000 0.118505 0.0429451 1.9544 2.11585
1006000 0.101088 0.041525 1.57244 1.71505
1008000 0.0893028 0.0448297 1.47923 1.61336
1010000 0.112057 0.0411327 1.67269 1.82588
1012000 0.115145 0.044651 1.73323 1.89303
1014000 0.116724 0.044868 1.68925 1.85085
1016000 0.120193 0.0453171 1.60769 1.77321
1018000 0.0969328 0.0404476 1.61404 1.75143
1020000 0.118396 0.0534194 1.69875 1.87057
1022000 0.102811 0.0450399 1.40038 1.54823
1024000 0.0765222 0.0398821 1.1096 1.22601
1026000 0.0882065 0.0423761 1.09253 1.22311
1028000 0.0970974 0.0446181 1.22722 1.36893
1030000 0.0883004 0.0498648 1.19457 1.33274
1032000 0.0886015 0.0369578 1.26293 1.38849
1034000 0.0799617 0.040888 1.09405 1.2149
1036000 0.0788053 0.0390465 0.891742 1.00959
1038000 0.0707902 0.0384283 0.73632 0.845538
1040000 0.0761522 0.0354934 0.671576 0.783221
1042000 0.081167 0.036652 0.678605 0.796424
1044000 0.0682257 0.0366995 0.695905 0.800831
1046000 0.0808453 0.0397013 0.884196 1.00474
1048000 0.065932 0.0361402 0.804381 0.906453
1050000 0.0761511 0.03707 1.02262 1.13584
1052000 0.0700235 0.0404312 0.665785 0.776239
1054000 0.0663605 0.0389606 0.551235 0.656556
1056000 0.0668216 0.0389604 0.517845 0.623627
1058000 0.0627466 0.0425169 0.520959 0.626222
1060000 0.0632442 0.041128 0.57026 0.674632
1062000 0.0643843 0.0402965 0.561976 0.666657
1064000 0.0512262 0.0429167 0.365081 0.459224
1066000 0.0635614 0.043203 0.385437 0.492202
1068000 0.0582018 0.0427968 0.360158 0.461156
1070000 0.0546568 0.0406954 0.351442 0.446794
1072000 0.0466748 0.0463069 0.320275 0.413257
1074000 0.0491758 0.0412676 0.336912 0.427356
1076000 0.048311 0.0421847 0.186383 0.276879
1078000 0.0430855 0.0410004 0.164484 0.24857
1080000 0.039683 0.0435029 0.0667399 0.149926
1082000 0.0338009 0.0351333 0.0585858 0.12752
1084000 0.0382657 0.0402603 0.0859371 0.164463
1086000 0.042392 0.0443477 0.155176 0.241916
1088000 0.0486588 0.0389733 0.135587 0.223219
1090000 0.0435721 0.0472437 0.0872097 0.178025
1092000 0.0480734 0.0481432 0.144713 0.24093
1094000 0.0460825 0.0461268 0.209418 0.301627
1096000 0.0461162 0.0400649 0.253237 0.339418
1098000 0.046428 0.0482418 0.268223 0.362893
1100000 0.0548035 0.0439879 0.188211 0.287003
1102000 0.0380028 0.0427055 0.127402 0.20811
1104000 0.0550056 0.0473574 0.266026 0.368389
1106000 0.0540865 0.0413254 0.294875 0.390286
1108000 0.0581558 0.0386962 0.516507 0.613359
1110000 0.0628982 0.0367986 0.6217 0.721397
1112000 0.071727 0.0414037 0.760489 0.87362
1114000 0.0720908 0.0397865 0.769236 0.881114
1116000 0.0685255 0.0329472 0.634675 0.736147
1118000 0.0538563 0.0395337 0.384094 0.477484
1120000 0.0561271 0.042635 0.407408 0.50617
1122000 0.0504533 0.0466163 0.239136 0.336206
1124000 0.0372748 0.0381973 0.0615489 0.137021
1126000 0.042635 0.0438923 0.152506 0.239034
1128000 0.041696 0.0410063 0.122817 0.205519
1130000 0.0488799 0.041749 0.137871 0.2285
1132000 0.0489621 0.0430088 0.241511 0.333482
1134000 0.0482953 0.0398071 0.327122 0.415224
1136000 0.0563336 0.0419872 0.353157 0.451478
1138000 0.0700021 0.0360998 0.71147 0.817572
1140000 0.0800677 0.0397673 0.943158 1.06299
1142000 0.0799728 0.0371805 1.00283 1.11998
1144000 0.0920564 0.0378076 1.22379 1.35365
1146000 0.0999505 0.0404408 1.38175 1.52214
1148000 0.100998 0.042329 1.43057 1.5739
1150000 0.104649 0.0409352 1.70324 1.84882
1152000 0.122121 0.0393508 2.09295 2.25443
1154000 0.140271 0.0386869 2.17671 2.35567
1156000 0.112455 0.0451359 1.82877 1.98636
1158000 0.0845481 0.0452933 1.19189 1.32173
1160000 0.0880222 0.0436735 1.14444 1.27614
1162000 0.0790296 0.0376845 1.06041 1.17712
1164000 0.0715747 0.0370584 0.895243 1.00388
1166000 0.0649956 0.0340895 0.704571 0.803657
1168000 0.0661478 0.035835 0.646334 0.748317
1170000 0.0603342 0.0361825 0.516401 0.612918
1172000 0.0514442 0.0414556 0.481074 0.573974
1174000 0.0443227 0.0443265 0.193359 0.282008
1176000 0.0465703 0.042077 0.145913 0.23456
1178000 0.0531037 0.046244 0.278867 0.378215
1180000 0.0692515 0.0410107 0.61284 0.723102
1182000 0.0590418 0.0376997 0.640496 0.737238
1184000 0.0714003 0.0401512 0.914145 1.0257
1186000 0.0741455 0.0391759 0.88548 0.998801
1188000 0.0957708 0.0410207 0.934205 1.071
1190000 0.105631 0.0383362 0.883681 1.02765
1192000 0.0867591 0.0403908 1.2474 1.37455
1194000 0.0767141 0.0413176 0.966747 1.08478
1196000 0.0729418 0.0419763 0.856448 0.971366
1198000 0.077321 0.0402378 0.711186 0.828744
1200000 0.0728494 0.0380808 0.632379 0.743309
1202000 0.0686431 0.036307 0.708289 0.813239
1204000 0.0820507 0.0403573 0.685081 0.807489
1206000 0.0630888 0.0367457 0.594127 0.693962
1208000 0.0683764 0.0354973 0.671179 0.775052
1210000 0.068915 0.0401957 0.652618 0.761728
1212000 0.0716055 0.0404685 0.708895 0.820969
1214000 0.090144 0.0344477 0.791396 0.915988
1216000 0.0671897 0.040119 0.84351 0.950819
1218000 0.0815101 0.0396245 0.969214 1.09035
1220000 0.0644235 0.0349926 0.557011 0.656427
1222000 0.0604535 0.039939 0.558968 0.659361
1224000 0.0585868 0.0374646 0.356948 0.452999
1226000 0.049693 0.0414516 0.3952 0.486344
1228000 0.0626102 0.0439221 0.522076 0.628609
1230000 0.0865804 0.0352434 0.769233 0.891057
1232000 0.0808054 0.040661 0.763692 0.885159
1234000 0.0494409 0.0457722 0.242548 0.337761
1236000 0.0690772 0.0428945 0.452313 0.564285
1238000 0.0534053 0.0397316 0.498596 0.591733
1240000 0.0755144 0.0413217 0.897519 1.01435
1242000 0.107362 0.044904 1.49226 1.64453
1244000 0.109182 0.0421335 1.63617 1.78749
1246000 0.12998 0.041947 1.95079 2.12271
1248000 0.125817 0.0366957 2.14618 2.30869
1250000 0.117598 0.0431321 2.402 2.56273
1252000 0.144414 0.0374341 2.62464 2.80649
1254000 0.144753 0.037023 2.76907 2.95085
1256000 0.143941 0.0346631 2.6656 2.8442
1258000 0.154128 0.0393655 2.80847 3.00197
1260000 0.163418 0.0394284 2.975 3.17785
1262000 0.182784 0.0393012 3.23537 3.45746
1264000 0.202926 0.04388 3.53009 3.7769
1266000 0.194593 0.045683 3.89687 4.13715
1268000 0.180965 0.0515479 3.54386 3.77637
1270000 0.159942 0.0401017 3.1779 3.37795
1272000 0.206171 0.0437371 3.55021 3.80011
1274000 0.165439 0.0414156 3.02563 3.23248
1276000 0.175637 0.0395691 3.26938 3.48459
1278000 0.165961 0.0395479 2.82235 3.02785
1280000 0.194692 0.0389415 3.11558 3.34921
1282000 0.158961 0.0443579 3.35154 3.55485
1284000 0.221451 0.0435685 4.09105 4.35607
1286000 0.173166 0.0438594 3.59564 3.81267
1288000 0.174799 0.0435043 3.04264 3.26095
1290000 0.165144 0.0398032 2.9429 3.14785
1292000 0.159801 0.0401393 2.78575 2.98569
1294000 0.156425 0.0382676 2.69195 2.88664
1296000 0.174652 0.0381628 2.77221 2.98503
1298000 0.132386 0.0396845 2.33604 2.50811
1300000 0.156719 0.0414519 3.14207 3.34024
1302000 0.170192 0.0385094 3.19561 3.40431
1304000 0.19023 0.0424646 3.49395 3.72664
1306000 0.174023 0.0398228 3.12298 3.33683
1308000 0.170712 0.0432791 2.94692 3.16091
1310000 0.192022 0.0416302 3.3697 3.60336
1312000 0.173863 0.0396823 3.15804 3.37159
1314000 0.210449 0.0411278 3.58318 3.83476
1316000 0.164577 0.0434256 3.59761 3.80562
1318000 0.199939 0.0383365 3.65861 3.89689
1320000 0.200313 0.0424386 3.93911 4.18186
1322000 0.205001 0.0464851 4.02148 4.27297
1324000 0.175048 0.0399302 3.61117 3.82615
1326000 0.179073 0.0434385 3.6217 3.84421
1328000 0.241424 0.0407616 3.78556 4.06775
1330000 0.162045 0.0404237 2.9781 3.18057
1332000 0.178707 0.0431366 3.53947 3.76131
1334000 0.177857 0.0450697 3.52306 3.74598
1336000 0.179759 0.0423431 3.84078 4.06288
1338000 0.228067 0.0369053 4.64571 4.91068
1340000 0.257148 0.0377085 5.46408 5.75894
1342000 0.292555 0.0401538 5.98777 6.32048
1344000 0.283412 0.0390088 6.02069 6.34311
1346000 0.260851 0.0387274 5.33057 5.63015
1348000 0.281166 0.0400383 5.70274 6.02395
1350000 0.269953 0.0409732 5.75053 6.06145
1352000 0.300724 0.0398356 5.56048 5.90104
1354000 0.243378 0.037205 4.78891 5.06949
1356000 0.24783 0.041831 4.8008 5.09046
1358000 0.205649 0.0378024 4.54266 4.78611
1360000 0.181486 0.0456981 4.11236 4.33954
1362000 0.239558 0.0394718 4.33282 4.61184
1364000 0.237361 0.0421594 4.23646 4.51598
1366000 0.181451 0.0415711 4.10009 4.32312
1368000 0.184223 0.0435658 3.68229 3.91008
1370000 0.182824 0.0424466 3.75397 3.97924
1372000 0.178702 0.0466404 3.84105 4.06639
1374000 0.171092 0.0405315 3.50595 3.71758
1376000 0.183936 0.0417924 3.73687 3.9626
1378000 0.209187 0.0462994 4.10327 4.35876
1380000 0.187948 0.0392319 3.63073 3.85791
1382000 0.20052 0.043389 3.68257 3.92647
1384000 0.215341 0.0412044 4.15026 4.4068
1386000 0.203885 0.0372309 4.57499 4.81611
1388000 0.213035 0.0361141 4.58018 4.82933
1390000 0.226176 0.0407691 4.92791 5.19486
1392000 0.255361 0.0430189 4.91565 5.21403
1394000 0.267465 0.0391957 5.24225 5.54891
1396000 0.268657 0.0422808 5.04595 5.35689
1398000 0.233236 0.036952 4.67468 4.94487
1400000 0.216567 0.0439979 4.05813 4.31869
1402000 0.198846 0.0422636 4.1096 4.35071
1404000 0.239973 0.0429225 4.52906 4.81195
1406000 0.227799 0.044261 4.72334 4.9954
1408000 0.250144 0.0384495 5.08403 5.37263
1410000 0.204297 0.0409206 4.2564 4.50161
1412000 0.184087 0.0422785 3.78833 4.0147
1414000 0.181379 0.0364154 3.1572 3.37499
1416000 0.151745 0.0378186 2.90933 3.09889
1418000 0.159014 0.0389332 3.02416 3.22211
1420000 0.193023 0.0436741 3.48354 3.72024
1422000 0.200084 0.0467919 4.07353 4.32041
1424000 0.219783 0.0380439 4.08934 4.34717
1426000 0.205982 0.0477034 4.00603 4.25971
1428000 0.211701 0.0432927 4.40699 4.66198
1430000 0.218366 0.0427314 4.10809 4.36919
1432000 0.191925 0.0416657 3.58563 3.81922
1434000 0.1754 0.0422766 3.61599 3.83366
1436000 0.194302 0.0479124 3.78865 4.03087
1438000 0.188873 0.0406475 3.50705 3.73657
1440000 0.191527 0.0395008 3.14366 3.37469
1442000 0.179767 0.0431609 3.361 3.58393
1444000 0.208228 0.0413457 3.71636 3.96594
1446000 0.217642 0.0463335 3.74293 4.00691
1448000 0.173973 0.0410216 3.34795 3.56295
1450000 0.15682 0.0391258 2.91185 3.1078
1452000 0.173666 0.0404386 3.13774 3.35185
1454000 0.173592 0.049026 3.36467 3.58729
1456000 0.158895 0.0400798 3.34475 3.54373
1458000 0.197609 0.0436189 3.61339 3.85462
1460000 0.189387 0.043615 3.83834 4.07135
1462000 0.17417 0.0449348 3.67281 3.89191
1464000 0.177651 0.0400947 3.57256 3.7903
1466000 0.158309 0.0407534 3.05849 3.25755
1468000 0.13976 0.0395035 2.72633 2.9056
1470000 0.158257 0.0353045 2.60375 2.79731
1472000 0.151135 0.0383489 2.47372 2.66321
1474000 0.169621 0.0406492 2.40791 2.61818
1476000 0.115965 0.0438071 2.14979 2.30957
1478000 0.161767 0.041383 2.8956 3.09875
1480000 0.181507 0.0435314 3.00584 3.23088
1482000 0.174597 0.0374557 3.2898 3.50185
1484000 0.198671 0.0462781 3.2609 3.50584
1486000 0.180623 0.0544179 3.51776 3.7528
1488000 0.203825 0.0385923 3.46419 3.7066
1490000 0.134511 0.0443949 3.0359 3.2148
1492000 0.132974 0.0405018 2.37913 2.55261
1494000 0.140991 0.0392164 1.88927 2.06948
1496000 0.137334 0.0411824 2.23017 2.40869
1498000 0.147391 0.0405618 2.45847 2.64642
1500000 0.123342 0.0411298 2.15852 2.32299
1502000 0.131086 0.0430631 2.06671 2.24086
1504000 0.136227 0.0396004 2.29386 2.46969
1506000 0.145783 0.0399012 2.39235 2.57803
1508000 0.136754 0.042449 2.25411 2.43331
1510000 0.132647 0.0385666 2.3265 2.49771
1512000 0.14467 0.0461423 2.28309 2.4739
1514000 0.134301 0.0389209 2.22017 2.39339
1516000 0.152053 0.0383477 2.18783 2.37823
1518000 0.143008 0.0402312 2.29873 2.48197
1520000 0.110807 0.0386042 1.94949 2.0989
1522000 0.125376 0.042736 1.99761 2.16572
1524000 0.128078 0.0387465 1.91978 2.08661
1526000 0.124279 0.0479218 1.9135 2.0857
1528000 0.139847 0.041833 1.93341 2.11509
1530000 0.128816 0.0388249 2.27853 2.44617
1532000 0.134525 0.0413871 2.36652 2.54244
1534000 0.14607 0.0427896 2.82443 3.01328
1536000 0.142344 0.0383841 2.65316 2.83389
1538000 0.15636 0.0386763 2.70316 2.8982
1540000 0.169625 0.0392011 2.84817 3.05699
1542000 0.193724 0.0413296 3.41758 3.65264
1544000 0.179015 0.0406698 3.20142 3.4211
1546000 0.148165 0.043796 2.97407 3.16603
1548000 0.194212 0.0407541 3.33447 3.56944
1550000 0.189753 0.0462077 3.83579 4.07175
1552000 0.177451 0.0378772 3.1853 3.40063
1554000 0.169724 0.0417721 2.90636 3.11785
1556000 0.169014 0.0379169 2.90598 3.11291
1558000 0.166227 0.0387726 3.29795 3.50295
1560000 0.191184 0.0404592 3.62972 3.86136
1562000 0.171591 0.0372713 3.00944 3.21831
1564000 0.154897 0.0431938 2.45786 2.65595
1566000 0.156921 0.0419113 2.74942 2.94825
1568000 0.139461 0.0362975 2.45395 2.6297
1570000 0.146482 0.0353053 2.45331 2.6351
1572000 0.140501 0.0431078 2.14608 2.32969
1574000 0.13074 0.0347932 2.25811 2.42364
1576000 0.14552 0.0456687 2.20679 2.39798
1578000 0.138691 0.0415225 1.95523 2.13544
1580000 0.0927712 0.0434255 1.42417 1.56037
1582000 0.111245 0.0407262 1.41514 1.56711
1584000 0.0956946 0.0395539 1.17039 1.30563
1586000 0.112764 0.0449948 1.56543 1.72319
1588000 0.105689 0.0416359 1.59334 1.74067
1590000 0.124765 0.0410878 1.99926 2.16511
1592000 0.118071 0.0382522 2.01646 2.17278
1594000 0.0894026 0.0515061 1.41013 1.55104
1596000 0.0745959 0.0372932 0.894739 1.00663
1598000 0.109559 0.036122 1.12417 1.26985
1600000 0.0833061 0.0388989 1.12579 1.248
1602000 0.0964459 0.0409416 1.18557 1.32296
1604000 0.0743153 0.0398038 0.996095 1.11021
1606000 0.0947252 0.0383041 1.10223 1.23526
1608000 0.0828954 0.0345167 1.10226 1.21968
1610000 0.0937855 0.0420551 1.07168 1.20752
1612000 0.121222 0.0431948 1.46043 1.62484
1614000 0.0990979 0.0390576 1.45195 1.5901
1616000 0.0979824 0.0415915 1.29376 1.43333
1618000 0.100457 0.0425765 1.47635 1.61938
1620000 0.135973 0.0451545 1.95373 2.13486
1622000 0.122821 0.0390304 2.13772 2.29957
1624000 0.144775 0.044456 2.71167 2.9009
1626000 0.159258 0.0408369 3.29213 3.49222
1628000 0.166505 0.0373047 2.99153 3.19534
1630000 0.139862 0.0372686 2.63344 2.81057
1632000 0.14879 0.0390936 2.54825 2.73613
1634000 0.122099 0.0358508 2.43676 2.59471
1636000 0.12828 0.0373177 2.35028 2.51587
1638000 0.141324 0.0391704 2.47456 2.65506
1640000 0.168388 0.0417577 3.19008 3.40023
1642000 0.171422 0.0398555 3.09609 3.30737
1644000 0.168889 0.0419194 3.18956 3.40037
1646000 0.203874 0.0369825 3.53285 3.77371
1648000 0.203856 0.038392 3.93738 4.17963
1650000 0.193557 0.0411947 3.51215 3.7469
1652000 0.207787 0.039415 3.65358 3.90078
1654000 0.1797 0.0419173 3.63747 3.85909
1656000 0.175456 0.0428485 3.49542 3.71372
1658000 0.160823 0.0397916 3.19743 3.39805
1660000 0.176019 0.0386849 3.10177 3.31647
1662000 0.187514 0.0396369 3.13065 3.3578
1664000 0.192715 0.0438036 3.44834 3.68486
1666000 0.180107 0.0489261 3.71002 3.93905
1668000 0.168836 0.0379546 3.0269 3.23369
1670000 0.18327 0.0383348 3.03926 3.26087
1672000 0.131569 0.0385159 2.41962 2.5897
1674000 0.126828 0.0398907 1.91637 2.08308
1676000 0.117564 0.0422184 1.90538 2.06517
1678000 0.12584 0.0397284 1.81738 1.98295
1680000 0.113579 0.0439852 1.8489 2.00647
1682000 0.0932181 0.0432025 1.27386 1.41028
1684000 0.0969147 0.0451614 1.33829 1.48037
1686000 0.0849351 0.0373647 0.984945 1.10725
1688000 0.0675756 0.0390214 0.587883 0.69448
1690000 0.0762423 0.0358723 0.847672 0.959786
1692000 0.0642141 0.0366809 0.876171 0.977066
1694000 0.0730054 0.0344361 0.660458 0.767899
1696000 0.0617145 0.0385582 0.470596 0.570869
1698000 0.0531933 0.0411997 0.464698 0.559091
1700000 0.073359 0.0398491 0.591108 0.704316
1702000 0.0525073 0.0408158 0.397295 0.490618
1704000 0.0585762 0.0427349 0.304856 0.406167
1706000 0.0491655 0.0470783 0.20991 0.306154
1708000 0.0507412 0.0417966 0.219493 0.31203
1710000 0.0472885 0.0470626 0.144506 0.238857
1712000 0.0366216 0.0373325 0.088863 0.162817
1714000 0.0472041 0.0389549 0.158104 0.244263
1716000 0.0498051 0.0401486 0.101258 0.191212
1718000 0.0374651 0.0419315 0.0478855 0.127282
1720000 0.0478701 0.0355865 0.113822 0.197279
1722000 0.0356594 0.0382736 0.0685997 0.142533
1724000 0.0525726 0.045934 0.16993 0.268437
1726000 0.0468204 0.0384206 0.234797 0.320038
1728000 0.0513796 0.0471894 0.218131 0.3167
1730000 0.0392128 0.0351498 0.0618638 0.136226
1732000 0.034101 0.0371995 0.042776 0.114077
1734000 0.040662 0.0414939 0.148841 0.230997
1736000 0.0493641 0.0420867 0.191891 0.283342
1738000 0.0519633 0.0472261 0.284348 0.383538
1740000 0.0630372 0.0377512 0.525166 0.625954
1742000 0.0579531 0.0492479 0.448225 0.555426
1744000 0.0527739 0.038309 0.544644 0.635727
1746000 0.0588951 0.0406192 0.684572 0.784087
1748000 0.0581366 0.0434301 0.630736 0.732303
1750000 0.0692477 0.0350302 0.879889 0.984167
1752000 0.0729365 0.0368926 0.871021 0.98085
1754000 0.0779854 0.0373677 1.095 1.21035
1756000 0.0915887 0.0410959 1.24096 1.37365
1758000 0.102433 0.042192 1.54353 1.68815
1760000 0.105935 0.0432721 1.71913 1.86833
1762000 0.139699 0.0425645 1.9619 2.14416
1764000 0.101424 0.0465345 1.68967 1.83763
1766000 0.12741 0.0382487 1.69717 1.86283
1768000 0.115511 0.041694 1.44121 1.59842
1770000 0.095403 0.048615 1.41593 1.55995
1772000 0.118274 0.040916 1.50612 1.66531
1774000 0.083425 0.041658 1.13845 1.26353
1776000 0.0818703 0.0347048 0.947865 1.06444
1778000 0.0835828 0.0385025 0.859313 0.981398
1780000 0.0846273 0.0418578 0.942055 1.06854
1782000 0.0878828 0.0437327 0.945587 1.0772
1784000 0.0856569 0.0348217 0.823371 0.94385
1786000 0.0759232 0.0438371 0.569686 0.689446
1788000 0.0844335 0.039875 0.645322 0.76963
1790000 0.0785571 0.0351324 0.731005 0.844694
1792000 0.100796 0.0370851 1.09685 1.23473
1794000 0.0838324 0.037041 1.02175 1.14262
1796000 0.0830263 0.0421693 0.98597 1.11117
1798000 0.077848 0.0401037 0.931281 1.04923
1800000 0.0757954 0.0406681 0.854445 0.970908
1802000 0.078545 0.0434446 1.09633 1.21832
1804000 0.128135 0.0445468 1.73692 1.9096
1806000 0.0883302 0.0418776 1.34317 1.47338
1808000 0.113474 0.0472579 1.59565 1.75639
1810000 0.130399 0.0472244 1.8216 1.99922
1812000 0.139942 0.0373215 2.02817 2.20543
1814000 0.133248 0.03495 2.05146 2.21965
1816000 0.121133 0.0398492 1.96227 2.12326
1818000 0.139702 0.0426083 2.21266 2.39497
1820000 0.105754 0.0436056 1.4865 1.63586
1822000 0.10309 0.0398726 1.25896 1.40192
1824000 0.0969231 0.0445429 1.30862 1.45008
1826000 0.0811758 0.0401444 0.98865 1.10997
1828000 0.11266 0.0418757 1.42153 1.57607
1830000 0.111149 0.0441831 1.65529 1.81062
1832000 0.0957588 0.0363795 1.08184 1.21398
1834000 0.072544 0.0421834 0.659464 0.774191
1836000 0.0532091 0.0446483 0.442904 0.540761
1838000 0.0616574 0.0377312 0.495812 0.5952
1840000 0.0465404 0.045011 0.184721 0.276273
1842000 0.0362701 0.0373856 0.0627715 0.136427
1844000 0.0363329 0.0384783 0.0676807 0.142492
1846000 0.0391744 0.0429763 0.0801565 0.162307
1848000 0.0391362 0.0387239 0.0424785 0.120339
1850000 0.0389817 0.0399139 0.0586478 0.137543
1852000 0.0363186 0.0435114 0.0462853 0.126115
1854000 0.0416531 0.0399351 0.0555524 0.137141
1856000 0.0369021 0.0378047 0.0482458 0.122953
1858000 0.0436738 0.0413464 0.0621012 0.147121
1860000 0.0325108 0.0374273 0.0485392 0.118477
1862000 0.037927 0.0362464 0.0478342 0.122008
1864000 0.0395963 0.0359443 0.0951175 0.170658
1866000 0.0410085 0.0369204 0.131412 0.20934
1868000 0.0431509 0.046621 0.202539 0.292311
1870000 0.0541888 0.0481372 0.233902 0.336228
1872000 0.0431789 0.0429459 0.195194 0.281319
1874000 0.0387407 0.037235 0.086282 0.162258
1876000 0.0397809 0.0385389 0.10734 0.18566
1878000 0.0375444 0.0358425 0.068682 0.142069
1880000 0.0403646 0.0474915 0.11229 0.200146
1882000 0.0571942 0.0413812 0.319384 0.417959
1884000 0.0498298 0.0486772 0.180031 0.278538
1886000 0.0408394 0.0403483 0.147711 0.228899
1888000 0.0429288 0.0441651 0.163937 0.251031
1890000 0.0420925 0.0447231 0.21623 0.303046
1892000 0.0507506 0.0476035 0.236114 0.334468
1894000 0.0460017 0.0411407 0.16562 0.252763
1896000 0.0418353 0.0417964 0.12055 0.204181
1898000 0.0434331 0.0430112 0.11207 0.198515
1900000 0.0486814 0.0532387 0.284027 0.385947
1902000 0.047384 0.0380541 0.180412 0.26585
1904000 0.0387156 0.0388669 0.0707266 0.148309
1906000 0.0336971 0.0393949 0.0503054 0.123397
1908000 0.0360854 0.0372415 0.0430336 0.11636
1910000 0.0426626 0.0444067 0.0878807 0.17495
1912000 0.0347319 0.0365899 0.0439985 0.11532
1914000 0.0356467 0.0379537 0.101967 0.175567
1916000 0.0429404 0.043532 0.252262 0.338735
1918000 0.0408071 0.0454542 0.229237 0.315499
1920000 0.0410787 0.0377423 0.240381 0.319201
1922000 0.0499516 0.0463029 0.39108 0.487334
1924000 0.049552 0.0444607 0.345776 0.439789
1926000 0.0512032 0.0417653 0.347125 0.440094
1928000 0.044987 0.0466656 0.251866 0.343518
1930000 0.0447864 0.0523439 0.229757 0.326887
1932000 0.0524613 0.0419196 0.462715 0.557096
1934000 0.0591521 0.0399059 0.599572 0.69863
1936000 0.0534275 0.0388697 0.529085 0.621383
1938000 0.0553508 0.0423867 0.435098 0.532836
1940000 0.0468339 0.0457879 0.259493 0.352115
1942000 0.0375111 0.0366356 0.155523 0.22967
1944000 0.0336101 0.0357113 0.0855706 0.154892
1946000 0.0355931 0.038656 0.0690633 0.143312
1948000 0.0364832 0.035899 0.0808157 0.153198
1950000 0.0395138 0.0449974 0.172725 0.257237
1952000 0.034833 0.0356309 0.0735648 0.144029
1954000 0.0380867 0.0399628 0.0441053 0.122155
1956000 0.0381816 0.0360986 0.0516618 0.125942
1958000 0.0372288 0.0415978 0.0572167 0.136043
1960000 0.0417739 0.0402148 0.0755574 0.157546
1962000 0.0472001 0.0428767 0.18704 0.277116
1964000 0.0404214 0.0433234 0.104836 0.188581
1966000 0.0407893 0.0414059 0.148174 0.230369
1968000 0.0421781 0.036008 0.0930739 0.17126
1970000 0.0568832 0.047282 0.259585 0.36375
1972000 0.0569852 0.0359041 0.410736 0.503625
1974000 0.0618487 0.0390596 0.438813 0.539721
1976000 0.0624256 0.0404011 0.429789 0.532616
1978000 0.0499585 0.0434678 0.258564 0.351991
1980000 0.0482023 0.0430296 0.270399 0.361631
1982000 0.04413 0.0431219 0.186189 0.273441
1984000 0.0492173 0.0448424 0.177436 0.271496
1986000 0.0518672 0.0448715 0.259521 0.35626
1988000 0.0536171 0.0526885 0.315517 0.421822
1990000 0.0593521 0.0418639 0.387324 0.48854
1992000 0.0529048 0.040183 0.372602 0.465689
1994000 0.0595698 0.0418015 0.453219 0.55459
1996000 0.0706621 0.0380354 0.624068 0.732766
1998000 0.0717482 0.0395581 0.573339 0.684645
2000000 0.0679372 0.0431129 0.501624 0.612674
