# Time-averaged data for fix savemsd
# TimeStep c_msd[1] c_msd[2] c_msd[3] c_msd[4]
0 1.08523e-29 4.08309e-30 3.10431e-32 1.49664e-29
2000 3.02189 2.8015 3.09815 8.92154
4000 6.40399 5.73196 5.92078 18.0567
6000 10.1732 8.92353 8.87442 27.9711
8000 12.7273 11.6989 12.2922 36.7183
10000 16.5263 14.9583 14.8744 46.3591
12000 20.3264 18.5946 18.1616 57.0827
14000 22.8769 21.8643 21.4294 66.1705
16000 26.5742 24.0829 24.3947 75.0518
18000 29.8926 27.1104 28.076 85.0791
20000 32.9889 30.973 31.0923 95.0542
22000 36.0912 33.118 35.2212 104.43
24000 38.9557 35.6519 38.0494 112.657
26000 41.3859 38.7175 40.6295 120.733
28000 44.3564 41.5564 43.2917 129.205
30000 46.9748 44.2862 46.4695 137.731
32000 49.5649 46.2794 50.5259 146.37
34000 52.6997 49.0463 52.734 154.48
36000 53.9861 50.7806 56.3771 161.144
38000 57.2155 54.1097 59.0249 170.35
40000 59.2389 56.6023 61.7793 177.62
42000 62.0375 60.5882 65.4387 188.064
44000 66.4151 63.7494 68.2994 198.464
46000 70.3302 66.996 72.2816 209.608
48000 73.9937 69.273 75.1603 218.427
50000 77.7519 71.6853 78.3545 227.792
52000 80.8625 74.757 81.4298 237.049
54000 84.4108 79.0041 84.9569 248.372
56000 87.3058 82.9754 88.4895 258.771
58000 89.2289 85.6975 93.1791 268.106
60000 92.8102 89.4652 96.29 278.565
62000 96.6875 93.1357 99.0162 288.839
64000 99.5492 95.8906 102.256 297.696
66000 102.683 97.8149 104.564 305.062
68000 106.401 101.034 107.747 315.182
70000 109.806 102.404 109.423 321.633
72000 111.526 105.798 112.711 330.036
74000 116.747 109.464 115.28 341.49
76000 120.292 111.344 117.851 349.488
78000 122.762 115.239 121.023 359.024
80000 126.11 116.539 123.734 366.383
82000 131.137 118.267 126.537 375.941
84000 134.648 119.225 129.751 383.624
86000 138.842 121.155 132.577 392.574
88000 144.368 125.014 136.519 405.901
90000 147.598 126.621 139.137 413.357
92000 151.013 129.946 141.772 422.732
94000 152.122 130.636 142.884 425.642
96000 154.813 133.002 145.98 433.795
98000 157.785 136.026 151.077 444.888
100000 159.598 139.656 153.839 453.094
102000 161.796 141.224 157.741 460.761
104000 163.645 145.022 161.955 470.622
106000 167.384 146.397 163.615 477.397
108000 170.668 148.029 166.698 485.396
110000 174.233 150.005 169.931 494.169
112000 176.499 155.023 172.698 504.22
114000 179.118 159.002 177.039 515.159
116000 181.45 163.648 177.828 522.926
118000 184.054 166.984 181.311 532.349
120000 189.276 169.464 183.81 542.55
122000 192.778 173.539 187.259 553.576
124000 195.57 174.874 189.403 559.847
126000 199.118 178.715 192.506 570.34
128000 202.291 182.652 196.124 581.067
130000 205.623 184.789 199.89 590.303
132000 208.943 187.176 203.849 599.969
134000 212.077 190.269 207.901 610.247
136000 214.599 192.05 211.2 617.849
138000 216.324 194.532 215.906 626.762
140000 222.425 196.342 218.1 636.867
142000 225.744 198.65 221.09 645.484
144000 231.195 200.451 225.182 656.828
146000 234.824 205.217 227.962 668.002
148000 238.06 207.18 229.926 675.166
150000 239.154 206.45 231.489 677.093
152000 239.419 208.877 232.262 680.558
154000 243.494 212.397 233.522 689.413
156000 244.596 214.727 237.225 696.549
158000 250.287 218.491 243.471 712.249
160000 254.69 222.828 245.884 723.402
162000 257.936 224.805 248.135 730.875
164000 260.154 228.55 251.796 740.5
166000 264.285 228.258 256.054 748.598
168000 266.696 230.696 260.268 757.66
170000 272.134 234.489 262.767 769.389
172000 274.553 239.172 264.836 778.561
174000 277.356 240.386 271.259 789.001
176000 282.902 243.573 274.225 800.7
178000 285.254 248.024 274.809 808.087
180000 287.564 250.863 277.466 815.893
182000 289.803 254.285 280.933 825.021
184000 290.539 255.687 284.341 830.567
186000 295.435 257.404 285.053 837.892
188000 297.091 261.022 287.024 845.137
190000 303.769 263.244 289.38 856.393
192000 306.999 265.745 292.111 864.855
194000 310.218 270.566 295.057 875.84
196000 310.658 275.837 296.639 883.133
198000 313.297 277.66 301.32 892.277
200000 315.769 281.523 302.374 899.665
202000 318.773 281.659 308.352 908.784
204000 322.528 282.649 310.487 915.664
206000 322.967 282.428 313.296 918.691
208000 326.709 283.61 317.418 927.736
210000 329.413 286.915 321.205 937.532
212000 332.413 288.859 323.873 945.145
214000 337.28 292.24 325.531 955.051
216000 341.7 294.953 330.012 966.664
218000 347.365 299.32 335.153 981.839
220000 351.111 303.84 339.867 994.818
222000 353.142 307.105 345.407 1005.65
224000 356.679 307.693 350.148 1014.52
226000 359.365 310.065 353.696 1023.13
228000 362.571 312.032 356.19 1030.79
230000 365.5 316.635 357.27 1039.4
232000 367.932 321.541 360.786 1050.26
234000 370.159 323.948 364.955 1059.06
236000 373.909 326.107 367.596 1067.61
238000 374.223 329.141 373.937 1077.3
240000 373.699 331.953 374.556 1080.21
242000 379.488 335.534 373.926 1088.95
244000 382.537 337.444 378.589 1098.57
246000 382.854 340.188 384.227 1107.27
248000 388.858 342.277 389.657 1120.79
250000 391.649 343.986 393.763 1129.4
252000 394.311 346.172 398.663 1139.15
254000 398.537 350.143 400.361 1149.04
256000 402.738 351.424 403.415 1157.58
258000 410.184 352.91 409.091 1172.18
260000 411.898 355.922 410.573 1178.39
262000 417.589 361.71 414.511 1193.81
264000 421.589 364.962 414.799 1201.35
266000 424.098 366.061 417.085 1207.24
268000 425.628 365.833 422.056 1213.52
270000 427.55 366.203 422.611 1216.37
272000 428.293 369.103 422.897 1220.29
274000 434.52 372.039 430.493 1237.05
276000 437.389 373.666 431.501 1242.56
278000 442.865 376.199 435.709 1254.77
280000 444.286 380.227 437.781 1262.29
282000 447.531 382.909 442.125 1272.56
284000 450.052 386.842 443.287 1280.18
286000 450.124 391.884 444.565 1286.57
288000 455.218 396.601 445.729 1297.55
290000 461.095 400.094 447.578 1308.77
292000 465.052 402.341 454.377 1321.77
294000 469.425 402.701 461.828 1333.95
296000 473.277 405.323 468.5 1347.1
298000 477.189 409.171 472.757 1359.12
300000 480.716 409.107 475.129 1364.95
302000 483.805 410.722 479.011 1373.54
304000 486.114 416.673 483.042 1385.83
306000 487.063 420.568 487.803 1395.43
308000 491.498 424.916 490.145 1406.56
310000 493.896 425.862 490.527 1410.28
312000 498.708 430.194 494.229 1423.13
314000 501.952 431.903 495.731 1429.59
316000 506.824 434.693 501.048 1442.57
318000 513.186 438.299 504.449 1455.93
320000 514.284 441.606 508.055 1463.95
322000 518.001 444.72 513.773 1476.49
324000 518.505 446.578 510.982 1476.07
326000 521.919 449.549 513.41 1484.88
328000 524.548 450.854 515.916 1491.32
330000 525.021 452.269 522.52 1499.81
332000 526.003 454.855 526.141 1507
334000 527.106 458.109 526.559 1511.77
336000 533.094 463.612 526.357 1523.06
338000 537.62 465.923 526.156 1529.7
340000 542.437 467.592 527.917 1537.95
342000 543.496 469.69 530.196 1543.38
344000 546.208 472.371 534.77 1553.35
346000 548.351 474.682 534.471 1557.5
348000 550.03 475.391 538.246 1563.67
350000 554.252 478.829 542.613 1575.69
352000 557.801 479.401 548.557 1585.76
354000 558.999 482.727 554.215 1595.94
356000 562.294 482.043 561.346 1605.68
358000 564.034 486.004 562.732 1612.77
360000 565.502 485.336 565.126 1615.96
362000 565.642 485.217 565.59 1616.45
364000 569.521 490.646 568.629 1628.8
366000 569.986 491.88 573.114 1634.98
368000 572.903 492.588 574.247 1639.74
370000 578.056 493.643 574.765 1646.46
372000 582.707 496.581 579.009 1658.3
374000 586.023 499.769 582.473 1668.27
376000 589.392 501.69 583.478 1674.56
378000 591.185 503.28 584.418 1678.88
380000 594.383 505.911 587.276 1687.57
382000 595.03 506.075 589.105 1690.21
384000 593.627 510.632 595.085 1699.34
386000 598.97 511.916 598.667 1709.55
388000 600.473 511.548 599.847 1711.87
390000 602.341 513.903 605.842 1722.09
392000 604.275 518.68 613.716 1736.67
394000 606.471 520.609 613.303 1740.38
396000 610.024 524.68 617.062 1751.77
398000 614.671 527.921 622.544 1765.14
400000 615.013 530.686 622.755 1768.45
402000 618.476 535.333 623.908 1777.72
404000 620.359 539.578 626.58 1786.52
406000 624.675 540.867 629.264 1794.81
408000 628.421 543.068 631.468 1802.96
410000 631.825 544.821 637.987 1814.63
412000 636.625 544.837 639.905 1821.37
414000 637.266 547.97 643.849 1829.08
416000 639.288 550.741 645.725 1835.75
418000 645.266 552.125 651.392 1848.78
420000 651.046 555.529 653.559 1860.13
422000 653.887 560.62 660.482 1874.99
424000 655.487 561.327 664.064 1880.88
426000 659.515 563.313 665.524 1888.35
428000 663.392 565.833 666.305 1895.53
430000 663.93 564.434 667.891 1896.25
432000 670.607 570.335 670.126 1911.07
434000 676.356 570.982 672.42 1919.76
436000 682.646 575.584 677.575 1935.8
438000 683.046 579.7 681.263 1944.01
440000 687.866 578.124 683.302 1949.29
442000 689.274 576.669 686.459 1952.4
444000 696.235 582.202 690.323 1968.76
446000 698.898 581.177 694.602 1974.68
448000 705.713 585.598 697.978 1989.29
450000 707.647 592.596 699.431 1999.67
452000 708.153 598.644 699.362 2006.16
454000 712.056 603.047 703.725 2018.83
456000 716.52 604.441 707.914 2028.87
458000 717.274 604.131 711.289 2032.69
460000 722.115 611.781 715.478 2049.37
462000 725.475 619.056 718.275 2062.81
464000 728.863 620.222 724.662 2073.75
466000 734.491 624.032 730.688 2089.21
468000 733.094 622.009 733.935 2089.04
470000 734.73 628.094 736.458 2099.28
472000 740.194 633.081 737.432 2110.71
474000 742 638.541 744.663 2125.2
476000 743.317 637.387 751.6 2132.3
478000 745.658 635.461 755.912 2137.03
480000 747.359 639.854 755.121 2142.33
482000 751.514 644.055 759.138 2154.71
484000 750.332 644.177 758.113 2152.62
486000 753.495 650.125 764.337 2167.96
488000 753.334 656.785 766.428 2176.55
490000 754.603 661.117 766.54 2182.26
492000 759.183 662.477 772.805 2194.46
494000 761.354 664.484 774.556 2200.39
496000 762.006 669.924 775.609 2207.54
498000 764.656 670.725 778.628 2214.01
500000 767.35 674.847 782.614 2224.81
502000 771.88 681.95 787.896 2241.73
504000 774.19 684.581 792.052 2250.82
506000 776.354 685.04 796.676 2258.07
508000 774.427 689.458 801.428 2265.31
510000 774.482 691.198 802.977 2268.66
512000 778.753 694.909 808.675 2282.34
514000 780.916 697.67 809.65 2288.24
516000 779.105 700.464 815.274 2294.84
518000 784.435 700.936 817.366 2302.74
520000 792.14 704.84 818.489 2315.47
522000 796.303 705.505 819.152 2320.96
524000 800.176 706.405 824.567 2331.15
526000 803.639 709.128 823.011 2335.78
528000 807.839 713.158 825.752 2346.75
530000 808.465 716.189 829.523 2354.18
532000 810.615 716.496 833.667 2360.78
534000 812.987 721.512 837.76 2372.26
536000 813.611 724.113 842.337 2380.06
538000 814.776 724.464 843.177 2382.42
540000 817.529 729.867 841.202 2388.6
542000 821.247 734.12 846.145 2401.51
544000 825.457 735.808 848.61 2409.88
546000 828.894 735.536 852.392 2416.82
548000 831.009 737.373 852.66 2421.04
550000 828.417 743.552 853.789 2425.76
552000 835.211 746.681 855.908 2437.8
554000 835.757 749.267 854.99 2440.01
556000 834.687 752.769 861.232 2448.69
558000 842.198 757.408 861.446 2461.05
560000 846.011 759.135 867.255 2472.4
562000 846.153 765.3 871.885 2483.34
564000 847.463 771.102 873.063 2491.63
566000 852.097 773.298 873.407 2498.8
568000 851.712 777.466 876.255 2505.43
570000 855.823 783.042 879.73 2518.59
572000 857.527 781.314 880.518 2519.36
574000 861.14 784.568 883.219 2528.93
576000 863.706 787.475 885.143 2536.32
578000 864.163 788.543 886.587 2539.29
580000 868.527 791.298 891.508 2551.33
582000 873.914 794.281 897.4 2565.59
584000 877.128 791.841 902.53 2571.5
586000 876.996 796.222 904.378 2577.6
588000 879.72 800.172 905.891 2585.78
590000 880.54 801.069 912.601 2594.21
592000 884.119 799.651 916.226 2600
594000 886.232 801.708 916.502 2604.44
596000 886.152 803.968 920.926 2611.05
598000 892.403 803.25 922.942 2618.6
600000 893.744 806.828 922.081 2622.65
602000 898.745 814.346 923.951 2637.04
604000 900.512 814.516 925.662 2640.69
606000 904.016 822.11 927.046 2653.17
608000 909.903 822.825 933.477 2666.2
610000 913.764 826.263 939.249 2679.28
612000 920.496 833.143 936.137 2689.78
614000 924.868 839.529 941.854 2706.25
616000 926.682 842.085 942.793 2711.56
618000 928.796 847.368 945.393 2721.56
620000 930.634 851.019 946.718 2728.37
622000 934.633 857.303 950.655 2742.59
624000 936.111 860.685 948.83 2745.63
626000 938.97 863.258 952.81 2755.04
628000 943.992 865.998 954.971 2764.96
630000 947.099 870.082 959.057 2776.24
632000 952.311 875.511 960.555 2788.38
634000 955.009 878.219 963.796 2797.02
636000 955.289 882.933 961.816 2800.04
638000 957.303 889.299 964.462 2811.06
640000 961.439 889.169 968.51 2819.12
642000 959.87 894.34 968.862 2823.07
644000 961.07 894.223 976.824 2832.12
646000 964.225 901.83 979.803 2845.86
648000 968.336 902.1 976.337 2846.77
650000 974.837 906.415 976.303 2857.56
652000 977.922 906.578 981.919 2866.42
654000 980.864 908.239 983.144 2872.25
656000 980.268 909.02 984.758 2874.05
658000 983.825 911.083 987.598 2882.51
660000 984.626 912.536 989.926 2887.09
662000 985.881 920.213 990.612 2896.71
664000 987.501 924.348 993.052 2904.9
666000 989.023 925.183 997.093 2911.3
668000 994.473 926.567 999.105 2920.15
670000 999.81 930.485 1005.23 2935.53
672000 1008.64 931.185 1008.37 2948.19
674000 1009.3 934.526 1010.23 2954.05
676000 1009.19 933.238 1010.59 2953.02
678000 1013.47 937.749 1015.36 2966.58
680000 1013.94 943.603 1012.35 2969.89
682000 1015.79 946.359 1020.02 2982.17
684000 1021.24 948.345 1020.88 2990.46
686000 1021.97 950.043 1022.75 2994.76
688000 1022.87 951.918 1025.69 3000.47
690000 1027.05 955.133 1028.38 3010.56
692000 1028.82 962.356 1034.07 3025.25
694000 1030.55 964.862 1031.88 3027.28
696000 1031.18 968.347 1034.34 3033.87
698000 1033.82 975.043 1035 3043.86
700000 1034.42 977.678 1039.18 3051.29
702000 1036.53 982.274 1040.53 3059.33
704000 1038.18 986.856 1046.69 3071.73
706000 1045.48 989.209 1044.38 3079.07
708000 1046.97 992.76 1051.01 3090.74
710000 1049.14 991.983 1058.14 3099.27
712000 1052.43 994.847 1065.63 3112.91
714000 1055.19 998.9 1070.17 3124.26
716000 1061.97 1002.69 1075.11 3139.76
718000 1067.85 1003.32 1083.01 3154.19
720000 1070.72 1003.12 1089.78 3163.61
722000 1078.65 1001.73 1090.01 3170.4
724000 1084.85 1003.45 1091.97 3180.28
726000 1089.8 1006.72 1090.68 3187.2
728000 1091.13 1004.71 1096.47 3192.31
730000 1092.81 1005.13 1101.35 3199.29
732000 1096.73 1008.07 1107.69 3212.49
734000 1100.31 1009.73 1111.88 3221.92
736000 1099.81 1007.35 1118.48 3225.64
738000 1103.65 1007.82 1125.62 3237.09
740000 1104.72 1009.21 1132.44 3246.37
742000 1108.57 1015.88 1134.45 3258.9
744000 1110.39 1013.18 1139.71 3263.28
746000 1113.76 1019.13 1142.9 3275.8
748000 1118 1022.36 1147.56 3287.91
750000 1120.07 1026.65 1145.53 3292.26
752000 1126.72 1028.86 1147.73 3303.31
754000 1127.42 1034.99 1149.4 3311.81
756000 1132.88 1039.78 1152.68 3325.34
758000 1141.39 1046.69 1155.63 3343.71
760000 1141.63 1049.17 1157.33 3348.13
762000 1140.33 1058.66 1170.01 3368.99
764000 1142.51 1060.59 1170.27 3373.37
766000 1143.7 1063.27 1168.33 3375.3
768000 1143.32 1069.43 1171.49 3384.25
770000 1143.81 1071.02 1177.02 3391.85
772000 1145.88 1073.02 1176.8 3395.7
774000 1148.48 1078.19 1176.89 3403.55
776000 1148.6 1083.49 1181.02 3413.12
778000 1150.15 1087.22 1186.49 3423.86
780000 1153.36 1088.1 1187.65 3429.11
782000 1154.87 1093.22 1192.86 3440.94
784000 1154.07 1094.69 1195.42 3444.19
786000 1151.95 1102.35 1192.84 3447.14
788000 1154.26 1103.72 1196.97 3454.95
790000 1156.62 1108.66 1206.49 3471.78
792000 1160.38 1108.77 1208.1 3477.25
794000 1161.41 1115.38 1212.87 3489.67
796000 1159.76 1115.36 1212.5 3487.62
798000 1161.36 1122.2 1215.86 3499.42
800000 1162.01 1124 1216.65 3502.65
802000 1165.25 1126.42 1217.29 3508.96
804000 1170.91 1128.76 1217.54 3517.22
806000 1177.16 1136.77 1222.74 3536.66
808000 1181.24 1142.02 1220.11 3543.37
810000 1180.85 1142.41 1224.85 3548.11
812000 1184.26 1146.6 1228 3558.85
814000 1184.42 1145.97 1233.95 3564.34
816000 1186.74 1146.42 1242.55 3575.72
818000 1196.33 1148.48 1248.95 3593.75
820000 1198.08 1150.43 1255.8 3604.31
822000 1201.09 1150.47 1260.39 3611.95
824000 1204.33 1149.47 1263.41 3617.22
826000 1212.87 1150.22 1261.29 3624.39
828000 1219.62 1149.73 1262.6 3631.95
830000 1226.97 1155.23 1263.22 3645.43
832000 1230.77 1157.84 1258.67 3647.28
834000 1236.77 1157.63 1261.05 3655.46
836000 1240.09 1169.05 1263.41 3672.55
838000 1248.18 1172.17 1269.22 3689.57
840000 1247.15 1176.09 1272.81 3696.05
842000 1254.85 1178.37 1276.24 3709.47
844000 1257.62 1183.33 1280.76 3721.71
846000 1261.55 1187.92 1279.15 3728.62
848000 1261.52 1189.06 1280.59 3731.17
850000 1267.17 1193.24 1282.21 3742.62
852000 1273.9 1196.59 1284.86 3755.34
854000 1277.71 1198.74 1287.93 3764.38
856000 1279.04 1205.57 1284.39 3769
858000 1282.73 1205.87 1292.31 3780.91
860000 1290.42 1207.35 1298.24 3796.01
862000 1290.15 1214.26 1300.53 3804.94
864000 1296.79 1217.8 1301.44 3816.03
866000 1299.69 1220.5 1307.01 3827.2
868000 1304.21 1223.64 1308.3 3836.14
870000 1308.41 1222.18 1313.76 3844.34
872000 1313.19 1221.63 1319.48 3854.3
874000 1312.08 1222.24 1319.55 3853.87
876000 1311.66 1224.52 1318.13 3854.31
878000 1317.24 1223.18 1322.14 3862.56
880000 1321.83 1229.44 1327.34 3878.62
882000 1322.56 1231.78 1326.21 3880.55
884000 1328.27 1231.71 1331.44 3891.42
886000 1326.27 1237.29 1334.49 3898.05
888000 1335.03 1238.74 1338.88 3912.65
890000 1334.33 1243.56 1341.69 3919.58
892000 1337.85 1246.33 1343.68 3927.86
894000 1337.49 1244.6 1345.08 3927.18
896000 1345.78 1243.45 1345.88 3935.11
898000 1351.08 1245.07 1349.5 3945.65
900000 1354.24 1250.17 1357.04 3961.45
902000 1360.59 1255.26 1362.22 3978.07
904000 1362.61 1258.99 1367.64 3989.24
906000 1364.48 1263.3 1373.12 4000.9
908000 1363.63 1266.44 1380.35 4010.43
910000 1370.92 1274.25 1378.85 4024.02
912000 1371.8 1278.05 1382.95 4032.8
914000 1375.84 1283.2 1382.51 4041.55
916000 1382.65 1286.26 1383.63 4052.53
918000 1391.29 1290.26 1383.03 4064.59
920000 1387.46 1294.62 1386.44 4068.51
922000 1395.4 1301.24 1385.44 4082.08
924000 1399.64 1301.81 1386.98 4088.43
926000 1403.82 1303.81 1390.58 4098.21
928000 1409.58 1307.1 1394 4110.67
930000 1412.03 1305.4 1400.15 4117.58
932000 1420.24 1315.98 1409.23 4145.45
934000 1422.61 1316.18 1411.22 4150.02
936000 1428.07 1318.98 1413.29 4160.34
938000 1434.75 1321.69 1412.11 4168.54
940000 1441.59 1321.96 1413.13 4176.68
942000 1442.39 1323.84 1420.2 4186.43
944000 1447.8 1326.71 1423.71 4198.22
946000 1453.95 1331.45 1428.98 4214.38
948000 1458.43 1333.55 1431.65 4223.63
950000 1461.88 1334.84 1431.09 4227.81
952000 1465.72 1338.41 1429.68 4233.81
954000 1468.89 1340.57 1433.52 4242.97
956000 1474.06 1343.74 1429.47 4247.27
958000 1477.06 1350.14 1433.93 4261.13
960000 1483.51 1352.24 1437 4272.75
962000 1483.74 1355.4 1442.43 4281.58
964000 1481.1 1358.05 1444.53 4283.68
966000 1483.4 1365.66 1445.9 4294.96
968000 1477.64 1371.83 1450.06 4299.54
970000 1477.71 1377.76 1457.6 4313.06
972000 1483.57 1379.13 1461.84 4324.54
974000 1480.47 1382.14 1462.26 4324.87
976000 1485.62 1380.57 1471.38 4337.57
978000 1489.74 1383.14 1468.54 4341.42
980000 1491.49 1389.3 1468.75 4349.54
982000 1492.87 1391.84 1477.06 4361.77
984000 1499.59 1394.1 1474.74 4368.43
986000 1504.24 1397.35 1482.92 4384.52
988000 1508.2 1402.71 1487.25 4398.16
990000 1510.31 1408.21 1495.4 4413.92
992000 1511.45 1413.07 1498.78 4423.3
994000 1516.02 1422.38 1501.27 4439.67
996000 1519.23 1418.98 1504.69 4442.9
998000 1527.56 1418.09 1505.88 4451.53
1000000 1536.91 1419.81 1510.57 4467.29
1002000 1540.08 1420.29 1516.23 4476.59
1004000 1543.16 1426.05 1522.28 4491.49
1006000 1544.91 1428.62 1526.22 4499.75
1008000 1547.69 1430.89 1532.33 4510.92
1010000 1552.94 1431.79 1529.88 4514.61
1012000 1556.83 1439.46 1531.44 4527.73
1014000 1556.64 1443.5 1531.62 4531.76
1016000 1556.87 1440.37 1536.16 4533.4
1018000 1563.74 1440.4 1539.26 4543.4
1020000 1566.95 1442.89 1548.33 4558.16
1022000 1570.16 1442.74 1545.01 4557.91
1024000 1568.92 1445.57 1543.12 4557.61
1026000 1577.06 1448.55 1548.72 4574.33
1028000 1579.49 1455.01 1546.55 4581.04
1030000 1590.14 1464.39 1544.19 4598.72
1032000 1597.35 1461.1 1543.66 4602.11
1034000 1603.06 1466.22 1547.44 4616.72
1036000 1605.83 1469.17 1542.96 4617.96
1038000 1606.69 1473.58 1546.91 4627.18
1040000 1610.58 1479.8 1549.62 4639.99
1042000 1611.86 1481.65 1558.67 4652.18
1044000 1612.25 1485.22 1561.66 4659.12
1046000 1614.55 1487.14 1563.5 4665.19
1048000 1615.26 1493.73 1564.17 4673.16
1050000 1616.11 1495.33 1571.1 4682.54
1052000 1619.08 1496.85 1573.35 4689.27
1054000 1621.21 1499.75 1571.12 4692.09
1056000 1618.51 1504.18 1566.12 4688.81
1058000 1615.92 1506.67 1570.02 4692.62
1060000 1620.23 1511.56 1576.16 4707.95
1062000 1624.62 1509.6 1581.15 4715.38
1064000 1625.89 1511.25 1596.86 4734
1066000 1630.14 1517.67 1601.29 4749.1
1068000 1630.75 1515.41 1605.19 4751.34
1070000 1627.33 1522.83 1611.05 4761.2
1072000 1630.17 1529.25 1612.55 4771.97
1074000 1633.39 1526.55 1617.42 4777.36
1076000 1634.4 1527.83 1618.24 4780.46
1078000 1639.44 1526.03 1625.57 4791.05
1080000 1639.16 1531.55 1631.16 4801.86
1082000 1645.12 1537.66 1633 4815.78
1084000 1651.82 1546 1636.24 4834.06
1086000 1654.03 1547.38 1636.41 4837.82
1088000 1657.09 1552.28 1634.23 4843.6
1090000 1660.59 1553.59 1632.84 4847.03
1092000 1662.49 1558.79 1641.04 4862.31
1094000 1666.51 1562.81 1640.13 4869.46
1096000 1664.4 1559.09 1647.63 4871.12
1098000 1671.82 1564.42 1655.35 4891.58
1100000 1675.58 1574.14 1654.59 4904.31
1102000 1681.48 1576.74 1659.11 4917.33
1104000 1681.87 1579.93 1651.05 4912.86
1106000 1679.99 1579.12 1653.43 4912.54
1108000 1678.36 1577.88 1656.25 4912.5
1110000 1679.31 1581.02 1660.64 4920.97
1112000 1681.09 1584.15 1666.56 4931.8
1114000 1681.01 1594.26 1673.93 4949.2
1116000 1679.81 1603.19 1676.84 4959.84
1118000 1673.14 1608.62 1684.18 4965.95
1120000 1676.43 1605.39 1688.94 4970.76
1122000 1685.54 1604.63 1686.79 4976.96
1124000 1684.27 1607.38 1690.24 4981.89
1126000 1688.89 1607.27 1690.26 4986.41
1128000 1692.74 1607.29 1693.64 4993.66
1130000 1699.41 1604.78 1699.6 5003.79
1132000 1700.56 1606.93 1704.45 5011.94
1134000 1698.5 1612.61 1704.32 5015.44
1136000 1700.06 1617.02 1716.6 5033.68
1138000 1703.02 1615.93 1722.32 5041.27
1140000 1709.74 1617 1726.5 5053.24
1142000 1713.6 1617.65 1734.09 5065.34
1144000 1714.92 1623.57 1734.01 5072.51
1146000 1716.46 1625.52 1738.19 5080.17
1148000 1720.5 1633.81 1740.11 5094.42
1150000 1719.77 1632.3 1738.62 5090.68
1152000 1719.26 1631.96 1745.03 5096.25
1154000 1720.01 1634.83 1754.01 5108.84
1156000 1724.51 1637.97 1756.46 5118.94
1158000 1733.3 1643.88 1758.36 5135.53
1160000 1740.86 1641.05 1761.11 5143.02
1162000 1739.67 1642.48 1761.16 5143.31
1164000 1736.42 1646.5 1765.78 5148.71
1166000 1741.38 1650.58 1768.76 5160.72
1168000 1746.14 1657.55 1769.29 5172.98
1170000 1750.18 1658.32 1774.79 5183.29
1172000 1748.94 1657.49 1776.87 5183.3
1174000 1751.02 1657.59 1775.54 5184.15
1176000 1751.25 1665.24 1777.33 5193.81
1178000 1755.27 1659.72 1786.41 5201.4
1180000 1754.57 1665.36 1787.58 5207.5
1182000 1757.44 1665.96 1791.24 5214.64
1184000 1765.06 1669.59 1792.97 5227.62
1186000 1771.42 1676.64 1793.5 5241.56
1188000 1776.82 1685.76 1799.34 5261.91
1190000 1773.56 1686.45 1795.23 5255.24
1192000 1776.2 1686.92 1793.57 5256.68
1194000 1774.27 1687.67 1795.52 5257.46
1196000 1773.03 1684.33 1796.94 5254.29
1198000 1777.54 1685.96 1800.76 5264.26
1200000 1783.9 1688.27 1803.5 5275.67
1202000 1788.79 1692.31 1805.8 5286.9
1204000 1790 1695.79 1809.28 5295.07
1206000 1796.63 1698.14 1822.98 5317.74
1208000 1797.32 1699.87 1824.04 5321.23
1210000 1792.04 1708.23 1828.44 5328.71
1212000 1797.04 1709.38 1825.82 5332.24
1214000 1797.29 1714.01 1826.1 5337.4
1216000 1797.65 1712.15 1822.57 5332.38
1218000 1802.92 1718.29 1827.56 5348.77
1220000 1800.64 1723.69 1832.72 5357.05
1222000 1808.89 1729.57 1836.09 5374.55
1224000 1810.02 1732.55 1849.41 5391.98
1226000 1816.87 1732.93 1854.1 5403.9
1228000 1821.47 1735.82 1867.19 5424.49
1230000 1822.64 1738.02 1873.15 5433.81
1232000 1822.1 1734.53 1881.4 5438.03
1234000 1819.07 1735.66 1880.92 5435.65
1236000 1823.62 1735.6 1884.99 5444.2
1238000 1830.13 1734.6 1885.64 5450.36
1240000 1831.94 1740.16 1890.25 5462.35
1242000 1837.3 1743.84 1896.4 5477.54
1244000 1834.55 1747.43 1891.36 5473.34
1246000 1845.52 1758.62 1895.05 5499.2
1248000 1846 1765.33 1903.7 5515.04
1250000 1855.16 1769.1 1901.1 5525.36
1252000 1852.65 1773.04 1899.53 5525.23
1254000 1855.8 1777.23 1908.75 5541.78
1256000 1854.17 1784.32 1913.14 5551.63
1258000 1864.95 1793.31 1907.53 5565.79
1260000 1859.88 1799.37 1910.95 5570.2
1262000 1860.15 1800.6 1910.11 5570.86
1264000 1862.64 1798.34 1912.37 5573.35
1266000 1868.64 1808.43 1921.15 5598.22
1268000 1867.28 1808.31 1923.16 5598.75
1270000 1872.07 1813.2 1926.49 5611.76
1272000 1874.23 1817.69 1932.75 5624.67
1274000 1881.77 1824.53 1935.17 5641.47
1276000 1883.06 1823.58 1940.21 5646.85
1278000 1878.79 1830.63 1937.01 5646.43
1280000 1880.89 1830.27 1943.98 5655.14
1282000 1885.08 1837.85 1948.38 5671.32
1284000 1888.37 1841.05 1954.99 5684.4
1286000 1892.3 1842.9 1961.36 5696.56
1288000 1891.83 1841.25 1969.07 5702.15
1290000 1903.65 1841.38 1980.22 5725.25
1292000 1902.48 1848.49 1982.78 5733.75
1294000 1903.69 1852.63 1989.18 5745.5
1296000 1911.13 1851.94 1990.33 5753.41
1298000 1910.67 1859.85 1984.85 5755.37
1300000 1908.74 1855.98 1988.95 5753.66
1302000 1912.45 1863.68 1985.17 5761.29
1304000 1914.42 1861.35 1986.6 5762.37
1306000 1915.99 1860.06 1993.38 5769.44
1308000 1916.18 1865.53 1997.67 5779.38
1310000 1921.7 1864.04 1993.08 5778.82
1312000 1931.06 1863.63 1993.75 5788.44
1314000 1932.66 1864.86 1998.09 5795.6
1316000 1930.42 1862.69 2001.34 5794.45
1318000 1931.98 1864.19 1999.13 5795.31
1320000 1932.6 1868.62 2000.82 5802.03
1322000 1931.16 1874.47 2003.15 5808.77
1324000 1938.19 1876.23 2009.63 5824.05
1326000 1944.14 1882.13 2010.14 5836.41
1328000 1949.88 1878.94 2014.15 5842.97
1330000 1954.15 1878.71 2024.2 5857.05
1332000 1955.14 1875.8 2023.6 5854.53
1334000 1958.6 1877.27 2026.74 5862.61
1336000 1964.03 1881.04 2026.67 5871.74
1338000 1960.05 1883.41 2028.25 5871.71
1340000 1960.85 1891.82 2036.39 5889.06
1342000 1963.91 1896.08 2042.13 5902.12
1344000 1967.94 1900.69 2044.46 5913.09
1346000 1976.5 1904.92 2054.13 5935.54
1348000 1983.78 1907.15 2054.56 5945.49
1350000 1986.47 1904.18 2066.99 5957.63
1352000 1989.05 1912.89 2070.09 5972.04
1354000 1995.68 1914.53 2079.36 5989.56
1356000 2002.59 1918.42 2082.75 6003.76
1358000 2005.35 1924.62 2086.91 6016.88
1360000 2009.02 1932.02 2089.07 6030.11
1362000 2007.8 1933.05 2091.98 6032.83
1364000 2014.78 1933.13 2096.96 6044.87
1366000 2014.24 1936.02 2102.33 6052.59
1368000 2012.86 1939.04 2101.71 6053.6
1370000 2012.84 1940.56 2111.64 6065.04
1372000 2016.66 1947.31 2116.33 6080.3
1374000 2016.68 1943.18 2123.16 6083.02
1376000 2023.42 1945.94 2127.33 6096.7
1378000 2028.53 1951.48 2129.05 6109.06
1380000 2033.31 1956.33 2125.04 6114.68
1382000 2036.74 1960.14 2131.76 6128.64
1384000 2042.34 1958.97 2136.25 6137.55
1386000 2044.01 1963.58 2136.27 6143.87
1388000 2048.93 1968.62 2144.6 6162.15
1390000 2052.45 1966.44 2148.61 6167.5
1392000 2057.36 1974.22 2148.19 6179.77
1394000 2060.42 1980.53 2159.27 6200.22
1396000 2065.23 1988.43 2162.76 6216.41
1398000 2070.9 1990.56 2164.92 6226.38
1400000 2079.29 1994.46 2167.97 6241.73
1402000 2075.87 2003.13 2174.4 6253.4
1404000 2078.43 2004.93 2179.09 6262.45
1406000 2078.55 2006.99 2182.57 6268.1
1408000 2077.85 2006.38 2185.11 6269.34
1410000 2080.87 2002.32 2187.56 6270.74
1412000 2082.59 2004.81 2182.75 6270.15
1414000 2085.71 2004.08 2184.74 6274.53
1416000 2087.44 2011.13 2191.48 6290.04
1418000 2088.73 2015.71 2199.33 6303.77
1420000 2087.54 2018.56 2204.64 6310.75
1422000 2095.67 2024 2206.75 6326.42
1424000 2095.98 2022.48 2213.18 6331.64
1426000 2101.84 2024.34 2215.26 6341.44
1428000 2106.41 2025.93 2216.68 6349.02
1430000 2107.35 2029.43 2216.93 6353.7
1432000 2111.74 2032.38 2226.44 6370.56
1434000 2113.72 2033.35 2233.26 6380.33
1436000 2112.82 2036.06 2234.06 6382.95
1438000 2115.21 2035.61 2240.57 6391.39
1440000 2118.58 2041.36 2248.63 6408.57
1442000 2126.49 2040.92 2252.64 6420.05
1444000 2133.73 2039.57 2258.3 6431.59
1446000 2145.44 2046.96 2267.73 6460.13
1448000 2149.85 2049.45 2273.29 6472.59
1450000 2148.96 2047.62 2276.97 6473.56
1452000 2153.7 2057.29 2278.77 6489.76
1454000 2153.09 2061.26 2275.94 6490.29
1456000 2154.45 2065.16 2278.63 6498.23
1458000 2151.87 2071.67 2284.98 6508.52
1460000 2158.04 2071.83 2288.89 6518.76
1462000 2158.24 2075.35 2298.61 6532.2
1464000 2170.58 2074.96 2300.71 6546.25
1466000 2171.12 2080.07 2308 6559.19
1468000 2168.88 2080.75 2305.72 6555.35
1470000 2175.93 2083.82 2303.4 6563.15
1472000 2181.88 2092.57 2300.33 6574.78
1474000 2189.71 2092.07 2304.32 6586.1
1476000 2190.01 2097.83 2302.42 6590.25
1478000 2190.31 2103.3 2303.15 6596.75
1480000 2197.26 2112.61 2293.03 6602.9
1482000 2197.25 2117.41 2295.53 6610.2
1484000 2205.84 2119.96 2300.78 6626.57
1486000 2212.91 2128.31 2300.9 6642.12
1488000 2216.1 2132.68 2305.53 6654.31
1490000 2221.06 2133.63 2309.88 6664.56
1492000 2224.81 2134.81 2311.75 6671.37
1494000 2232.78 2144.17 2314.27 6691.23
1496000 2232.6 2140.47 2310.39 6683.47
1498000 2238.46 2140.78 2309.2 6688.44
1500000 2245.99 2139.8 2311.18 6696.96
1502000 2251.96 2139.34 2312.49 6703.79
1504000 2256.89 2139.49 2312.66 6709.04
1506000 2262.32 2140.09 2316.65 6719.06
1508000 2265.41 2145.07 2315.95 6726.43
1510000 2268.39 2147.64 2319.98 6736
1512000 2271.74 2150.67 2325.59 6748
1514000 2280.35 2156.72 2326.76 6763.84
1516000 2279.46 2157.16 2329.54 6766.17
1518000 2285.98 2156.62 2326.37 6768.97
1520000 2280.47 2163.63 2326.18 6770.28
1522000 2285.82 2165.97 2329.67 6781.47
1524000 2286.14 2166.75 2341.78 6794.67
1526000 2287.59 2171.57 2345.75 6804.92
1528000 2290.97 2172.99 2343 6806.96
1530000 2286.12 2172.99 2343.12 6802.24
1532000 2288.06 2177.09 2347.62 6812.78
1534000 2287.75 2176.92 2353.06 6817.73
1536000 2298.62 2182.92 2355.18 6836.72
1538000 2305.28 2187.59 2359.82 6852.69
1540000 2313.77 2193.81 2358.61 6866.19
1542000 2323.82 2194.63 2361.1 6879.56
1544000 2327.87 2191.7 2362.26 6881.83
1546000 2332.26 2195.26 2361.42 6888.94
1548000 2336.51 2197.74 2358.68 6892.92
1550000 2346.23 2202.51 2362.46 6911.21
1552000 2346.7 2200.39 2366.28 6913.37
1554000 2343.81 2200.69 2363.54 6908.04
1556000 2349.52 2209.67 2367.15 6926.34
1558000 2349.88 2212.44 2375.29 6937.61
1560000 2351.25 2215.33 2383.25 6949.83
1562000 2360.56 2215.17 2387.98 6963.71
1564000 2363.95 2225.01 2391.75 6980.7
1566000 2371.02 2227.75 2397.58 6996.35
1568000 2370.02 2232.37 2409.35 7011.75
1570000 2374.05 2242.93 2416.23 7033.21
1572000 2381.37 2246.72 2423.06 7051.15
1574000 2388.91 2249.15 2427.53 7065.59
1576000 2392.48 2254.74 2428.42 7075.63
1578000 2390.4 2253.6 2428.6 7072.6
1580000 2392.56 2258.64 2428.96 7080.16
1582000 2396.57 2266.07 2429.31 7091.95
1584000 2401.66 2269.57 2426.04 7097.27
1586000 2399.2 2274.39 2430.08 7103.67
1588000 2406.27 2278.84 2435.77 7120.88
1590000 2399 2281.61 2438.61 7119.22
1592000 2400.21 2279.59 2452.4 7132.2
1594000 2398.14 2278.38 2451.35 7127.87
1596000 2412.62 2279.22 2444.17 7136
1598000 2419.74 2292.35 2454.54 7166.63
1600000 2423.91 2296.28 2453.87 7174.05
1602000 2429.46 2291.6 2457.21 7178.27
1604000 2433.34 2287.36 2458.97 7179.67
1606000 2433.61 2283.72 2463.82 7181.15
1608000 2434.44 2280.8 2471.79 7187.03
1610000 2446.05 2282.2 2474.05 7202.31
1612000 2447.5 2277.6 2476.58 7201.68
1614000 2446.46 2281.03 2483.2 7210.69
1616000 2454.13 2285.14 2489.91 7229.19
1618000 2456.64 2286.8 2487.6 7231.04
1620000 2454.1 2280.51 2487.23 7221.85
1622000 2459.08 2277.84 2492.68 7229.61
1624000 2462.21 2279.9 2493.7 7235.82
1626000 2467.54 2285.5 2495.45 7248.49
1628000 2464.4 2294.56 2503.44 7262.39
1630000 2468.01 2302.67 2511 7281.68
1632000 2469.9 2304.77 2519.56 7294.23
1634000 2471.49 2305.53 2523.8 7300.82
1636000 2474.44 2312.3 2535.12 7321.86
1638000 2475.35 2315.75 2535.28 7326.38
1640000 2474.9 2320.27 2539.4 7334.57
1642000 2475.24 2320.33 2538.28 7333.86
1644000 2484.19 2322.16 2539.72 7346.07
1646000 2486.24 2324.38 2545.88 7356.49
1648000 2489.46 2328.29 2551.76 7369.51
1650000 2492.11 2324.16 2556.32 7372.59
1652000 2492.41 2325.12 2555.69 7373.23
1654000 2491.87 2327.22 2569.33 7388.42
1656000 2491.79 2325.41 2577.4 7394.6
1658000 2493.39 2331.82 2570.5 7395.7
1660000 2500.38 2339.12 2581.08 7420.58
1662000 2503.08 2345.99 2585.44 7434.52
1664000 2504.67 2353.06 2591.29 7449.02
1666000 2503.27 2359.32 2598.88 7461.47
1668000 2500.12 2361.76 2597.66 7459.54
1670000 2503.81 2363.54 2608.9 7476.26
1672000 2509.61 2369.85 2609.08 7488.54
1674000 2516.8 2365.23 2610.89 7492.92
1676000 2522.19 2369.8 2610.85 7502.84
1678000 2522.31 2375.82 2613.19 7511.33
1680000 2530.95 2374.98 2614.75 7520.68
1682000 2534.17 2374.44 2614.58 7523.19
1684000 2537.78 2374.82 2614.77 7527.37
1686000 2535.92 2375.31 2613.56 7524.79
1688000 2538.86 2376.9 2621.82 7537.58
1690000 2538.04 2377.7 2625.34 7541.09
1692000 2539.13 2378.94 2627.63 7545.71
1694000 2540.15 2390.36 2633.8 7564.31
1696000 2554.2 2395.49 2634.29 7583.97
1698000 2556.07 2396.43 2639.66 7592.15
1700000 2556.77 2399.05 2640.39 7596.21
1702000 2557.21 2399.58 2645.29 7602.07
1704000 2564.55 2395.55 2646.86 7606.96
1706000 2575.24 2396.39 2650.97 7622.6
1708000 2583.6 2399.52 2659.97 7643.09
1710000 2588.97 2410.43 2658.61 7658.01
1712000 2595.63 2407.16 2659 7661.79
1714000 2593.71 2412.94 2656.09 7662.74
1716000 2599.99 2416.38 2665.79 7682.15
1718000 2600.94 2420.35 2671.46 7692.75
1720000 2605.53 2424.38 2670.85 7700.76
1722000 2603.44 2425.51 2676.63 7705.58
1724000 2610.18 2430.35 2682.79 7723.32
1726000 2616.03 2434.74 2688.94 7739.71
1728000 2617.77 2439.72 2689.82 7747.32
1730000 2623.43 2447.7 2689.85 7760.98
1732000 2633.62 2449.6 2685.02 7768.23
1734000 2633.99 2453.53 2678.49 7766.01
1736000 2642.48 2452.74 2682.35 7777.58
1738000 2648.1 2454.5 2672.33 7774.93
1740000 2653.07 2452.08 2678.28 7783.43
1742000 2650.04 2450.9 2682.37 7783.31
1744000 2656.82 2448.15 2680.99 7785.96
1746000 2664.58 2452.36 2683.02 7799.97
1748000 2672.89 2455.21 2686.89 7814.99
1750000 2675.16 2455.19 2689.93 7820.28
1752000 2682.03 2463.49 2692.91 7838.43
1754000 2686.45 2475.02 2695.85 7857.32
1756000 2683.15 2474.78 2697.31 7855.24
1758000 2685.39 2478.05 2698.06 7861.5
1760000 2682.4 2472.57 2699.71 7854.67
1762000 2690.96 2478.06 2704.1 7873.12
1764000 2692.43 2483.91 2707.24 7883.58
1766000 2696.81 2488.72 2706.32 7891.85
1768000 2706.48 2500.9 2718.27 7925.66
1770000 2712.95 2498.78 2724.04 7935.77
1772000 2715.13 2499.1 2730.64 7944.88
1774000 2712.69 2497.93 2732.21 7942.83
1776000 2721.54 2499.93 2739.63 7961.09
1778000 2730.96 2502.39 2738.71 7972.06
1780000 2739.85 2501.7 2744.26 7985.81
1782000 2741.88 2503.46 2742.52 7987.86
1784000 2745.17 2504.19 2746.86 7996.22
1786000 2746.86 2506.6 2746.29 7999.75
1788000 2751.36 2508.88 2747.2 8007.45
1790000 2760.06 2516.92 2755.19 8032.16
1792000 2771.45 2524.61 2759.86 8055.91
1794000 2773.59 2533.25 2761.07 8067.92
1796000 2770.31 2547.78 2769.28 8087.38
1798000 2773.51 2550.8 2775.23 8099.53
1800000 2773.87 2557.65 2777.32 8108.83
1802000 2781.51 2562.8 2783.29 8127.61
1804000 2789.06 2568.78 2788.19 8146.03
1806000 2785.8 2571.92 2788.54 8146.26
1808000 2787.44 2572.29 2793.03 8152.75
1810000 2793.72 2573.43 2789.31 8156.47
1812000 2794.18 2580.24 2801 8175.42
1814000 2801.07 2581.66 2804.06 8186.8
1816000 2809.03 2589.69 2804.05 8202.76
1818000 2809.36 2595.22 2805.64 8210.22
1820000 2808.48 2598.13 2813.63 8220.24
1822000 2804.9 2602.97 2813.55 8221.42
1824000 2808.25 2611.17 2825.13 8244.56
1826000 2805.43 2620 2832.9 8258.32
1828000 2808.75 2624.66 2830.48 8263.89
1830000 2802.63 2624.14 2842.84 8269.6
1832000 2808.22 2631.85 2843.76 8283.84
1834000 2811.95 2640.23 2844.41 8296.59
1836000 2816.57 2645.6 2853.4 8315.58
1838000 2824.83 2646.9 2854.81 8326.55
1840000 2830.73 2654.81 2857.2 8342.74
1842000 2830.1 2651.42 2866.17 8347.68
1844000 2833.92 2646.34 2868.01 8348.27
1846000 2827.79 2653.25 2871.36 8352.4
1848000 2828.18 2660.5 2878.48 8367.16
1850000 2833.49 2667.89 2882.24 8383.61
1852000 2840.83 2668.23 2882.04 8391.1
1854000 2841.68 2670.42 2886.67 8398.76
1856000 2843.45 2680.95 2893.14 8417.54
1858000 2849.3 2689.69 2883.84 8422.83
1860000 2851.84 2695.79 2884.65 8432.29
1862000 2851.47 2693.43 2887.48 8432.38
1864000 2849.77 2695.37 2898.62 8443.76
1866000 2854.11 2697.43 2898.09 8449.64
1868000 2866.14 2699.13 2900.03 8465.3
1870000 2857.97 2705.01 2898.77 8461.75
1872000 2872.44 2711.04 2897.05 8480.53
1874000 2866.52 2713.62 2897.71 8477.85
1876000 2863.93 2715.79 2903.59 8483.31
1878000 2865.4 2714.87 2897.08 8477.35
1880000 2869.89 2717.18 2900.91 8487.98
1882000 2876.32 2723.89 2898.68 8498.89
1884000 2874.56 2728.05 2906.27 8508.88
1886000 2880.65 2733.87 2900.87 8515.38
1888000 2879.93 2731.88 2909.72 8521.53
1890000 2882.31 2736.76 2916.15 8535.23
1892000 2888.9 2740.32 2922.76 8551.97
1894000 2899.04 2744.37 2931.23 8574.64
1896000 2897.58 2743.7 2937.05 8578.32
1898000 2899.04 2745.33 2946.16 8590.53
1900000 2902.19 2740.78 2955.05 8598.02
1902000 2911.83 2750.36 2959.61 8621.8
1904000 2921.1 2749.65 2965.78 8636.53
1906000 2926.38 2751.34 2961.81 8639.53
1908000 2921.49 2754.05 2963.06 8638.6
1910000 2925.26 2750.54 2969.82 8645.62
1912000 2937.89 2753.37 2974.09 8665.35
1914000 2930.43 2751.29 2968.47 8650.19
1916000 2935.94 2753.02 2970.32 8659.28
1918000 2938.44 2758.73 2971.26 8668.43
1920000 2944.8 2758 2974.96 8677.76
1922000 2949.54 2767.73 2973.29 8690.56
1924000 2946.12 2765.99 2972.62 8684.73
1926000 2954.59 2768.37 2973.41 8696.37
1928000 2959.45 2780.93 2977.31 8717.69
1930000 2966.37 2782.95 2981.16 8730.48
1932000 2966.37 2791.26 2990.73 8748.35
1934000 2971.76 2794.89 2994.45 8761.1
1936000 2975.1 2786.4 2991.25 8752.75
1938000 2986.21 2794.46 2988.16 8768.83
1940000 2992.19 2799.97 2996.7 8788.86
1942000 2994.37 2804.51 3000.76 8799.64
1944000 3006.91 2807.98 3005.2 8820.1
1946000 3008.58 2807.15 3009.83 8825.55
1948000 3002.91 2809.06 3017.15 8829.12
1950000 3006.66 2810.19 3026.19 8843.04
1952000 3010.7 2816.18 3036.75 8863.63
1954000 3016.63 2818.02 3027.78 8862.44
1956000 3020.47 2818.62 3029.21 8868.3
1958000 3025.36 2820.1 3027.04 8872.5
1960000 3026.03 2827.25 3028.91 8882.19
1962000 3035.63 2823.92 3034.76 8894.31
1964000 3033 2820.18 3033.42 8886.61
1966000 3031.28 2826 3040.96 8898.23
1968000 3034.43 2825.52 3041.22 8901.17
1970000 3032.37 2826.58 3045.15 8904.09
1972000 3028.27 2828.08 3045.57 8901.91
1974000 3027.45 2838.46 3047.91 8913.83
1976000 3023.89 2843.56 3053.87 8921.33
1978000 3026.79 2841.81 3047.39 8915.98
1980000 3024.22 2843.54 3051.18 8918.94
1982000 3034.97 2850.64 3046.26 8931.87
1984000 3039.25 2850.13 3047.57 8936.95
1986000 3038.77 2855.54 3055.62 8949.93
1988000 3041.43 2857.91 3053.43 8952.76
1990000 3040.45 2857.45 3067.12 8965.02
1992000 3042.48 2852.67 3075.05 8970.2
1994000 3050 2852.05 3081.59 8983.64
1996000 3066.3 2857.99 3088.8 9013.09
1998000 3067.12 2860.67 3089.33 9017.12
2000000 3070.63 2869.52 3088.23 9028.38
