# Time-averaged data for fix savemsd
# TimeStep c_msd[1] c_msd[2] c_msd[3] c_msd[4]
0 7.30427e-33 2.09559e-29 0 2.09632e-29
2000 1.25626 1.34139 1.17445 3.7721
4000 2.25956 2.49981 2.19809 6.95747
6000 3.67897 3.71974 3.27869 10.6774
8000 4.84923 4.62908 4.31688 13.7952
10000 5.53502 5.88312 5.17827 16.5964
12000 6.92073 7.19325 6.44845 20.5624
14000 8.1069 8.22027 7.53338 23.8605
16000 9.12344 9.37339 8.52968 27.0265
18000 10.2177 10.5094 9.95658 30.6837
20000 11.2595 11.571 10.6739 33.5044
22000 12.6311 12.3514 11.8103 36.7928
24000 13.6741 13.9177 13.3209 40.9128
26000 15.1751 15.0765 14.3695 44.6211
28000 16.2998 16.4056 15.7077 48.4131
30000 17.4252 17.5964 16.7228 51.7443
32000 18.4264 18.8809 17.9379 55.2451
34000 19.5171 20.3274 19.639 59.4835
36000 20.4441 21.1552 20.6811 62.2804
38000 21.1363 22.065 21.8573 65.0586
40000 21.8076 22.7156 22.6405 67.1637
42000 22.787 23.6493 23.7699 70.2062
44000 23.8109 24.7371 25.2661 73.8141
46000 24.6155 26.357 26.6036 77.5761
48000 25.7369 27.8535 27.5854 81.1759
50000 27.1173 28.4478 28.788 84.3532
52000 27.85 29.7614 30.1552 87.7666
54000 28.6104 31.0907 30.7652 90.4664
56000 29.7607 32.1069 31.6317 93.4993
58000 31.2973 33.7051 32.6563 97.6587
60000 32.4088 35.2826 33.7448 101.436
62000 33.2309 36.3261 34.7123 104.269
64000 34.8346 37.5123 35.3087 107.656
66000 36.2714 39.4358 36.4181 112.125
68000 37.3362 40.6869 37.49 115.513
70000 38.5084 41.5448 38.5798 118.633
72000 39.436 42.6953 40.0201 122.151
74000 40.3845 43.6066 40.3905 124.382
76000 41.88 44.3717 41.0776 127.329
78000 42.833 45.2928 42.2612 130.387
80000 43.4812 46.6568 42.9043 133.042
82000 45.656 47.177 44.2909 137.124
84000 46.9033 49.0613 45.3234 141.288
86000 47.6052 50.2416 46.8965 144.743
88000 49.1793 51.7758 47.8773 148.832
90000 50.4562 52.6817 49.5361 152.674
92000 51.422 53.6336 50.1663 155.222
94000 53.1076 54.4842 50.9132 158.505
96000 54.4708 55.8697 51.7089 162.049
98000 55.3628 56.9918 53.0228 165.377
100000 56.2947 58.0092 53.9431 168.247
102000 56.9425 59.4139 54.9171 171.273
104000 58.9894 60.3045 56.0304 175.324
106000 60.0075 61.1146 57.8024 178.925
108000 60.9701 61.7548 59.1404 181.865
110000 62.3763 62.8438 59.8871 185.107
112000 62.6962 63.987 61.0387 187.722
114000 64.0559 64.4649 61.6627 190.184
116000 65.6204 66.0529 63.2931 194.966
118000 67.1011 67.4083 64.2522 198.762
120000 68.4044 68.8586 65.61 202.873
122000 70.0264 70.2284 66.0085 206.263
124000 71.5281 71.6877 68.0233 211.239
126000 72.1762 73.2998 69.2961 214.772
128000 73.5446 75.1489 69.9457 218.639
130000 74.714 76.0566 70.8308 221.601
132000 75.5162 77.7092 72.2234 225.449
134000 76.7965 78.1786 72.7349 227.71
136000 77.8521 80.6704 74.0636 232.586
138000 79.3392 81.6075 74.4525 235.399
140000 79.9693 82.7496 75.3183 238.037
142000 81.2323 83.7343 76.1005 241.067
144000 82.8668 86.018 76.3118 245.197
146000 83.356 87.7251 76.9428 248.024
148000 84.6576 89.0294 77.9968 251.684
150000 84.6869 90.1368 79.4843 254.308
152000 85.48 91.929 80.9373 258.346
154000 86.184 92.5629 81.8178 260.565
156000 87.2771 94.0645 83.2521 264.594
158000 88.5021 95.0971 84.0793 267.679
160000 89.0975 96.2377 84.9811 270.316
162000 90.9949 96.638 87.0228 274.656
164000 93.2894 97.1186 88.2503 278.658
166000 94.2765 98.3065 90.3279 282.911
168000 94.9317 98.6817 90.9007 284.514
170000 96.331 100.352 92.1137 288.797
172000 96.97 102.619 92.4882 292.077
174000 99.1239 103.628 94.2776 297.03
176000 100.138 104.219 94.7812 299.138
178000 101.395 104.508 96.1177 302.021
180000 102.562 106.502 97.4154 306.48
182000 104.831 108.064 98.0908 310.986
184000 105.759 109.57 99.6643 314.993
186000 107.892 110.673 100.59 319.155
188000 108.589 111.989 101.196 321.773
190000 109.285 112.562 103.045 324.892
192000 109.68 113.526 103.304 326.51
194000 110.202 115.477 105.367 331.046
196000 110.911 117.908 106.99 335.809
198000 111.855 119.347 108.702 339.904
200000 113.877 120.246 109.724 343.847
202000 114.844 121.379 111.238 347.46
204000 115.408 122.618 112.873 350.899
206000 116.269 123.349 114.424 354.042
208000 118.19 124.463 115.579 358.232
210000 119.602 125.743 117.529 362.874
212000 120.509 126.191 117.93 364.63
214000 121.636 126.905 118.582 367.123
216000 121.972 127.826 119.457 369.255
218000 123.63 128.571 121.342 373.543
220000 125.758 128.208 121.248 375.213
222000 126.054 128.976 121.432 376.462
224000 127.813 129.938 122.938 380.689
226000 128.426 132.119 124.143 384.688
228000 130.465 133.823 124.733 389.021
230000 132.332 134.838 125.825 392.995
232000 133.411 136.274 126.798 396.483
234000 134.208 136.954 127.133 398.295
236000 135.03 138.248 128.19 401.468
238000 136.449 140.524 129.696 406.669
240000 137.522 142.346 130.012 409.88
242000 137.557 144.013 130.931 412.501
244000 139.953 145.916 132.987 418.856
246000 141.937 147.566 133.42 422.922
248000 142.765 148.178 135.898 426.842
250000 144.517 150.796 137.262 432.575
252000 144.202 151.334 138.085 433.621
254000 145.624 151.988 139.691 437.303
256000 146.762 152.52 139.702 438.984
258000 147.948 153.66 142.696 444.304
260000 149.069 154.954 143.649 447.672
262000 151.577 156.859 144.783 453.219
264000 152.196 158.984 146.163 457.343
266000 154.18 160.123 146.78 461.083
268000 155.943 160.811 148.791 465.545
270000 157.666 161.948 149.876 469.489
272000 158.771 163.638 151.478 473.887
274000 160.58 164.519 152.919 478.018
276000 162.362 165.075 153.743 481.18
278000 162.304 164.812 155.425 482.541
280000 163.807 167.089 155.669 486.565
282000 164.79 168.878 156.178 489.847
284000 165.775 170.49 156.89 493.156
286000 166.395 171.283 156.909 494.588
288000 167.294 172.867 158.36 498.52
290000 167.581 173.673 159.002 500.256
292000 168.944 175.106 159.508 503.557
294000 170.851 176.635 160.576 508.063
296000 174.161 178.094 162.409 514.664
298000 174.152 179.122 163.178 516.451
300000 176.257 179.767 163.401 519.425
302000 178.015 180.885 163.893 522.793
304000 177.837 181.196 165.212 524.245
306000 179.712 182.48 166.886 529.079
308000 180.917 182.763 167.878 531.558
310000 181.986 183.678 169.349 535.012
312000 182.993 184.841 170.2 538.034
314000 184.825 185.532 171.71 542.067
316000 186.579 186.432 172.592 545.604
318000 187.66 187.848 173.163 548.671
320000 186.972 189.127 173.885 549.984
322000 188.372 190.723 174.544 553.639
324000 190.413 190.917 175.186 556.516
326000 191.679 192.279 176.762 560.72
328000 191.736 193.623 178.208 563.567
330000 193.618 195.996 180.034 569.648
332000 194.951 199.196 180.927 575.074
334000 195.672 199.358 181.434 576.464
336000 197.63 198.865 182.666 579.16
338000 198.4 199.064 183.257 580.72
340000 200.496 200.725 184.042 585.264
342000 201.71 202.508 184.883 589.101
344000 202.816 203.327 188.848 594.991
346000 202.781 204.687 190.046 597.513
348000 203.154 206.612 192.117 601.883
350000 205.378 207.429 191.99 604.797
352000 207.382 209.11 192.677 609.169
354000 207.07 211.117 193.694 611.881
356000 208.684 211.387 194.835 614.907
358000 210.216 212.276 196.319 618.811
360000 212.185 211.716 197.902 621.803
362000 211.972 211.339 198.635 621.946
364000 212.766 213.443 199.919 626.128
366000 214.444 214.469 200.956 629.869
368000 215.262 216.076 202.249 633.588
370000 219.102 216.679 201.828 637.609
372000 219.978 218.163 203.186 641.327
374000 221.311 221.115 203.786 646.211
376000 223.738 221.954 205.958 651.65
378000 223.705 222.425 205.997 652.127
380000 224.554 223.218 206.509 654.28
382000 226.322 225.01 206.879 658.211
384000 228.6 224.881 207.534 661.015
386000 229.096 225.462 208.525 663.084
388000 231.139 226.798 209.325 667.262
390000 232.356 227.944 210.062 670.362
392000 232.448 229.527 209.715 671.691
394000 233.879 231.411 211.466 676.757
396000 234.843 233.652 213.226 681.721
398000 236.911 232.482 214.603 683.996
400000 237.858 232.531 215.848 686.237
402000 239.078 233.077 217.125 689.28
404000 239.265 234.762 218.318 692.345
406000 240.386 236.466 222.376 699.228
408000 241.725 240.271 222.833 704.829
410000 242.799 241.466 222.926 707.191
412000 245.129 243.834 224.081 713.044
414000 244.693 243.433 224.913 713.039
416000 246.738 243.838 224.923 715.498
418000 247.865 245.476 225.328 718.67
420000 248.238 246.738 226.408 721.383
422000 250.294 247.133 227.752 725.179
424000 252.612 247.313 227.733 727.658
426000 254.865 250.878 229.409 735.151
428000 255.377 252.474 229.532 737.384
430000 258.952 254.235 230.554 743.741
432000 261.804 254.873 231.422 748.099
434000 261.895 254.173 232.263 748.331
436000 262.82 254.818 233.787 751.426
438000 264.599 255.628 234.807 755.034
440000 266.608 255.764 236.444 758.816
442000 266.624 258.809 238.472 763.904
444000 268.572 260.196 238.868 767.636
446000 269.601 259.937 241.031 770.57
448000 269.901 261.844 242.374 774.119
450000 270.643 263.659 243.319 777.621
452000 270.599 265.107 243.84 779.547
454000 271.798 266.363 245.619 783.78
456000 273.13 268.441 248.415 789.986
458000 274.551 268.141 248.88 791.572
460000 277.168 267.467 248.493 793.128
462000 279.037 269.519 248.532 797.088
464000 279.308 270.829 249.527 799.664
466000 281.806 271.886 249.831 803.524
468000 282.531 271.99 253.891 808.412
470000 284.349 273.474 255.241 813.063
472000 284.919 273.934 257.021 815.875
474000 284.105 274.122 257.965 816.193
476000 285.373 274.066 258.986 818.425
478000 285.779 274.89 259.387 820.056
480000 288.316 275.379 259.539 823.233
482000 289.231 275.973 260.124 825.328
484000 290.882 277.282 260.107 828.271
486000 292.79 278.375 261.776 832.941
488000 294.36 280 262.666 837.026
490000 294.542 281.534 264.445 840.521
492000 296.194 283.268 265.146 844.607
494000 297.915 285.533 267.118 850.567
496000 299.464 287.014 269.389 855.867
498000 298.178 288.624 271.357 858.16
500000 298.417 288.26 273.168 859.845
502000 299.773 288.928 276.327 865.028
504000 299.503 291.276 277.224 868.003
506000 299.829 291.936 278.153 869.918
508000 301.603 293.212 278.292 873.108
510000 304.183 293.76 280.523 878.465
512000 303.405 294.08 282.866 880.351
514000 305.219 297.248 282.971 885.438
516000 306.236 297.379 285.598 889.212
518000 308.404 298.828 286.145 893.377
520000 308.806 301.188 288.358 898.351
522000 309.356 301.839 290.046 901.24
524000 312.038 302.037 290.596 904.671
526000 312.733 303.719 291.401 907.853
528000 312.271 304.664 293.209 910.145
530000 314.166 304.621 292.08 910.867
532000 314.604 305.855 294.093 914.551
534000 314.901 306.812 295.907 917.619
536000 316.27 308.385 297.837 922.492
538000 315.797 309.832 297.414 923.043
540000 318.943 310.515 298.087 927.546
542000 321.588 311.659 299.028 932.274
544000 322.274 312.311 301.783 936.368
546000 322.795 312.979 302.247 938.021
548000 324.913 313.872 303.402 942.188
550000 326.068 314.192 304.189 944.449
552000 327.245 316.653 304.272 948.17
554000 327.997 319.512 305.742 953.251
556000 331.288 321.383 306.659 959.33
558000 332.077 322.604 306.97 961.651
560000 334.628 324.975 304.842 964.445
562000 336.322 324.504 307.536 968.361
564000 337.035 326.556 308.371 971.962
566000 335.974 325.461 309.362 970.797
568000 337.931 325.686 310.769 974.385
570000 338.629 326.214 310.834 975.678
572000 338.583 326.763 312.601 977.947
574000 339.91 328.841 313.303 982.053
576000 340.461 330.773 313.751 984.985
578000 342.593 331.93 315.177 989.7
580000 344.584 333.266 317.434 995.283
582000 346.08 336.16 317.751 999.992
584000 347.854 338.861 319.248 1005.96
586000 348.059 339.804 321.57 1009.43
588000 349.16 342.798 322.266 1014.22
590000 351.403 346.277 323.926 1021.61
592000 353.204 347.209 325.131 1025.54
594000 354.176 348.98 325.206 1028.36
596000 354.167 350.46 326.073 1030.7
598000 355.014 350.758 325.807 1031.58
600000 355.072 350.381 326.683 1032.14
602000 355.649 350.961 327.082 1033.69
604000 355.849 352.181 327.801 1035.83
606000 356.247 353.417 328.316 1037.98
608000 357.846 354.688 329.959 1042.49
610000 359.84 355.361 330.792 1045.99
612000 361.139 356.995 332.305 1050.44
614000 360.642 360.309 334.53 1055.48
616000 360.712 361.343 337.178 1059.23
618000 361.65 364.579 339.756 1065.98
620000 363.32 365.528 339.604 1068.45
622000 364.851 366.427 341.772 1073.05
624000 365.342 369.257 342.731 1077.33
626000 364.884 371.032 342.645 1078.56
628000 366.405 370.754 343.495 1080.65
630000 367.63 372.088 343.916 1083.63
632000 368.757 374.229 345.725 1088.71
634000 367.633 376.385 348.448 1092.47
636000 369.573 377.378 350.42 1097.37
638000 369.42 376.27 351.518 1097.21
640000 370.373 376.459 353.671 1100.5
642000 370.31 376.149 355.914 1102.37
644000 371.159 378.23 357.179 1106.57
646000 371.426 376.607 358.577 1106.61
648000 373.467 378.505 356.993 1108.97
650000 375.204 377.167 357.39 1109.76
652000 377.861 379.418 358.868 1116.15
654000 377.052 381.502 358.473 1117.03
656000 377.565 382.694 360.552 1120.81
658000 379.004 384.169 360.151 1123.32
660000 379.764 386.38 361.873 1128.02
662000 381.114 387.211 362.545 1130.87
664000 382.266 388.241 363.626 1134.13
666000 381.807 387.825 363.665 1133.3
668000 381.911 388.206 363.461 1133.58
670000 384.209 389.738 365.296 1139.24
672000 385.121 390.918 365.229 1141.27
674000 386.536 391.721 365.857 1144.11
676000 388.453 392.635 367.52 1148.61
678000 388.506 393.486 368.359 1150.35
680000 390.063 396.96 370.723 1157.75
682000 390.467 398.176 373.869 1162.51
684000 391.955 397.336 375.809 1165.1
686000 393.515 399.364 376.769 1169.65
688000 393.068 399.923 379.158 1172.15
690000 395.073 399.747 379.133 1173.95
692000 396.56 401.483 381.294 1179.34
694000 397.4 402.516 383.795 1183.71
696000 400.475 403.81 383.574 1187.86
698000 400.708 405.026 384.693 1190.43
700000 400.035 406.775 386.003 1192.81
702000 402.005 407.848 385.816 1195.67
704000 402.044 408.972 387.536 1198.55
706000 404.652 410.291 388.355 1203.3
708000 406.619 410.145 390.521 1207.29
710000 407.636 412.48 393.208 1213.32
712000 408.783 413.772 397.195 1219.75
714000 410.801 414.122 398.909 1223.83
716000 412.846 414.609 401.267 1228.72
718000 413.826 415.424 404.341 1233.59
720000 416.798 415.412 405.129 1237.34
722000 417.42 417.381 407.053 1241.85
724000 419.126 417.292 408.995 1245.41
726000 420.757 418.678 411.91 1251.35
728000 422.649 418.599 412.573 1253.82
730000 423.849 421.513 413.161 1258.52
732000 423.331 422.33 412.344 1258
734000 425.763 425.826 412.834 1264.42
736000 428.183 426.298 416.458 1270.94
738000 427.946 427.893 418.061 1273.9
740000 428.917 427.338 420.005 1276.26
742000 429.878 428.073 420.06 1278.01
744000 432.513 431.04 422.671 1286.22
746000 433.043 433.299 425.419 1291.76
748000 432.128 434.384 426.746 1293.26
750000 432.647 434.343 426.483 1293.47
752000 434.879 435.025 427.484 1297.39
754000 436.034 435.453 428.45 1299.94
756000 437.241 436.717 429.991 1303.95
758000 437.841 438.989 431.147 1307.98
760000 437.853 440.835 433.508 1312.2
762000 437.688 443.41 435.773 1316.87
764000 439.505 444.137 436.645 1320.29
766000 439.174 446.5 439.494 1325.17
768000 439.319 445.948 438.451 1323.72
770000 442.268 446.503 438.5 1327.27
772000 442.225 448.079 437.975 1328.28
774000 442.588 450.899 439.915 1333.4
776000 443.548 450.731 442.464 1336.74
778000 443.511 452.223 443.216 1338.95
780000 447.347 454.63 445.788 1347.77
782000 449.206 456.174 447.229 1352.61
784000 450.762 457.611 449.295 1357.67
786000 452.452 458.506 450.846 1361.8
788000 453.077 461.14 451.81 1366.03
790000 454.176 461.974 453.751 1369.9
792000 453.168 461.416 453.926 1368.51
794000 454.245 461.958 453.646 1369.85
796000 454.567 463.397 453.345 1371.31
798000 457.041 465.437 456.057 1378.54
800000 458.906 465.744 457.286 1381.94
802000 460.664 466.619 462.02 1389.3
804000 460.941 466.068 462.446 1389.45
806000 463.937 467.209 464.388 1395.53
808000 464.207 468.436 465.557 1398.2
810000 463.329 469.76 468.088 1401.18
812000 462.741 471.479 469.962 1404.18
814000 464.284 470.555 470.423 1405.26
816000 463.966 471.742 472.463 1408.17
818000 464.875 473.046 476.353 1414.27
820000 465.596 475.883 478.968 1420.45
822000 464.61 477.224 479.869 1421.7
824000 465.464 477.485 482.813 1425.76
826000 469.804 478.803 484.753 1433.36
828000 469.176 479.652 485.464 1434.29
830000 470.311 482.769 486.126 1439.21
832000 472.19 483.623 486.75 1442.56
834000 474.214 484.56 488.715 1447.49
836000 474.536 485.832 489.469 1449.84
838000 473.46 486.32 489.106 1448.89
840000 473.212 486.921 490.949 1451.08
842000 474.242 488.789 491.317 1454.35
844000 473.355 491.806 494.057 1459.22
846000 474.338 493.201 495.704 1463.24
848000 477.038 494.408 496.417 1467.86
850000 478.146 496.548 497.071 1471.77
852000 478.938 498.093 498.392 1475.42
854000 481.222 499.535 499.16 1479.92
856000 481.593 498.936 501.608 1482.14
858000 484.227 500.153 502.745 1487.13
860000 485.72 503.165 500.986 1489.87
862000 488.929 502.542 500.06 1491.53
864000 488.801 505.123 503.008 1496.93
866000 489.258 505.043 502.274 1496.58
868000 488.861 506.366 503.927 1499.15
870000 489.537 507.819 505.173 1502.53
872000 493.772 509.393 506.575 1509.74
874000 495.845 510.252 507.426 1513.52
876000 497.149 510.786 508.799 1516.73
878000 498.547 510.676 510.958 1520.18
880000 500.059 513.122 511.374 1524.56
882000 501.622 514.171 512.118 1527.91
884000 502.608 515.637 512.102 1530.35
886000 502.35 515.585 511.604 1529.54
888000 502.721 515.576 511.577 1529.87
890000 501.372 518.566 512.526 1532.46
892000 503.854 519.134 514.011 1537
894000 505.531 520.114 513.27 1538.92
896000 505.903 522.895 514.074 1542.87
898000 505.29 524.404 517.623 1547.32
900000 507.25 526.512 517.597 1551.36
902000 507.926 528.977 518.864 1555.77
904000 509.795 528.983 518.845 1557.62
906000 511.057 530.883 520.087 1562.03
908000 511.287 529.918 522.382 1563.59
910000 510.74 530.263 524.355 1565.36
912000 511.94 528.112 526.998 1567.05
914000 512.39 527.834 530.136 1570.36
916000 512.813 531.007 528.587 1572.41
918000 513.049 531.574 531.835 1576.46
920000 511.408 531.968 532.049 1575.42
922000 511.365 533.254 534.982 1579.6
924000 512.153 533.584 535.539 1581.28
926000 513.908 535.449 535.972 1585.33
928000 515.415 533.014 537.292 1585.72
930000 516.301 535.817 538.23 1590.35
932000 517.135 536.695 539.97 1593.8
934000 519.149 536.967 541.371 1597.49
936000 520.907 536.771 542.958 1600.64
938000 521.532 537.229 545.697 1604.46
940000 520.815 537.463 547.133 1605.41
942000 521.481 537.891 548.788 1608.16
944000 520.625 539.468 549.341 1609.43
946000 523.787 540.829 548.49 1613.11
948000 524.106 537.693 551.074 1612.87
950000 524.887 539.136 552.172 1616.2
952000 527.734 540.114 557.565 1625.41
954000 528.248 541.708 559.743 1629.7
956000 529.769 541.89 563.053 1634.71
958000 531.15 542.091 566.696 1639.94
960000 531.599 542.561 567.313 1641.47
962000 529.424 544.31 567.511 1641.24
964000 530.204 548.084 569.886 1648.17
966000 533.213 546.478 573.252 1652.94
968000 532.155 548.77 574.577 1655.5
970000 531.462 551.088 576.026 1658.58
972000 530.932 553.312 576.686 1660.93
974000 533.48 551.879 579.141 1664.5
976000 535.443 551.506 579.883 1666.83
978000 538.133 551.764 582.043 1671.94
980000 540.452 551.514 583.86 1675.83
982000 540.811 551.888 582.86 1675.56
984000 542.819 552.415 584.338 1679.57
986000 545.082 554.005 585.235 1684.32
988000 545.836 554.48 586.619 1686.93
990000 546.194 555.761 589.415 1691.37
992000 548.262 557.383 591.144 1696.79
994000 547.174 556.904 592.622 1696.7
996000 545.119 555.627 596.133 1696.88
998000 545.808 557.391 597.785 1700.98
1000000 547.871 559.459 601.449 1708.78
1002000 548.991 561.612 602.975 1713.58
1004000 550.523 562.173 604.576 1717.27
1006000 552.893 565.529 603.046 1721.47
1008000 552.446 567.153 603.159 1722.76
1010000 553.011 566.385 602.308 1721.7
1012000 556.066 568.971 602.965 1728
1014000 558.948 571.741 604.114 1734.8
1016000 559.24 572.98 604.957 1737.18
1018000 560.645 573.932 603.165 1737.74
1020000 562.862 575.972 606.247 1745.08
1022000 567.02 577.494 609.077 1753.59
1024000 568.6 579.241 611.199 1759.04
1026000 568.739 580.475 610.892 1760.11
1028000 570.466 581.176 612.238 1763.88
1030000 566.501 581.582 615.827 1763.91
1032000 566.902 583.163 617.895 1767.96
1034000 568.415 583.643 620.643 1772.7
1036000 568.818 585.43 621.289 1775.54
1038000 570.201 585.466 622.383 1778.05
1040000 571.462 589.118 622.206 1782.79
1042000 574.103 591.402 623.249 1788.75
1044000 577.278 591.757 626.974 1796.01
1046000 576.303 592.784 628.866 1797.95
1048000 576.725 593.357 630.961 1801.04
1050000 579.842 595.964 629.067 1804.87
1052000 579.135 595.989 628.884 1804.01
1054000 579.378 595.267 629.692 1804.34
1056000 580.768 597.439 633.085 1811.29
1058000 581.688 598.317 634.987 1814.99
1060000 584.326 597.161 636.356 1817.84
1062000 585.305 599.555 641.726 1826.59
1064000 586.519 600.717 642.913 1830.15
1066000 587.963 603.517 642.166 1833.65
1068000 586.614 602.897 642.392 1831.9
1070000 588.9 604.396 642.613 1835.91
1072000 589.667 606.779 645.082 1841.53
1074000 593.555 607.326 648.965 1849.85
1076000 598.584 609.378 648.141 1856.1
1078000 599.958 610.443 650.608 1861.01
1080000 603.346 610.568 652.888 1866.8
1082000 605.184 610.352 654.747 1870.28
1084000 606.245 611.676 654.437 1872.36
1086000 607.348 613.997 656.151 1877.5
1088000 608.807 613.652 656.821 1879.28
1090000 609.11 615.971 658.396 1883.48
1092000 610.035 614.9 660.664 1885.6
1094000 612.593 615.471 661.87 1889.93
1096000 613.893 616.948 663.061 1893.9
1098000 614.809 617.849 663.322 1895.98
1100000 614.787 617.636 663.053 1895.48
1102000 613.145 618.523 666.364 1898.03
1104000 613.921 618.755 669.118 1901.79
1106000 614.512 618.032 667.14 1899.68
1108000 615.096 618.593 670.337 1904.03
1110000 615.554 619.833 671.06 1906.45
1112000 616.596 620.483 671.734 1908.81
1114000 618.343 620.114 670.498 1908.95
1116000 618.369 621.189 672.093 1911.65
1118000 616.845 622.559 674.242 1913.65
1120000 617.247 622.863 677.78 1917.89
1122000 617.729 624.005 681.772 1923.51
1124000 618.517 627.113 682.964 1928.59
1126000 618.955 626.892 682.788 1928.64
1128000 619.811 626.86 685.752 1932.42
1130000 621.388 625.77 686.249 1933.41
1132000 622.684 629.686 687.765 1940.13
1134000 623.778 632.049 688.666 1944.49
1136000 626.694 631.784 691.065 1949.54
1138000 629.149 633.76 691.402 1954.31
1140000 630.404 634.92 691.917 1957.24
1142000 631.784 637.177 694.487 1963.45
1144000 632.628 636.407 695.147 1964.18
1146000 635.313 635.217 697.062 1967.59
1148000 636.739 635.671 700.519 1972.93
1150000 639.354 636.588 700.098 1976.04
1152000 639.894 638.467 703.158 1981.52
1154000 640.962 640.522 703.866 1985.35
1156000 641.857 642.679 704.989 1989.53
1158000 642.015 645.903 705.37 1993.29
1160000 641.447 648.128 705.835 1995.41
1162000 644.464 648.853 711.052 2004.37
1164000 644.015 653.461 713.769 2011.25
1166000 646.966 650.653 713.999 2011.62
1168000 646.714 652.795 715.548 2015.06
1170000 647.674 653.446 716.33 2017.45
1172000 650.254 654.845 718.391 2023.49
1174000 651.456 655.989 719.054 2026.5
1176000 651.958 659.534 721.507 2033
1178000 653.053 660.325 724.229 2037.61
1180000 657.273 662.161 724.415 2043.85
1182000 656.605 663.165 728.311 2048.08
1184000 658.896 662.124 727.946 2048.97
1186000 660.546 664.276 728.973 2053.8
1188000 661.142 666.702 733.165 2061.01
1190000 661.794 666.949 735.418 2064.16
1192000 662.708 668.609 737.5 2068.82
1194000 663.897 669.507 742.187 2075.59
1196000 666.873 671.523 740.586 2078.98
1198000 666.993 671.134 741.882 2080.01
1200000 667.801 672.673 743.244 2083.72
1202000 668.225 673.901 743.305 2085.43
1204000 668.536 674.968 746.229 2089.73
1206000 668.492 676.794 747.773 2093.06
1208000 668.317 676.371 746.852 2091.54
1210000 667.793 680.634 747.542 2095.97
1212000 669.264 680.414 748.097 2097.78
1214000 668.053 680.535 750.982 2099.57
1216000 669.89 680.667 751.151 2101.71
1218000 669 681.868 750.147 2101.01
1220000 672.191 682.425 753.784 2108.4
1222000 671.446 680.802 753.948 2106.2
1224000 674.076 682.798 755.225 2112.1
1226000 677.206 683.745 754.75 2115.7
1228000 678.232 686.887 757.151 2122.27
1230000 680.102 688.441 760.027 2128.57
1232000 682.075 689.326 762.926 2134.33
1234000 683.977 690.104 762.463 2136.54
1236000 685.513 689.236 762.869 2137.62
1238000 687.972 690.037 763.662 2141.67
1240000 690.961 692.174 766.637 2149.77
1242000 690.705 693.695 767.086 2151.49
1244000 691.374 695.966 768.678 2156.02
1246000 692.691 696.106 769.909 2158.71
1248000 690.975 697.101 772.811 2160.89
1250000 690.587 697.723 773.75 2162.06
1252000 692.002 700.952 774.945 2167.9
1254000 691.768 703.576 778.255 2173.6
1256000 692.396 705.043 780.925 2178.36
1258000 692.34 706.377 779.695 2178.41
1260000 694.58 707.873 779.369 2181.82
1262000 698.502 708.918 781.173 2188.59
1264000 698.495 707.617 782.702 2188.81
1266000 700.015 708.556 781.028 2189.6
1268000 699.245 710.35 779.666 2189.26
1270000 702.747 711.183 781.287 2195.22
1272000 702.797 710.793 782.562 2196.15
1274000 704.258 710.374 783.67 2198.3
1276000 706.177 709.23 785.223 2200.63
1278000 705.211 711.042 784.129 2200.38
1280000 704.786 712.87 786.203 2203.86
1282000 705.816 715.444 786.37 2207.63
1284000 704.779 713.823 788.079 2206.68
1286000 703.883 715.942 791.603 2211.43
1288000 703.895 718.231 791.278 2213.4
1290000 704.122 720.038 793.237 2217.4
1292000 707.02 721.239 791.77 2220.03
1294000 706.727 722.513 790.591 2219.83
1296000 708.131 723.235 792.511 2223.88
1298000 707.973 725.845 793.004 2226.82
1300000 708.808 727.706 797.539 2234.05
1302000 709.741 728.487 800.09 2238.32
1304000 708.068 730.646 801.345 2240.06
1306000 708.905 732.541 805.472 2246.92
1308000 709.058 734.957 806.453 2250.47
1310000 711.767 734.722 806.891 2253.38
1312000 713.006 736.812 808.195 2258.01
1314000 713.602 737.18 810.791 2261.57
1316000 715.67 739.398 812.787 2267.85
1318000 718.749 740.07 812.309 2271.13
1320000 720.331 740.399 813.574 2274.3
1322000 721.398 741.685 816.491 2279.57
1324000 720.686 742.596 814.675 2277.96
1326000 722.816 745.389 815.355 2283.56
1328000 727.069 745.438 815.83 2288.34
1330000 729.852 745.073 819.099 2294.02
1332000 731.559 747.032 819.521 2298.11
1334000 732.679 750.272 821.053 2304
1336000 734.207 752.841 826.725 2313.77
1338000 732.113 754.989 829.186 2316.29
1340000 732.213 758.49 833.853 2324.56
1342000 732.22 762.054 834.127 2328.4
1344000 732.838 765.757 836.004 2334.6
1346000 733.437 767.844 838.223 2339.5
1348000 736.516 766.702 839.755 2342.97
1350000 737.164 769.112 840.714 2346.99
1352000 739.707 769.696 844.426 2353.83
1354000 739.398 769.429 847.947 2356.77
1356000 739.419 771.22 850.86 2361.5
1358000 741.357 773.334 851.149 2365.84
1360000 743.253 773.12 850.246 2366.62
1362000 744.284 771.894 852.4 2368.58
1364000 743.23 774.883 852.7 2370.81
1366000 746.077 776.868 852.832 2375.78
1368000 746.961 779.272 857.349 2383.58
1370000 749.281 780.898 855.97 2386.15
1372000 752.556 783.646 855.693 2391.89
1374000 754.451 780.661 856.553 2391.66
1376000 753.385 781.814 857.342 2392.54
1378000 753.403 781.901 859.465 2394.77
1380000 756.109 783.183 860.88 2400.17
1382000 758.704 782.378 861.439 2402.52
1384000 757.069 783.127 860.485 2400.68
1386000 760.302 784.362 861.886 2406.55
1388000 762.201 786.964 860.986 2410.15
1390000 764.708 787.826 866.264 2418.8
1392000 766.577 789.074 864.803 2420.45
1394000 768.071 786.139 866.763 2420.97
1396000 766.109 788.199 870.407 2424.71
1398000 765.398 790.921 873.274 2429.59
1400000 767.069 793.211 874.735 2435.01
1402000 765.998 793.643 876.39 2436.03
1404000 766.754 793.37 879.492 2439.62
1406000 767.435 793.222 881.473 2442.13
1408000 767.428 796.786 881.16 2445.37
1410000 768.15 796.838 880.045 2445.03
1412000 770.817 795.679 881.777 2448.27
1414000 771.662 794.967 883.893 2450.52
1416000 773.095 795.445 884.978 2453.52
1418000 773.095 798.011 887.545 2458.65
1420000 773.905 798.786 889.248 2461.94
1422000 775.828 802.533 888.631 2466.99
1424000 776.171 803.938 889.099 2469.21
1426000 775.71 807.055 888.978 2471.74
1428000 777.668 807.873 889.322 2474.86
1430000 778.5 810.205 888.514 2477.22
1432000 778.358 812.213 891.111 2481.68
1434000 779.79 814.691 893.942 2488.42
1436000 782.039 816.883 900.947 2499.87
1438000 783.301 821.016 904.763 2509.08
1440000 785.11 821.313 904.602 2511.02
1442000 786.343 823.56 907.188 2517.09
1444000 785.473 822.94 905.809 2514.22
1446000 786.759 823.538 907.446 2517.74
1448000 787.541 826.716 907.8 2522.06
1450000 790.169 826.822 909.761 2526.75
1452000 790.309 828.848 909.814 2528.97
1454000 789.932 831.935 914.533 2536.4
1456000 790.579 833.894 915.143 2539.62
1458000 788.862 834.293 914.447 2537.6
1460000 788.736 832.793 916.102 2537.63
1462000 792.074 833.442 915.479 2540.99
1464000 792.745 835.491 916.304 2544.54
1466000 791.439 838.133 917.028 2546.6
1468000 790.586 840.948 918.644 2550.18
1470000 792.452 843.061 920.748 2556.26
1472000 796.4 844.893 922.925 2564.22
1474000 796.976 846.587 924.476 2568.04
1476000 796.972 848.266 925.089 2570.33
1478000 798.335 849.338 925.903 2573.58
1480000 798.837 851.538 931.166 2581.54
1482000 799.755 851.069 931.642 2582.47
1484000 801.713 851.975 932.65 2586.34
1486000 803.465 852.757 932.779 2589
1488000 805.301 852.142 931.682 2589.12
1490000 808.778 854.121 932.367 2595.27
1492000 807.963 853.805 932.041 2593.81
1494000 807.442 853.256 934.789 2595.49
1496000 806.864 854.777 936.238 2597.88
1498000 806.611 858.211 937.94 2602.76
1500000 810.382 860.953 934.824 2606.16
1502000 815.101 864.265 939.129 2618.49
1504000 817.735 864.935 940.582 2623.25
1506000 818.299 865.725 941.27 2625.29
1508000 820.351 864.401 945.064 2629.82
1510000 820.324 863.31 947.952 2631.59
1512000 822.115 862.98 948.516 2633.61
1514000 821.173 866.037 949.468 2636.68
1516000 820.581 866.363 950.163 2637.11
1518000 823.186 866.25 950.952 2640.39
1520000 824.808 868.87 949.933 2643.61
1522000 825.019 870.344 951.065 2646.43
1524000 823.716 872.009 951.993 2647.72
1526000 826.629 875.798 951.837 2654.26
1528000 826.288 878.283 951.935 2656.51
1530000 825.816 879.563 954.038 2659.42
1532000 825.673 882.051 956.161 2663.88
1534000 826.258 886.801 958.373 2671.43
1536000 827.281 884.97 961.005 2673.26
1538000 829.891 887.703 965.563 2683.16
1540000 832.094 888.352 968.021 2688.47
1542000 832.816 891.168 968.154 2692.14
1544000 832.623 894.181 971.805 2698.61
1546000 834.677 894.213 973.748 2702.64
1548000 836.711 894.866 974.63 2706.21
1550000 839.538 896.63 979.468 2715.64
1552000 837.073 899.037 980.779 2716.89
1554000 836.671 899.932 981.797 2718.4
1556000 840.093 903.597 983.172 2726.86
1558000 839.571 903.737 983.361 2726.67
1560000 839.86 902.316 987.188 2729.36
1562000 842.882 903.554 987.369 2733.81
1564000 844.064 906.42 989.123 2739.61
1566000 844.945 906.633 991.007 2742.58
1568000 845.801 906.129 991.523 2743.45
1570000 845.02 906.682 992.505 2744.21
1572000 849.232 908.815 993.174 2751.22
1574000 850.552 909.704 993.707 2753.96
1576000 850.325 911.624 993.326 2755.27
1578000 850.53 912.761 994.656 2757.95
1580000 850.089 911.735 993.817 2755.64
1582000 849.984 911.543 992.157 2753.68
1584000 851.237 911.311 992.228 2754.78
1586000 853.658 911.448 994.222 2759.33
1588000 853.172 911.049 993.958 2758.18
1590000 852.57 910.366 994.31 2757.25
1592000 855.444 911.371 994.637 2761.45
1594000 855.007 913.407 995.46 2763.87
1596000 856.151 917.239 996.247 2769.64
1598000 859.481 915.968 1000.71 2776.16
1600000 860.317 917.579 1003.11 2781.01
1602000 861.879 916.5 1003.92 2782.29
1604000 860.779 915.57 1005.39 2781.74
1606000 863.855 914.727 1005.89 2784.48
1608000 864.392 915.314 1009.67 2789.38
1610000 867.173 915.564 1008.78 2791.51
1612000 866.276 914.088 1010.38 2790.74
1614000 867.671 914.721 1012.93 2795.32
1616000 869.667 914.424 1014.55 2798.64
1618000 870.462 916.335 1013.67 2800.46
1620000 870.053 916.018 1015.48 2801.56
1622000 868.932 916.518 1014.35 2799.8
1624000 875.489 916.608 1014.75 2806.84
1626000 876.124 916.638 1014.72 2807.48
1628000 876.595 919.12 1013.85 2809.57
1630000 879.661 920.306 1014.19 2814.15
1632000 880.511 920.031 1014.5 2815.04
1634000 881.614 921.107 1015.22 2817.94
1636000 884.653 919.118 1018.06 2821.83
1638000 888.003 923.234 1015.94 2827.18
1640000 887.032 921.893 1015.57 2824.5
1642000 889.058 923.685 1016.77 2829.52
1644000 887.763 924.175 1016.8 2828.74
1646000 889.574 926.144 1018.5 2834.22
1648000 891.631 926 1019.61 2837.24
1650000 891.123 928.57 1019.64 2839.33
1652000 891.301 930.276 1021.79 2843.36
1654000 890.686 932.188 1023.93 2846.81
1656000 892.426 931.997 1024.56 2848.99
1658000 896 933.058 1023.79 2852.85
1660000 895.488 932.833 1024.94 2853.27
1662000 894.442 933.558 1023.88 2851.88
1664000 893.944 934.225 1025.73 2853.89
1666000 896.904 934.079 1025.63 2856.61
1668000 894.232 934.16 1026.2 2854.59
1670000 894.288 936.408 1025.71 2856.4
1672000 895.321 937.893 1028.74 2861.96
1674000 899.095 941.576 1032.39 2873.07
1676000 897.02 944.786 1035.4 2877.2
1678000 898.379 947.724 1035.25 2881.35
1680000 899.538 950.801 1036.03 2886.37
1682000 898.928 952.632 1038.1 2889.66
1684000 901.703 953.922 1037.68 2893.31
1686000 902.189 951.558 1037.23 2890.98
1688000 902.794 954.284 1037.43 2894.51
1690000 904.146 954.62 1040.33 2899.1
1692000 906.921 953.751 1041.41 2902.08
1694000 905.984 958.092 1042.55 2906.62
1696000 908.749 960.015 1044.85 2913.61
1698000 910.054 960.313 1049.33 2919.69
1700000 913.427 962.085 1047.65 2923.16
1702000 914.571 961.746 1045.56 2921.87
1704000 913.293 964.678 1046.56 2924.53
1706000 912.609 967.127 1048.73 2928.46
1708000 914.017 968.715 1048.9 2931.64
1710000 912.895 970.617 1051.09 2934.6
1712000 917.33 971.998 1052.82 2942.14
1714000 916.657 969.333 1051.15 2937.14
1716000 918.826 973.661 1050.81 2943.3
1718000 916.623 975.714 1053.04 2945.37
1720000 916.842 977.461 1052.13 2946.44
1722000 919.447 979.303 1055.52 2954.27
1724000 921.26 982.158 1056.93 2960.34
1726000 921.23 985.701 1054.7 2961.63
1728000 923.947 986.085 1051.76 2961.79
1730000 925.672 985.94 1052.01 2963.62
1732000 929.285 989.379 1051.43 2970.1
1734000 927.958 994.422 1052.94 2975.32
1736000 930.391 994.09 1054.01 2978.49
1738000 933.091 995.569 1056.18 2984.84
1740000 934.599 999.437 1057.61 2991.65
1742000 935.627 1005.79 1058.8 3000.21
1744000 937.045 1008.24 1058.66 3003.94
1746000 939.196 1008.54 1059.99 3007.73
1748000 943.38 1009.61 1062.31 3015.3
1750000 942.056 1010.46 1063.01 3015.53
1752000 945.033 1012.81 1065.75 3023.59
1754000 947.515 1014.93 1067.25 3029.7
1756000 951.75 1015.04 1069.06 3035.86
1758000 952.689 1016.1 1071.03 3039.82
1760000 954.962 1019.21 1074.55 3048.72
1762000 954.357 1021.75 1074.62 3050.73
1764000 959.265 1023.12 1076 3058.38
1766000 959.351 1025.78 1077.69 3062.83
1768000 962.059 1028.19 1080.38 3070.63
1770000 960.415 1028.43 1082.12 3070.96
1772000 959.941 1030.31 1081.35 3071.6
1774000 960.932 1031.81 1081.95 3074.7
1776000 960.804 1031.42 1082.18 3074.4
1778000 962.835 1032.84 1083.55 3079.23
1780000 963.421 1033.4 1086.67 3083.49
1782000 963.202 1034.53 1086.48 3084.21
1784000 962.934 1034.62 1087.44 3084.99
1786000 959.973 1036.42 1087.79 3084.19
1788000 961.886 1036.38 1090.04 3088.31
1790000 962.943 1037.78 1092.22 3092.94
1792000 963.824 1036.65 1094.08 3094.55
1794000 965.662 1040.39 1096.32 3102.37
1796000 965.774 1041.75 1095.93 3103.45
1798000 968.993 1042.99 1097.67 3109.65
1800000 971.787 1046.42 1100.7 3118.91
1802000 970.736 1049.75 1102.86 3123.34
1804000 973.286 1047.79 1102.57 3123.65
1806000 974.805 1048.24 1105.28 3128.32
1808000 975.931 1050.91 1107.79 3134.64
1810000 977.62 1051.72 1108.04 3137.38
1812000 979.175 1054.53 1108.44 3142.15
1814000 979.432 1057.54 1108.15 3145.13
1816000 977.751 1059.75 1112.93 3150.43
1818000 975.984 1061.64 1112.99 3150.62
1820000 978.051 1063.74 1117.45 3159.24
1822000 979.71 1064.98 1120.55 3165.24
1824000 983.619 1063.26 1121.05 3167.93
1826000 982.457 1059.79 1121.29 3163.53
1828000 983.074 1059.61 1121.52 3164.2
1830000 985.109 1058.05 1121.77 3164.93
1832000 984.923 1058.14 1126.18 3169.24
1834000 986.781 1058.15 1127.54 3172.47
1836000 988.726 1058.41 1128.68 3175.81
1838000 990.608 1059.56 1130.69 3180.86
1840000 990.264 1058.41 1132.32 3180.99
1842000 991.718 1058.63 1134.73 3185.08
1844000 993.117 1062.62 1138.88 3194.62
1846000 994.749 1062.32 1136.63 3193.7
1848000 995.596 1062.58 1139.75 3197.92
1850000 996.763 1067.17 1142.27 3206.2
1852000 993.297 1069.09 1143.34 3205.73
1854000 995.919 1069.87 1144.29 3210.07
1856000 994.616 1069.48 1148.18 3212.27
1858000 994.724 1067.6 1146.89 3209.22
1860000 992.967 1068.87 1149.28 3211.12
1862000 995.425 1073.78 1150.67 3219.88
1864000 996.793 1073.46 1151.98 3222.24
1866000 999.404 1072.71 1154.13 3226.24
1868000 1000.26 1073.78 1156.66 3230.7
1870000 999.194 1075.32 1159.44 3233.96
1872000 997.997 1072.9 1160.08 3230.97
1874000 997.895 1073.65 1161.07 3232.61
1876000 1001.28 1072.88 1163.23 3237.38
1878000 1002.51 1072.58 1163.5 3238.6
1880000 1004.38 1071.37 1167 3242.75
1882000 1004.14 1070.51 1167.11 3241.75
1884000 1007.19 1072.09 1166.38 3245.67
1886000 1008.02 1071.54 1166.85 3246.41
1888000 1008.79 1072.82 1169.25 3250.87
1890000 1004.91 1074.95 1170.9 3250.77
1892000 1005.36 1075.47 1172.65 3253.48
1894000 1007.82 1074.77 1173.89 3256.48
1896000 1010.95 1075.12 1178.49 3264.57
1898000 1012.63 1077.45 1179.52 3269.6
1900000 1011.7 1078.32 1179.48 3269.5
1902000 1012.41 1078.85 1182.2 3273.45
1904000 1015.35 1078.37 1185.53 3279.24
1906000 1017.5 1076.66 1188.66 3282.82
1908000 1018.61 1081.46 1187.74 3287.81
1910000 1018.27 1079.3 1186.74 3284.31
1912000 1020.07 1080.29 1188.92 3289.28
1914000 1022.31 1081.72 1191.3 3295.33
1916000 1020.87 1085.19 1192.01 3298.07
1918000 1020.99 1087.64 1193.01 3301.65
1920000 1024.06 1089.27 1194.34 3307.67
1922000 1027.11 1088.59 1195.68 3311.38
1924000 1027.67 1090.76 1196.91 3315.34
1926000 1027.39 1091.57 1199.65 3318.6
1928000 1029.53 1089.85 1202.96 3322.34
1930000 1031.95 1091.34 1206.98 3330.26
1932000 1032.85 1094.71 1206.29 3333.86
1934000 1035.43 1096.24 1209.48 3341.15
1936000 1036.94 1097.88 1206.88 3341.7
1938000 1037.79 1098.56 1208.19 3344.55
1940000 1039.63 1099.94 1210.09 3349.66
1942000 1039.69 1101.69 1209.73 3351.1
1944000 1039.97 1102.39 1210.69 3353.05
1946000 1041.23 1106.48 1211.68 3359.39
1948000 1044.72 1106.16 1212.82 3363.7
1950000 1047.58 1107.39 1213.2 3368.18
1952000 1047 1108.33 1214.67 3369.99
1954000 1047.48 1109.69 1216.38 3373.56
1956000 1050.79 1109.16 1217.52 3377.47
1958000 1051.11 1109.69 1219.04 3379.84
1960000 1049.84 1111.76 1218.72 3380.32
1962000 1048.94 1112.78 1222.53 3384.25
1964000 1049.48 1114.12 1225.59 3389.19
1966000 1052.49 1117.75 1223.75 3393.99
1968000 1052.33 1118.82 1223.59 3394.74
1970000 1053 1122.11 1223.25 3398.37
1972000 1056.6 1122.94 1222.52 3402.06
1974000 1056.82 1121.16 1222.96 3400.95
1976000 1058.56 1121.39 1223.86 3403.81
1978000 1059.25 1123.72 1227.87 3410.84
1980000 1060.72 1124.2 1230.63 3415.56
1982000 1060.9 1122.51 1230.76 3414.17
1984000 1063.7 1122.88 1234.62 3421.2
1986000 1064.63 1127.09 1236.21 3427.93
1988000 1065.68 1126.07 1237.4 3429.15
1990000 1062.92 1129.3 1238.07 3430.29
1992000 1063.22 1127.16 1237.62 3428
1994000 1064.93 1133.25 1237.28 3435.47
1996000 1065.44 1133.86 1243.54 3442.84
1998000 1066.56 1135.53 1244.85 3446.94
2000000 1067.96 1137.94 1245.63 3451.53
