0 1777005.4
2000 1771520
4000 1768376.4
6000 1773142.1
8000 1771726.7
10000 1765421.9
12000 1783673.5
14000 1767791.1
16000 1761086.1
18000 1768163.5
20000 1771301.9
22000 1763753.3
24000 1781452.7
26000 1776912.1
28000 1770902
30000 1778015.2
32000 1760720
34000 1785935.6
36000 1779760.2
38000 1776839.6
40000 1768961.1
42000 1775705.2
44000 1778743.7
46000 1769526.7
48000 1780876.5
50000 1768565.9
52000 1781917.1
54000 1779890.6
56000 1776589
58000 1765744.5
60000 1776842.5
62000 1758469.9
64000 1778504.8
66000 1777190.7
68000 1774132.8
70000 1777808.3
72000 1769498.8
74000 1772659.9
76000 1784981.4
78000 1772623.8
80000 1777374.4
82000 1778313.2
84000 1772248
86000 1770348.5
88000 1781268.5
90000 1783443.8
92000 1778630.1
94000 1768086.3
96000 1784592.3
98000 1776482.1
100000 1767505.2
102000 1764420.1
104000 1779542.7
106000 1775615.3
108000 1763083.2
110000 1774001.8
112000 1784065.5
114000 1767561.1
116000 1776304.3
118000 1771713
120000 1767153.7
122000 1774995.2
124000 1769662.9
126000 1774725
128000 1778093.2
130000 1774210.2
132000 1782141
134000 1770109.8
136000 1783226.8
138000 1788535.5
140000 1769350.1
142000 1779847.8
144000 1773767.7
146000 1776232.7
148000 1773276.1
150000 1771351.8
152000 1766391.7
154000 1781142.7
156000 1772572.4
158000 1773645.8
160000 1767094.8
162000 1775386
164000 1769132.3
166000 1768762.7
168000 1768586.8
170000 1779268.5
172000 1768400.1
174000 1775615
176000 1773163.8
178000 1778499.3
180000 1776302.3
182000 1767815.9
184000 1785679.6
186000 1767916.9
188000 1777674.5
190000 1793201.3
192000 1770400.2
194000 1766944.7
196000 1778988.6
198000 1780363
200000 1782459.5
202000 1768810.2
204000 1770905.6
206000 1767532
208000 1770768
210000 1768749.8
212000 1769485.8
214000 1776727.7
216000 1788460.2
218000 1778500
220000 1778192.6
222000 1774914
224000 1775127
226000 1772753.7
228000 1783573.9
230000 1781343.1
232000 1775634.5
234000 1776548
236000 1779563.9
238000 1770502.9
240000 1784071.9
242000 1774645.7
244000 1769579.9
246000 1763732
248000 1788473.2
250000 1774643.3
252000 1763471.5
254000 1767356.1
256000 1771108.5
258000 1782610.1
260000 1769079.3
262000 1776308.7
264000 1776742.3
266000 1782495.7
268000 1770326.8
270000 1775058.1
272000 1778639
274000 1779205.7
276000 1777743.9
278000 1770383.4
280000 1784231.5
282000 1769651.3
284000 1784974.4
286000 1776490.4
288000 1779798.7
290000 1778131.7
292000 1766015.3
294000 1767300.9
296000 1780885.5
298000 1786209
300000 1788912.5
302000 1770490.7
304000 1769968
306000 1769233
308000 1769935.4
310000 1772490.7
312000 1787743.9
314000 1776734.3
316000 1777949.3
318000 1773017.5
320000 1771481.6
322000 1766283.7
324000 1773799.5
326000 1775533.7
328000 1775202.2
330000 1775108.2
332000 1784699.1
334000 1786690.2
336000 1766134.2
338000 1785593
340000 1780589.9
342000 1776132
344000 1770756.1
346000 1782129.7
348000 1772719.5
350000 1765678.3
352000 1774311.5
354000 1774110.8
356000 1773039.6
358000 1772495
360000 1785561.5
362000 1773797.4
364000 1784922.7
366000 1769689.1
368000 1779949.5
370000 1773589.4
372000 1781837.8
374000 1773549.1
376000 1774202.2
378000 1772582.2
380000 1774356.2
382000 1776559.5
384000 1780334.1
386000 1761104.2
388000 1774407.6
390000 1788852.7
392000 1775869.5
394000 1774008
396000 1786005.8
398000 1779877.3
400000 1782265
402000 1780816.1
404000 1785336
406000 1768908.8
408000 1779233.4
410000 1775808.2
412000 1770510.8
414000 1770276
416000 1777471.1
418000 1773785.6
420000 1771253.9
422000 1772142.9
424000 1758247.4
426000 1776185.6
428000 1785402.4
430000 1779626.8
432000 1779813.9
434000 1778657.3
436000 1781905.6
438000 1776926.4
440000 1777739.2
442000 1773008.5
444000 1767457.9
446000 1776420.5
448000 1772789.9
450000 1773442.3
452000 1775303.5
454000 1776593.2
456000 1763167.9
458000 1779748.4
460000 1774684
462000 1777282.5
464000 1770670
466000 1770790.1
468000 1778457.6
470000 1783866
472000 1782121.4
474000 1764509
476000 1779519.9
478000 1786661.7
480000 1774961
482000 1788419.2
484000 1770193.6
486000 1784409.7
488000 1781472.7
490000 1772731.6
492000 1775702.5
494000 1782038.2
496000 1779186
498000 1773086.6
500000 1767965.6
502000 1773435.7
504000 1779109.5
506000 1775969.8
508000 1781211.6
510000 1765652.1
512000 1766359.2
514000 1774702.3
516000 1773604.3
518000 1769822
520000 1768750.9
522000 1780438
524000 1772862.1
526000 1784313.9
528000 1775296.7
530000 1775694.3
532000 1777356.4
534000 1783093.9
536000 1771603.4
538000 1776256.3
540000 1768304.7
542000 1763022.8
544000 1767365.7
546000 1781756
548000 1770967.9
550000 1772195.1
552000 1782973.1
554000 1776113.7
556000 1769778.1
558000 1778128
560000 1777846.6
562000 1769464.4
564000 1772889.7
566000 1780603.8
568000 1774963.6
570000 1769780.5
572000 1789480.1
574000 1777256.6
576000 1765068.5
578000 1773539.3
580000 1776379
582000 1785021.9
584000 1782266.9
586000 1777686.4
588000 1779947.3
590000 1777700.9
592000 1784647.3
594000 1771203.2
596000 1769405.4
598000 1766383.1
600000 1766164.9
602000 1772636.3
604000 1773733.2
606000 1787120.5
608000 1768702.5
610000 1776304.7
612000 1785383.7
614000 1765351.1
616000 1783288.4
618000 1773702
620000 1766893
622000 1772968.2
624000 1773350.2
626000 1770170.5
628000 1778634.7
630000 1787629.1
632000 1778887.9
634000 1759297.6
636000 1780076.3
638000 1767511.6
640000 1773222.4
642000 1777862.1
644000 1773733.6
646000 1778145.6
648000 1776129.4
650000 1774219
652000 1779258.1
654000 1768610.1
656000 1777560.7
658000 1767606.8
660000 1785658.8
662000 1768042.6
664000 1776694.6
666000 1775942.5
668000 1767523.1
670000 1772235.3
672000 1780145.6
674000 1773839
676000 1772282.2
678000 1776263.9
680000 1776758.1
682000 1761366.1
684000 1775183.7
686000 1780748.7
688000 1777714.5
690000 1780573.4
692000 1773341.9
694000 1789002.7
696000 1775600
698000 1775603.4
700000 1767315.3
702000 1778677.8
704000 1774197.1
706000 1779384.7
708000 1780887.9
710000 1775394
712000 1783299
714000 1776296.1
716000 1773236.9
718000 1774656
720000 1779066.5
722000 1770959.7
724000 1769684
726000 1786180.4
728000 1777811.1
730000 1780779.6
732000 1764280.5
734000 1790093.9
736000 1771545.5
738000 1777747.7
740000 1776664.6
742000 1769620.7
744000 1763387.6
746000 1768786.8
748000 1782780.2
750000 1767590.6
752000 1767776.7
754000 1783336.4
756000 1776327.8
758000 1771224.3
760000 1781885.5
762000 1779580.9
764000 1782479.1
766000 1764846.2
768000 1774411.4
770000 1783934.4
772000 1771243.3
774000 1771147.6
776000 1770269.1
778000 1769390.3
780000 1780093.6
782000 1782117.4
784000 1762149.6
786000 1770146.4
788000 1772764.1
790000 1768008.3
792000 1781294.4
794000 1775504.1
796000 1774383.9
798000 1778281
800000 1783814.3
802000 1782377.9
804000 1773757.7
806000 1765298.6
808000 1775998.6
810000 1777496.6
812000 1780918.3
814000 1769422.9
816000 1777028.7
818000 1781477.3
820000 1777030.4
822000 1772702.9
824000 1784767.9
826000 1769776.9
828000 1777656.6
830000 1790987
832000 1777467
834000 1782479.8
836000 1766842.6
838000 1776139.3
840000 1769088.9
842000 1776139.2
844000 1777895.7
846000 1774838.1
848000 1781507.3
850000 1776826.5
852000 1777245.5
854000 1764691.6
856000 1779329.7
858000 1775666.6
860000 1770162.5
862000 1781803
864000 1775925.4
866000 1782641.1
868000 1764250.7
870000 1772314.4
872000 1781751.2
874000 1768559.2
876000 1769699.2
878000 1771520.7
880000 1773221.1
882000 1772702.1
884000 1786199.1
886000 1765625.7
888000 1772167.3
890000 1767564.1
892000 1780241.1
894000 1778017.3
896000 1774019
898000 1781290.1
900000 1768771.9
902000 1783851.5
904000 1775201.3
906000 1765873
908000 1776665.1
910000 1774046.3
912000 1780709.5
914000 1766937.9
916000 1783266.5
918000 1779639.4
920000 1767811.6
922000 1781847.8
924000 1770960.5
926000 1765475.6
928000 1785729.8
930000 1783668
932000 1786863.7
934000 1773375.9
936000 1775133.9
938000 1771693.7
940000 1791125.1
942000 1767415.3
944000 1770763.8
946000 1769715.9
948000 1784022.4
950000 1778447.6
952000 1776684.2
954000 1773157.3
956000 1780091.3
958000 1780782.7
960000 1763042.7
962000 1766616.8
964000 1774930.2
966000 1773853.3
968000 1784986.8
970000 1787436.2
972000 1777681.4
974000 1774462.2
976000 1781446.1
978000 1775910.6
980000 1774304.4
982000 1770422.9
984000 1775655.4
986000 1784837.8
988000 1787590.4
990000 1779659.2
992000 1784166.5
994000 1768926.3
996000 1782089.1
998000 1767936.1
1000000 1778290.6
1002000 1786055.3
1004000 1772110.2
1006000 1786205
1008000 1775551.3
1010000 1772941.9
1012000 1764356
1014000 1775716.3
1016000 1768532.4
1018000 1772454.2
1020000 1776817.6
1022000 1788118
1024000 1780964.8
1026000 1782054.4
1028000 1768055.6
1030000 1770892.5
1032000 1786138.9
1034000 1777800.1
1036000 1765307.5
1038000 1768252.6
1040000 1777162
1042000 1777240.9
1044000 1782178
1046000 1782623.3
1048000 1771825.5
1050000 1791294.2
1052000 1776828.8
1054000 1776822.9
1056000 1766280
1058000 1772260.1
1060000 1772820
1062000 1779409.4
1064000 1776731
1066000 1788288.6
1068000 1782422.5
1070000 1768672.5
1072000 1769156.6
1074000 1769858.1
1076000 1771091.1
1078000 1771728.1
1080000 1781714.7
1082000 1777975.6
1084000 1766664.4
1086000 1772488.1
1088000 1770211.5
1090000 1770642.4
1092000 1776357.9
1094000 1782686.5
1096000 1777179
1098000 1776952.6
1100000 1780778
1102000 1782263.5
1104000 1775531.3
1106000 1778033.3
1108000 1774726.9
1110000 1762349.6
1112000 1781656.3
1114000 1781705.6
1116000 1769234.4
1118000 1775661
1120000 1777879.7
1122000 1766914.1
1124000 1780164.2
1126000 1771499.4
1128000 1788792.7
1130000 1771800.7
1132000 1785965.9
1134000 1765817.2
1136000 1769322
1138000 1771558
1140000 1773933.8
1142000 1777600.8
1144000 1780680.7
1146000 1771295
1148000 1779572.7
1150000 1776520.2
1152000 1777874.1
1154000 1768495.7
1156000 1786855
1158000 1770336.9
1160000 1778763.8
1162000 1773251.5
1164000 1772604.1
1166000 1778757.4
1168000 1768120.9
1170000 1764716.9
1172000 1777936.2
1174000 1776753.3
1176000 1766025.5
1178000 1777170.6
1180000 1765829.9
1182000 1778654.1
1184000 1771115.9
1186000 1782498.1
1188000 1768770.9
1190000 1770912.5
1192000 1766798.5
1194000 1778566.5
1196000 1774362.2
1198000 1764380.4
1200000 1779615.1
1202000 1776706.1
1204000 1781954.7
1206000 1790431.4
1208000 1776281
1210000 1770496.3
1212000 1773401.9
1214000 1773554.6
1216000 1772930.4
1218000 1784744.9
1220000 1763663.7
1222000 1763906.4
1224000 1775287.5
1226000 1780268.7
1228000 1780780.3
1230000 1774309.4
1232000 1787637.7
1234000 1778914.9
1236000 1785310.1
1238000 1769565.6
1240000 1782164.3
1242000 1775140.9
1244000 1774067.6
1246000 1776164.8
1248000 1773950.2
1250000 1779334
1252000 1778593.7
1254000 1779381.7
1256000 1771024.9
1258000 1762601.7
1260000 1771692
1262000 1783298.5
1264000 1772572.8
1266000 1787197.3
1268000 1761740.7
1270000 1766624.4
1272000 1777871.6
1274000 1779078.1
1276000 1785769.6
1278000 1769556
1280000 1784869.3
1282000 1772800.3
1284000 1778372.8
1286000 1771659.5
1288000 1775789.2
1290000 1756608.1
1292000 1773612
1294000 1772962.1
1296000 1768847.3
1298000 1767634.2
1300000 1779158.3
1302000 1777629.2
1304000 1779866.3
1306000 1788487.5
1308000 1765917.3
1310000 1779199.6
1312000 1776993.9
1314000 1774375.1
1316000 1769876.1
1318000 1772233.7
1320000 1782715
1322000 1780058.8
1324000 1774357.6
1326000 1775633.8
1328000 1766861.1
1330000 1773914.8
1332000 1775276.9
1334000 1780124.5
1336000 1774391.3
1338000 1767882
1340000 1771030.3
1342000 1775337.4
1344000 1783174.7
1346000 1773580.4
1348000 1782115.1
1350000 1774840.4
1352000 1782250.2
1354000 1775782.1
1356000 1784584.4
1358000 1776764
1360000 1768315.3
1362000 1774557.5
1364000 1775187.4
1366000 1769450.9
1368000 1786806.8
1370000 1771415
1372000 1775633.8
1374000 1771303.8
1376000 1785187.6
1378000 1777989.4
1380000 1783721.4
1382000 1778672.6
1384000 1783913.1
1386000 1769147
1388000 1776439.1
1390000 1780726.6
1392000 1779351.1
1394000 1775583.6
1396000 1769216.1
1398000 1773379.9
1400000 1779943.1
1402000 1791759.5
1404000 1774772.5
1406000 1780348.7
1408000 1766961.7
1410000 1786046.8
1412000 1774592.3
1414000 1785059.6
1416000 1773807.3
1418000 1783947
1420000 1776327.1
1422000 1775111.4
1424000 1774992.9
1426000 1767679.1
1428000 1770462.7
1430000 1767140.1
1432000 1771239.7
1434000 1761423.4
1436000 1782137.8
1438000 1761708.6
1440000 1778944.1
1442000 1774350.1
1444000 1765863
1446000 1768983
1448000 1777530
1450000 1780689.9
1452000 1769448.4
1454000 1766470.2
1456000 1782960.8
1458000 1782402.5
1460000 1769321.2
1462000 1770652.1
1464000 1780465.5
1466000 1768981.8
1468000 1771918.1
1470000 1760117.3
1472000 1792020
1474000 1775638.1
1476000 1781014.7
1478000 1773846.6
1480000 1773983.3
1482000 1769253.7
1484000 1768393.5
1486000 1774924.4
1488000 1773211.5
1490000 1771176.5
1492000 1786889
1494000 1784996.1
1496000 1774453
1498000 1773155.6
1500000 1780125.3
1502000 1767462.5
1504000 1768185.8
1506000 1760563.3
1508000 1770576.8
1510000 1766321.4
1512000 1777947
1514000 1771565
1516000 1779477.8
1518000 1775010.8
1520000 1773667.8
1522000 1783497.4
1524000 1775252.6
1526000 1764453.2
1528000 1779106.8
1530000 1788520
1532000 1771268.1
1534000 1779100.6
1536000 1778804.6
1538000 1759839.6
1540000 1768817.6
1542000 1768464.4
1544000 1774472.2
1546000 1771977
1548000 1780619.3
1550000 1773645.4
1552000 1773772.3
1554000 1780018.1
1556000 1776742
1558000 1781910
1560000 1758993.5
1562000 1771734.9
1564000 1770123.8
1566000 1776910.4
1568000 1785472.9
1570000 1768222.1
1572000 1792629.9
1574000 1764793.6
1576000 1768437.6
1578000 1771620.8
1580000 1779999
1582000 1779028.4
1584000 1772924.5
1586000 1777085.6
1588000 1782317.5
1590000 1767525
1592000 1788386.9
1594000 1769667.7
1596000 1772622.1
1598000 1769637.1
1600000 1780160.3
1602000 1774764
1604000 1782958.4
1606000 1779073.2
1608000 1776571.3
1610000 1774850.7
1612000 1779918.8
1614000 1758335.5
1616000 1777575.5
1618000 1768412.9
1620000 1768158.2
1622000 1778591.5
1624000 1778060.1
1626000 1774540.6
1628000 1782355.9
1630000 1772497.8
1632000 1763249.3
1634000 1766396
1636000 1781100.9
1638000 1771655.4
1640000 1769942.3
1642000 1775824.9
1644000 1776883.1
1646000 1778931.1
1648000 1777166.8
1650000 1776238.9
1652000 1773200
1654000 1778688.4
1656000 1773695.7
1658000 1764771.2
1660000 1772440
1662000 1781956
1664000 1774590.8
1666000 1782311.8
1668000 1772422.9
1670000 1776056.8
1672000 1778623.3
1674000 1777333.4
1676000 1782967.6
1678000 1764314
1680000 1770364.3
1682000 1788732
1684000 1766702.2
1686000 1778665.4
1688000 1768170
1690000 1778780.1
1692000 1775126.9
1694000 1781204.2
1696000 1781790.8
1698000 1780088.7
1700000 1768765.6
1702000 1776913.8
1704000 1781954.9
1706000 1781405.8
1708000 1770399.2
1710000 1770111.6
1712000 1776756.2
1714000 1763843.6
1716000 1774517.6
1718000 1779220.9
1720000 1766580.8
1722000 1758847.8
1724000 1773881.2
1726000 1783799.6
1728000 1778262.2
1730000 1782848.7
1732000 1774156.6
1734000 1773929.5
1736000 1754486.4
1738000 1778753.3
1740000 1774070.6
1742000 1775658.4
1744000 1767362.3
1746000 1776917.8
1748000 1785029.1
1750000 1773566.7
1752000 1769400.8
1754000 1771109.7
1756000 1784205.9
1758000 1773596.6
1760000 1768813.6
1762000 1776020.3
1764000 1783015.6
1766000 1766194.8
1768000 1780469.2
1770000 1774673.5
1772000 1776994.3
1774000 1779822.4
1776000 1777483.9
1778000 1773851.6
1780000 1781420.2
1782000 1768433.9
1784000 1777562.5
1786000 1779673.5
1788000 1779236.2
1790000 1785234.6
1792000 1778796.2
1794000 1773649.1
1796000 1769694.9
1798000 1789987.3
1800000 1762184.7
1802000 1775365.2
1804000 1772379.4
1806000 1775371.5
1808000 1772316.1
1810000 1779213.4
1812000 1778651.1
1814000 1771782.6
1816000 1770415.2
1818000 1771372.5
1820000 1777257.8
1822000 1779983.3
1824000 1771671.6
1826000 1777396.1
1828000 1769913
1830000 1777710.1
1832000 1771176.6
1834000 1766492.4
1836000 1781475.1
1838000 1783467.4
1840000 1770817.3
1842000 1768624
1844000 1783076.1
1846000 1780352.5
1848000 1778307
1850000 1765547.1
1852000 1776706.6
1854000 1774661.3
1856000 1782121.8
1858000 1771497
1860000 1782066
1862000 1773783.2
1864000 1769429.5
1866000 1761646.2
1868000 1784695.6
1870000 1766989.1
1872000 1776903
1874000 1780917.8
1876000 1773736.4
1878000 1767955
1880000 1777862.3
1882000 1780499.9
1884000 1766851.3
1886000 1776200.2
1888000 1790309.1
1890000 1775760.1
1892000 1772626.6
1894000 1781010.6
1896000 1764530.6
1898000 1781490.2
1900000 1781436.3
1902000 1788210.9
1904000 1780552.1
1906000 1780835.9
1908000 1775078
1910000 1775962.8
1912000 1768081.2
1914000 1769048.4
1916000 1782435.9
1918000 1764834.1
1920000 1773089.3
1922000 1771984.3
1924000 1780901.4
1926000 1763833.8
1928000 1790030.4
1930000 1770853.4
1932000 1778438.7
1934000 1772723.5
1936000 1776181.4
1938000 1780093.3
1940000 1770238.1
1942000 1776546.2
1944000 1780575.8
1946000 1777181.4
1948000 1774899.7
1950000 1769921.4
1952000 1767531.4
1954000 1776782.5
1956000 1783658.5
1958000 1773068.5
1960000 1766479.1
1962000 1767162.2
1964000 1772058.6
1966000 1771664.9
1968000 1770726.5
1970000 1773813.8
1972000 1775707.5
1974000 1764319.2
1976000 1788722
1978000 1775714.7
1980000 1775417.3
1982000 1775901.5
1984000 1785361.4
1986000 1776200.5
1988000 1771568.7
1990000 1766233.4
1992000 1780641.2
1994000 1767838.4
1996000 1774156.1
1998000 1761843.2
2000000 1775638.9
