# Time-averaged data for fix savemsd
# TimeStep c_msd[1] c_msd[2] c_msd[3] c_msd[4]
0 1.82607e-33 0 1.40899e-29 1.40918e-29
2000 1.7037 1.80417 1.51045 5.01832
4000 3.55188 3.37079 3.02756 9.95023
6000 4.86592 5.13755 4.43615 14.4396
8000 6.54197 6.83392 6.06527 19.4412
10000 7.80186 8.41643 7.68034 23.8986
12000 9.56794 10.1689 8.94507 28.6819
14000 11.0932 11.9509 10.3508 33.3948
16000 13.0585 13.3492 12.0425 38.4502
18000 14.5202 15.0077 13.6485 43.1763
20000 16.4938 16.8295 15.7081 49.0314
22000 17.6812 18.2011 17.742 53.6243
24000 19.1431 19.9038 19.4027 58.4496
26000 20.3358 21.0942 20.6316 62.0616
28000 22.3319 22.8611 22.5545 67.7475
30000 24.0744 25.1199 24.8438 74.0382
32000 26.0113 26.2542 26.2488 78.5143
34000 28.1663 27.9142 28.0358 84.1163
36000 30.272 29.6417 29.0747 88.9884
38000 31.5583 30.8854 31.1488 93.5926
40000 33.0917 33.5826 32.683 99.3574
42000 35.0772 34.8272 34.3787 104.283
44000 36.6131 36.3182 36.6271 109.558
46000 39.3556 38.1691 37.1461 114.671
48000 40.6276 39.5996 38.529 118.756
50000 41.9191 40.8104 39.4838 122.213
52000 44.4437 42.3137 40.6325 127.39
54000 46.2521 43.1425 42.8469 132.241
56000 48.424 44.6148 44.5354 137.574
58000 49.6304 45.254 45.9492 140.834
60000 52.1537 46.9915 47.1288 146.274
62000 53.6619 48.6436 48.8604 151.166
64000 55.3406 50.2141 50.4081 155.963
66000 57.0567 52.1488 52.1205 161.326
68000 59.2841 53.2941 54.5846 167.163
70000 61.2995 54.5394 55.8222 171.661
72000 63.4973 56.2845 56.3766 176.158
74000 64.3416 57.8517 57.3105 179.504
76000 65.6516 59.4092 58.1227 183.184
78000 67.4911 60.9393 59.395 187.825
80000 68.7836 61.9199 61.5133 192.217
82000 69.347 63.8244 62.9782 196.15
84000 71.1982 65.3146 64.331 200.844
86000 72.8592 67.2316 65.3897 205.48
88000 73.8826 69.181 67.237 210.301
90000 76.4354 70.9974 68.847 216.28
92000 78.606 71.8886 71.0887 221.583
94000 80.1503 73.8852 73.0041 227.04
96000 81.6512 74.5763 74.6679 230.895
98000 83.6512 76.4302 75.1615 235.243
100000 85.6757 78.6838 76.1549 240.514
102000 86.582 80.9289 77.7984 245.309
104000 87.6521 81.6898 78.4818 247.824
106000 88.7682 82.8516 80.7531 252.373
108000 90.3493 84.8037 81.8681 257.021
110000 91.5164 85.6982 83.9393 261.154
112000 91.4712 87.8022 85.2919 264.565
114000 93.0045 89.857 87.1379 269.999
116000 95.2031 90.2476 88.8165 274.267
118000 96.7075 92.4625 90.2342 279.404
120000 97.4049 93.5629 91.2605 282.228
122000 98.4733 94.5715 93.6706 286.715
124000 99.5301 96.6829 95.5944 291.807
126000 101.804 97.9908 97.9504 297.746
128000 102.422 99.9449 99.2138 301.581
130000 103.889 100.275 100.366 304.531
132000 104.926 101.713 101.593 308.232
134000 105.595 102.964 103.445 312.003
136000 107.583 104.855 104.674 317.113
138000 108.638 106.472 106.013 321.122
140000 109.595 108.633 107.825 326.053
142000 111.531 110.362 110.664 332.558
144000 112.583 112.542 112.33 337.455
146000 113.397 113.952 114.183 341.532
148000 115.661 115.946 115.352 346.959
150000 118.079 117.148 117.037 352.264
152000 120.138 119.3 119.2 358.638
154000 123.022 121.917 122.006 366.945
156000 123.878 122.602 123.475 369.955
158000 124.788 124.451 125.261 374.5
160000 126.566 125.589 126.796 378.951
162000 128.545 126.755 127.775 383.075
164000 130.805 129.203 128.552 388.561
166000 132.902 129.697 129.556 392.156
168000 133.726 131.975 130.44 396.141
170000 135.902 133.668 131.678 401.248
172000 138.837 134.659 133.422 406.918
174000 139.096 136.308 134.316 409.72
176000 140.897 138.47 135.524 414.892
178000 142.469 140.359 138.122 420.951
180000 143.791 143.362 139.286 426.439
182000 144.916 145.365 139.851 430.132
184000 145.158 144.902 140.429 430.489
186000 146.812 147.145 141.515 435.472
188000 150.457 146.691 143.109 440.257
190000 152.186 149.334 144.514 446.034
192000 153.75 150.885 146.989 451.624
194000 155.632 152.282 148.543 456.458
196000 157.133 154.538 149.569 461.241
198000 159.415 157.722 151.216 468.353
200000 160.987 159.675 152.781 473.442
202000 162.762 161.186 153.996 477.944
204000 164.044 163.121 156.76 483.925
206000 166.345 164.904 157.739 488.988
208000 168.306 166.413 159.826 494.545
210000 169.49 166.954 161.378 497.822
212000 171.434 168.22 162.545 502.198
214000 173.189 169.323 162.904 505.416
216000 174.774 170.961 165.119 510.854
218000 175.829 172.567 166.935 515.331
220000 178.436 174.037 168.377 520.85
222000 179.979 173.69 171.764 525.432
224000 182.173 176.137 173.663 531.973
226000 183.641 177.895 175.919 537.455
228000 183.829 179.575 177.118 540.522
230000 185.888 179.437 178.558 543.883
232000 186.309 182.147 179.782 548.238
234000 186.636 184.353 182.999 553.989
236000 188.744 185.664 186.138 560.545
238000 190.851 189.135 188.011 567.996
240000 193.705 189.651 189.437 572.793
242000 195.57 191.637 189.257 576.464
244000 197.55 193.945 190.526 582.021
246000 199.505 194.444 192.198 586.147
248000 200.592 195.072 193.699 589.363
250000 201.39 196.408 195.71 593.507
252000 202.226 197.112 197.997 597.335
254000 203.225 200.237 200.498 603.96
256000 204.366 203.525 201.442 609.333
258000 206.917 205.584 202.476 614.976
260000 209.039 205.505 203.894 618.437
262000 210.031 207.508 207 624.54
264000 212.012 210.169 207.85 630.031
266000 212.401 211.676 208.899 632.976
268000 214.22 213.134 212.024 639.379
270000 216.557 216.49 214.176 647.223
272000 220.413 218.559 215.05 654.021
274000 221.49 219.341 216.459 657.29
276000 222.896 220.109 219.044 662.049
278000 223.754 223.227 219.241 666.221
280000 225.487 225.736 219.652 670.875
282000 225.783 227.637 220.833 674.253
284000 226.824 229.808 222.297 678.93
286000 228.321 231.104 225.47 684.896
288000 229.606 232.652 226.107 688.364
290000 232.461 234.27 227.337 694.069
292000 233.675 234.9 229.774 698.349
294000 234.987 234.794 230.215 699.996
296000 237.343 236.32 230.845 704.509
298000 238.702 237.055 232.163 707.919
300000 239.904 239.331 233.176 712.411
302000 242.627 240.154 235.994 718.775
304000 243.016 240.087 239.017 722.12
306000 244.587 239.954 239.13 723.672
308000 245.687 243.101 240.251 729.039
310000 247.181 245.241 242.523 734.944
312000 246.211 246.142 245.377 737.73
314000 247.589 250.696 245.997 744.283
316000 247.597 251.791 247.778 747.166
318000 249.694 253.684 248.697 752.074
320000 251.885 255.797 250.45 758.133
322000 253.168 256.822 252.748 762.738
324000 256.141 258.866 254.739 769.747
326000 256.038 260.263 256.125 772.426
328000 257.839 262.301 256.783 776.923
330000 258.832 263.799 257.348 779.979
332000 260.253 264.952 257.556 782.761
334000 260.073 264.988 259.226 784.287
336000 262.946 266.406 260.557 789.908
338000 265.583 269.053 262.519 797.155
340000 265.099 269.935 264.137 799.171
342000 267.169 273.36 267.004 807.533
344000 270.317 275.864 267.657 813.838
346000 272.804 278.088 269.31 820.202
348000 274.68 279.125 269.71 823.514
350000 274.713 280.376 271.38 826.469
352000 275.096 283.782 273.568 832.446
354000 274.77 284.119 273.701 832.59
356000 276.966 286.321 276.412 839.699
358000 278.512 290.574 277.091 846.177
360000 278.855 292.532 278.779 850.166
362000 280.074 293.882 281.371 855.327
364000 280.438 294.711 284.314 859.463
366000 278.759 296.492 286.182 861.433
368000 281.069 298.952 288.682 868.704
370000 281.661 301.003 291.173 873.836
372000 281.953 303.29 292.036 877.279
374000 282.019 303.338 296.066 881.423
376000 283.577 306.072 298.299 887.947
378000 284.44 306.395 301.63 892.465
380000 287.188 307.465 302.018 896.671
382000 288.896 308.624 303.357 900.876
384000 291.954 310.249 305.545 907.748
386000 293.833 312.595 308.164 914.592
388000 293.648 312.438 308.434 914.519
390000 294.16 315.714 309.529 919.402
392000 295.775 316.025 312.982 924.782
394000 294.974 318.176 315.862 929.012
396000 295.886 320.528 316.597 933.01
398000 297.553 322.892 316.624 937.069
400000 298.071 324.995 318.587 941.654
402000 299.126 326.693 319.506 945.325
404000 301.652 328.495 319.763 949.91
406000 302.812 330.137 321.724 954.674
408000 305.503 332.936 324.616 963.055
410000 307.091 335.882 325.336 968.309
412000 308.822 337.764 325.325 971.911
414000 311.337 340.699 326.984 979.02
416000 314.243 339.27 328.4 981.913
418000 317.667 341.359 329.035 988.06
420000 321.031 340.344 332.93 994.305
422000 323.915 342.327 334.988 1001.23
424000 325.571 343.561 335.614 1004.75
426000 325.528 347.48 337.436 1010.44
428000 326.519 349.573 340.067 1016.16
430000 328.635 350.736 342.227 1021.6
432000 329.868 351.018 342.683 1023.57
434000 333.974 351.711 344.646 1030.33
436000 335.915 353.709 346.612 1036.24
438000 337.75 355.455 347.676 1040.88
440000 338.073 356.411 349.788 1044.27
442000 340.146 356.454 349.522 1046.12
444000 342.393 357.454 352.448 1052.3
446000 343.762 360.109 355.19 1059.06
448000 348.918 362.159 356.22 1067.3
450000 348.905 363.052 358.951 1070.91
452000 350.812 364.387 359.404 1074.6
454000 352.742 364.884 361.748 1079.37
456000 354.921 367.101 363.552 1085.57
458000 353.573 367.964 363.758 1085.3
460000 355.226 370.334 367.811 1093.37
462000 356.294 371.06 368.543 1095.9
464000 357.626 371.39 371.952 1100.97
466000 360.175 372.188 373.151 1105.51
468000 363.921 373.36 376.345 1113.63
470000 364.9 376.429 377.327 1118.66
472000 365.416 379.269 377.581 1122.27
474000 368.699 379.616 379.146 1127.46
476000 368.515 381.817 379.387 1129.72
478000 371.345 383.459 382.162 1136.97
480000 372.899 384.436 384.119 1141.45
482000 375.432 387.303 386.666 1149.4
484000 376.161 387.723 385.402 1149.29
486000 380.786 390.263 386.226 1157.28
488000 381.946 392.408 387.854 1162.21
490000 381.906 393.212 388.329 1163.45
492000 382.23 396.258 388.315 1166.8
494000 384.512 396.692 390.033 1171.24
496000 387.162 399 393.015 1179.18
498000 389.293 401.084 392.597 1182.97
500000 391.296 403.095 394.495 1188.89
502000 392.107 405.312 397.391 1194.81
504000 395.157 407.311 400.601 1203.07
506000 394.171 410.019 402.269 1206.46
508000 394.388 406.868 404.977 1206.23
510000 396.734 409.687 407.062 1213.48
512000 399.572 409.719 408.995 1218.29
514000 402.129 410.717 410.987 1223.83
516000 402.4 412.259 413.103 1227.76
518000 403.929 413.806 414.824 1232.56
520000 405.562 414.066 417.067 1236.69
522000 407.515 415.408 421.371 1244.29
524000 409.863 417.128 421.655 1248.65
526000 410.53 419.741 423.898 1254.17
528000 412.832 421.501 425.876 1260.21
530000 414.313 422.247 429.162 1265.72
532000 416.986 420.355 432.601 1269.94
534000 418.852 423.939 435.641 1278.43
536000 421.263 423.736 436.628 1281.63
538000 423.392 427.953 437.795 1289.14
540000 424.849 431.128 441.81 1297.79
542000 424.767 431.894 443.09 1299.75
544000 428.281 432.027 444.799 1305.11
546000 429.796 434.585 447.163 1311.54
548000 434.089 437.087 447.167 1318.34
550000 435.765 437.989 448.038 1321.79
552000 436.565 439.36 450.236 1326.16
554000 437.527 442.574 451.319 1331.42
556000 439.501 443.025 453.233 1335.76
558000 439.862 444.955 453.115 1337.93
560000 442.12 447.39 454.747 1344.26
562000 444.916 449.738 455.991 1350.65
564000 446.106 451.01 457.518 1354.63
566000 449.502 454.031 457.365 1360.9
568000 451.122 457.988 459.251 1368.36
570000 452.627 460.806 461.367 1374.8
572000 452.643 464.221 463.271 1380.13
574000 453.326 463.627 465.566 1382.52
576000 455.285 465.358 468.831 1389.47
578000 456.72 467.967 470.501 1395.19
580000 459.98 469.819 473.624 1403.42
582000 461.725 472.812 474.109 1408.65
584000 462.651 475.277 475.037 1412.96
586000 463.979 477.436 476.09 1417.51
588000 466.318 478.309 477.312 1421.94
590000 467.516 480.164 476.799 1424.48
592000 470.443 480.499 478.985 1429.93
594000 472.833 481.668 480.704 1435.2
596000 474.62 484.807 484.111 1443.54
598000 476.204 486.772 483.072 1446.05
600000 475.179 487.931 483.695 1446.8
602000 475.957 490.152 488.033 1454.14
604000 477.65 493.721 489.578 1460.95
606000 479.927 495.135 491.71 1466.77
608000 480.22 496.626 495.782 1472.63
610000 480.709 498.778 498.045 1477.53
612000 483.148 499.66 499.326 1482.13
614000 487.171 501.378 502.578 1491.13
616000 489.564 506.271 502.674 1498.51
618000 490.072 506.025 504.398 1500.49
620000 491.358 508.261 507.468 1507.09
622000 494.816 507.382 508.974 1511.17
624000 494.351 507.15 509.993 1511.49
626000 496.726 510.88 509.307 1516.91
628000 498.509 512.232 511.319 1522.06
630000 501.392 512.492 511.518 1525.4
632000 502.138 513.932 512.818 1528.89
634000 505.324 515.736 515.434 1536.49
636000 506.398 519.945 518.004 1544.35
638000 508.116 522.319 519.588 1550.02
640000 511.054 524.851 522.553 1558.46
642000 513.968 524.436 521.14 1559.54
644000 513.2 526.688 523.848 1563.74
646000 513.892 529.633 524.734 1568.26
648000 517.733 530.996 527.237 1575.97
650000 521.561 531.987 529.743 1583.29
652000 523.401 532.122 529.892 1585.41
654000 524.65 534.895 532.272 1591.82
656000 524.108 534.461 534.183 1592.75
658000 525.429 536.88 533.689 1596
660000 526.609 536.843 535.174 1598.63
662000 529.234 537.111 535.396 1601.74
664000 534.212 539.053 534.836 1608.1
666000 533.394 539.216 538.851 1611.46
668000 537.402 540.091 542.732 1620.22
670000 541.653 544.595 542.409 1628.66
672000 546.636 545.57 544.309 1636.51
674000 552.043 546.551 544.568 1643.16
676000 554.421 547.001 544.478 1645.9
678000 556.144 550.365 546.088 1652.6
680000 556.264 550.868 548.444 1655.58
682000 560.317 553.152 552.701 1666.17
684000 561.31 554.902 554.639 1670.85
686000 562.385 556.284 555.524 1674.19
688000 563.087 558.615 555.156 1676.86
690000 565.458 561.45 557.191 1684.1
692000 566.385 563.785 559.33 1689.5
694000 567.51 563.944 559.911 1691.36
696000 572.474 564.975 562.592 1700.04
698000 578.557 564.278 566.075 1708.91
700000 580.623 566.11 567.666 1714.4
702000 584.681 565.246 570.508 1720.44
704000 584.945 566.572 569.333 1720.85
706000 589.964 567.741 573.328 1731.03
708000 591.116 567.237 573.549 1731.9
710000 592.87 568.489 574.035 1735.39
712000 593.612 570.035 575.521 1739.17
714000 596.436 573.764 578.638 1748.84
716000 596.028 574.058 578.635 1748.72
718000 597.37 573.398 579.419 1750.19
720000 600.75 575.486 583.189 1759.42
722000 602.131 578.574 585.185 1765.89
724000 602.972 580.769 587.427 1771.17
726000 604.64 581.471 589.954 1776.07
728000 603.426 585.595 590.774 1779.79
730000 604.216 589.238 595.096 1788.55
732000 607.059 591.525 597.437 1796.02
734000 610.82 592.877 598.277 1801.97
736000 612.453 593.409 602.388 1808.25
738000 615.499 597.076 605.108 1817.68
740000 618.749 598.97 606.957 1824.68
742000 619.589 599.701 607.292 1826.58
744000 620.06 602.615 609.733 1832.41
746000 619.331 606.029 613.71 1839.07
748000 621.404 608.624 616.687 1846.71
750000 622.199 610.796 619.619 1852.61
752000 625.399 610.976 620.484 1856.86
754000 627.781 611.971 622.732 1862.48
756000 630.492 615.369 622.702 1868.56
758000 631.216 617.581 625.767 1874.56
760000 632.128 619.579 624.749 1876.46
762000 633.115 621 622.892 1877.01
764000 633.567 625.351 622.261 1881.18
766000 637.832 624.033 623.474 1885.34
768000 637.1 628.269 626.323 1891.69
770000 639.528 629.334 625.34 1894.2
772000 643.514 629.244 629.207 1901.97
774000 644.386 629.275 629.213 1902.87
776000 645.078 631.994 632.456 1909.53
778000 647.295 631.574 633.196 1912.07
780000 647.981 632.281 636.678 1916.94
782000 650.103 632.359 638.402 1920.86
784000 650.568 632.239 638.115 1920.92
786000 652.19 632.136 639 1923.33
788000 653.998 632.226 643.715 1929.94
790000 656.857 635.887 645.502 1938.25
792000 659.099 635.177 645.637 1939.91
794000 658.999 634.622 646.19 1939.81
796000 660.532 638.056 649.247 1947.83
798000 661.514 637.985 650.335 1949.83
800000 664.356 640.412 655.821 1960.59
802000 663.309 642.354 656.084 1961.75
804000 665.801 643.94 657.137 1966.88
806000 664.466 644.893 655.518 1964.88
808000 664.712 643.289 656.617 1964.62
810000 665.469 646.497 658.419 1970.39
812000 668.496 646.247 661.472 1976.21
814000 669.045 649.205 663.247 1981.5
816000 672.421 650.255 666.076 1988.75
818000 672.501 655.332 667.952 1995.78
820000 671.903 656.658 670.132 1998.69
822000 672.91 657.813 673.686 2004.41
824000 674.704 656.988 672.139 2003.83
826000 676.392 659.235 675.696 2011.32
828000 679.078 661.712 676.811 2017.6
830000 679.759 661.979 679.73 2021.47
832000 682.703 661.777 680.763 2025.24
834000 682.089 663.619 681.21 2026.92
836000 685.839 664.922 682.866 2033.63
838000 684.884 665.966 687.569 2038.42
840000 686.365 667.092 687.45 2040.91
842000 686.252 665.904 688.582 2040.74
844000 689.358 665.179 692.046 2046.58
846000 690.293 668.807 692.866 2051.97
848000 693.393 669.934 696.673 2060
850000 693.056 671.226 699.583 2063.86
852000 695.125 675.223 701.321 2071.67
854000 700.993 679.417 699.998 2080.41
856000 702.585 681.032 703.111 2086.73
858000 705.539 684.475 703.961 2093.98
860000 704.486 686.192 705.007 2095.68
862000 705.174 688.913 704.59 2098.68
864000 705.794 693.296 708.613 2107.7
866000 707.631 693.957 710.714 2112.3
868000 709.453 695.166 713.463 2118.08
870000 711.467 696.713 716.485 2124.67
872000 712.178 698.545 719.01 2129.73
874000 714.266 701.318 721.34 2136.93
876000 714.434 702.734 723.121 2140.29
878000 717.035 707.491 723.383 2147.91
880000 716.944 709.04 721.448 2147.43
882000 718.449 709.916 722.178 2150.54
884000 718.793 710.349 723.698 2152.84
886000 721.097 710.256 726.991 2158.34
888000 723.195 710.911 728.268 2162.37
890000 727.34 709.404 727.619 2164.36
892000 730.092 711.701 730.756 2172.55
894000 729.916 714.454 732.135 2176.51
896000 731.729 713.278 733.269 2178.28
898000 730.522 715.589 734.265 2180.38
900000 731.4 714.462 736.739 2182.6
902000 732.013 718.356 736.373 2186.74
904000 729.732 721.153 742.273 2193.16
906000 731.35 721.616 744.827 2197.79
908000 732.963 723.85 747.508 2204.32
910000 733.269 723.644 748.833 2205.75
912000 732.33 727.627 749.067 2209.02
914000 736.144 731.053 752.85 2220.05
916000 738.163 729.334 754.086 2221.58
918000 741.712 734.612 758.442 2234.77
920000 744.673 735.08 757.54 2237.29
922000 748.126 736.421 759.339 2243.89
924000 746.637 737.174 759.96 2243.77
926000 746.368 740.377 756.999 2243.74
928000 748.124 741.811 760.248 2250.18
930000 749.29 745.849 763.436 2258.58
932000 750.538 744.151 764.797 2259.49
934000 754.132 748.445 763.254 2265.83
936000 756.436 750.265 768.799 2275.5
938000 758.12 750.539 773.152 2281.81
940000 759.397 752.427 774.385 2286.21
942000 763.72 752.157 776.987 2292.86
944000 762.968 753.698 773.832 2290.5
946000 763.019 755.405 773.926 2292.35
948000 763.875 759.079 773.827 2296.78
950000 765.804 761.257 775.307 2302.37
952000 768.252 762.861 780.273 2311.39
954000 768.458 765.816 782.657 2316.93
956000 772.606 766.856 786.38 2325.84
958000 772.179 767.714 791.691 2331.58
960000 776.965 770.774 790.51 2338.25
962000 776.279 774.154 794.73 2345.16
964000 775.843 775.805 796.289 2347.94
966000 777.588 777.135 796.384 2351.11
968000 778.749 778.351 799.884 2356.98
970000 779.914 776.807 801.778 2358.5
972000 781.431 778.824 803.05 2363.3
974000 782.052 780.06 806.429 2368.54
976000 785.641 781.161 804.721 2371.52
978000 785.141 781.441 806.488 2373.07
980000 787.615 782.363 809.991 2379.97
982000 789.924 784.724 811.949 2386.6
984000 791.606 787.253 815.357 2394.22
986000 791.373 786.487 815.463 2393.32
988000 793.821 788.973 816.709 2399.5
990000 794.014 791.024 819.183 2404.22
992000 795.654 793.403 822.789 2411.85
994000 800.686 799.27 824.86 2424.82
996000 801.343 801.523 825.648 2428.51
998000 802.156 801.906 825.452 2429.51
1000000 800.857 805.953 826.235 2433.04
1002000 800.828 804.91 828.348 2434.09
1004000 801.399 805.407 835.062 2441.87
1006000 807.816 807.551 839.28 2454.65
1008000 808.402 811.462 842.281 2462.15
1010000 809.12 814.094 845.724 2468.94
1012000 812.678 815.852 852.101 2480.63
1014000 813.349 819.648 848.92 2481.92
1016000 815.864 818.259 849.644 2483.77
1018000 818.787 820.21 849.076 2488.07
1020000 822.371 822.032 853.119 2497.52
1022000 824.247 823.363 856.34 2503.95
1024000 827.851 825.804 856.628 2510.28
1026000 832.016 828.548 860.645 2521.21
1028000 833.212 833.481 862.489 2529.18
1030000 834.192 834.552 863.619 2532.36
1032000 834.724 835.683 864.298 2534.7
1034000 832.862 836.964 867.648 2537.47
1036000 832.544 835.498 870.971 2539.01
1038000 833.524 837.181 872.308 2543.01
1040000 834.344 838.924 874.616 2547.88
1042000 841.286 840.135 878.738 2560.16
1044000 843.912 841.136 880.721 2565.77
1046000 847.08 842.119 881.074 2570.27
1048000 846.072 841.356 881.497 2568.93
1050000 848.435 841.881 884.572 2574.89
1052000 848.695 841.794 883.954 2574.44
1054000 851.811 839.294 887.724 2578.83
1056000 856.016 842.124 889.855 2588
1058000 856.161 843.638 891.932 2591.73
1060000 857.63 846.095 892.583 2596.31
1062000 858.81 848.422 893.879 2601.11
1064000 861.442 849.242 894.233 2604.92
1066000 864.32 848.5 893.339 2606.16
1068000 868.261 849.264 895.037 2612.56
1070000 869.753 850.97 899.417 2620.14
1072000 871.807 852.216 900.317 2624.34
1074000 876.534 853.779 902.618 2632.93
1076000 876.83 857.001 902.662 2636.49
1078000 877.94 862.236 903.825 2644
1080000 880.032 863.844 907.216 2651.09
1082000 881.169 864.051 909.626 2654.85
1084000 879.697 863.657 909.168 2652.52
1086000 882.717 864.763 912.411 2659.89
1088000 886.209 867.793 913.93 2667.93
1090000 886.656 872.151 914.247 2673.05
1092000 889.981 874.585 914.043 2678.61
1094000 893.842 873.54 914.532 2681.91
1096000 895.343 871.914 919.592 2686.85
1098000 894.298 876.65 925.444 2696.39
1100000 896.286 880.568 928.614 2705.47
1102000 898.385 880.214 931.323 2709.92
1104000 903.51 880.729 931.623 2715.86
1106000 904.709 884.311 931.331 2720.35
1108000 906.34 884.757 929.928 2721.03
1110000 904.894 886.637 932.292 2723.82
1112000 907.773 890.115 933.901 2731.79
1114000 910.665 891.478 936.238 2738.38
1116000 914.791 893.65 935.854 2744.3
1118000 917.099 892.827 936.717 2746.64
1120000 920.658 897.128 937.469 2755.26
1122000 922.472 901.176 941.192 2764.84
1124000 922.629 905.173 943.344 2771.15
1126000 926.726 905.497 942.5 2774.72
1128000 929.96 906.953 943.721 2780.63
1130000 931.374 906.658 947.154 2785.19
1132000 935.607 910.875 947.818 2794.3
1134000 935.977 912.726 947.591 2796.29
1136000 934.059 915.113 947.368 2796.54
1138000 936.407 916.514 952.041 2804.96
1140000 941.241 920.231 954.599 2816.07
1142000 940.293 923.431 953.836 2817.56
1144000 945.61 921.767 955.987 2823.37
1146000 946.246 924.615 958.54 2829.4
1148000 948.878 926.639 958.71 2834.23
1150000 949.626 926.617 959.167 2835.41
1152000 951.711 928.459 961.248 2841.42
1154000 952.426 929.544 963.207 2845.18
1156000 952.11 926.561 962.525 2841.2
1158000 952.746 928.04 961.921 2842.71
1160000 955.144 926.945 963.995 2846.08
1162000 953.36 929.045 964.527 2846.93
1164000 955.754 930.046 966.4 2852.2
1166000 955.143 931.13 970.049 2856.32
1168000 960.145 935.477 971.29 2866.91
1170000 960.97 936.179 976.157 2873.31
1172000 962.545 938.696 978.276 2879.52
1174000 964.562 937.84 981.436 2883.84
1176000 964.479 937.845 985.372 2887.7
1178000 968.311 939.351 988.199 2895.86
1180000 967.109 946.289 990.118 2903.52
1182000 969.024 947.959 988.891 2905.87
1184000 968.154 947.2 988.911 2904.27
1186000 969.063 950.598 986.835 2906.5
1188000 971.287 947.163 990.674 2909.12
1190000 977.825 949.697 994.372 2921.89
1192000 979.492 949.514 999.2 2928.21
1194000 980.456 955.536 1002.33 2938.32
1196000 980.378 959.704 1003.43 2943.51
1198000 983.384 963.996 1004.72 2952.1
1200000 985.778 963.917 1005.35 2955.05
1202000 985.832 966.349 1008.63 2960.81
1204000 987.3 968.453 1009.01 2964.76
1206000 987.62 967.505 1009.12 2964.24
1208000 989.451 970.523 1011.89 2971.87
1210000 991.727 974.131 1014.05 2979.91
1212000 996.107 978.149 1012.23 2986.49
1214000 998.015 978.487 1015.6 2992.11
1216000 997.107 981.048 1021.01 2999.16
1218000 996.076 985.171 1022.24 3003.48
1220000 997.488 988.553 1022.91 3008.95
1222000 1000.38 992.128 1021.68 3014.19
1224000 1002.12 993.191 1023.53 3018.84
1226000 1003.11 996.244 1025.61 3024.96
1228000 1003.93 1001.4 1029.04 3034.37
1230000 1005.59 1003.32 1031.49 3040.39
1232000 1008.55 999.649 1033.33 3041.53
1234000 1009.09 1001.41 1038.17 3048.67
1236000 1007.83 1006.36 1038.46 3052.66
1238000 1008.34 1007.08 1040.69 3056.12
1240000 1007.85 1008.61 1043.55 3060.01
1242000 1005.54 1010.18 1042.7 3058.41
1244000 1005.67 1013.3 1042.44 3061.41
1246000 1004.85 1011.78 1043.94 3060.56
1248000 1002.97 1009.29 1045.28 3057.54
1250000 1004.87 1012.72 1050.69 3068.28
1252000 1006.3 1017.32 1048.82 3072.44
1254000 1005.04 1019.4 1050.96 3075.39
1256000 1006.34 1022.2 1050.5 3079.03
1258000 1009.08 1022.33 1050.02 3081.42
1260000 1006.73 1024.22 1052.79 3083.74
1262000 1010.09 1027.25 1054.72 3092.06
1264000 1012.57 1025.8 1057.01 3095.38
1266000 1011.48 1028.31 1056.56 3096.35
1268000 1015.08 1031.58 1061.3 3107.96
1270000 1016.69 1034.66 1065.3 3116.65
1272000 1019.77 1037.53 1070.53 3127.83
1274000 1022.19 1042.16 1073.26 3137.61
1276000 1025.05 1044.01 1076.53 3145.59
1278000 1028.16 1048.63 1077.17 3153.96
1280000 1031.5 1049.36 1078.61 3159.46
1282000 1032.64 1049.46 1081.19 3163.29
1284000 1029.61 1050.16 1083.14 3162.9
1286000 1029.99 1054.9 1083.53 3168.42
1288000 1031.26 1060.88 1083.82 3175.96
1290000 1032.27 1062.35 1086.04 3180.66
1292000 1035.31 1065.32 1086.18 3186.82
1294000 1038.45 1071.47 1090.03 3199.95
1296000 1041.42 1072.07 1092.01 3205.51
1298000 1043.27 1075.98 1093.62 3212.87
1300000 1047.21 1081.06 1094.32 3222.59
1302000 1049.63 1084.55 1094.86 3229.03
1304000 1053.01 1085.72 1096.09 3234.82
1306000 1057.57 1086.42 1099.1 3243.1
1308000 1058.24 1087.46 1101.09 3246.79
1310000 1061.48 1091.74 1099.21 3252.42
1312000 1059.58 1088.63 1099.26 3247.48
1314000 1064.43 1092.03 1100.86 3257.31
1316000 1065.91 1093.7 1101.04 3260.65
1318000 1067.2 1095.27 1100.38 3262.85
1320000 1069.41 1097.08 1100.53 3267.03
1322000 1066.73 1098.6 1100.18 3265.51
1324000 1069.9 1097.87 1102.11 3269.88
1326000 1071.97 1099.72 1105.5 3277.19
1328000 1071.4 1099.67 1111.11 3282.18
1330000 1069.88 1101.82 1113.02 3284.72
1332000 1077.34 1103.28 1113.01 3293.63
1334000 1078.07 1103.27 1117.97 3299.31
1336000 1079.09 1103.85 1117.09 3300.03
1338000 1077.38 1106.27 1117.25 3300.9
1340000 1078.21 1108.81 1122.34 3309.35
1342000 1082.63 1108.81 1123.42 3314.86
1344000 1087.01 1108.48 1125.21 3320.69
1346000 1086.53 1107.53 1125.94 3320
1348000 1089.87 1110.78 1128.23 3328.88
1350000 1094.13 1111.21 1134.06 3339.4
1352000 1094.46 1115.65 1135.14 3345.25
1354000 1096.81 1116.4 1137.13 3350.34
1356000 1095.88 1119.07 1138.64 3353.59
1358000 1098.32 1123.53 1138.91 3360.75
1360000 1098.72 1126.55 1139.27 3364.54
1362000 1102.37 1127.76 1138.73 3368.86
1364000 1106.04 1127.76 1140.17 3373.98
1366000 1107.76 1128.05 1142.35 3378.16
1368000 1107.72 1128.62 1144.54 3380.87
1370000 1110.11 1127.96 1148.37 3386.44
1372000 1116.74 1130.72 1149.4 3396.86
1374000 1115.79 1133.03 1151.06 3399.87
1376000 1116.97 1132.36 1153.12 3402.46
1378000 1116.19 1134.56 1156.38 3407.14
1380000 1117.1 1136.25 1157.87 3411.21
1382000 1114.46 1139.32 1159.07 3412.85
1384000 1114.02 1140.71 1157.74 3412.46
1386000 1116.66 1144.35 1157.21 3418.22
1388000 1120.35 1145.83 1161.7 3427.87
1390000 1119.2 1145.71 1163.77 3428.68
1392000 1123.71 1147.37 1166.81 3437.89
1394000 1126.32 1148.19 1170.38 3444.89
1396000 1127.28 1151.31 1169.99 3448.58
1398000 1125.06 1154.61 1169.24 3448.91
1400000 1125.14 1155.72 1166.81 3447.66
1402000 1126.06 1153.85 1167.49 3447.4
1404000 1127.94 1155.69 1170.51 3454.13
1406000 1129.68 1158.6 1169.47 3457.75
1408000 1134.31 1155.27 1170.17 3459.75
1410000 1134.64 1159.51 1168.52 3462.67
1412000 1135.54 1159.76 1170.09 3465.39
1414000 1134.36 1161.52 1173.73 3469.61
1416000 1136.48 1161.83 1174.08 3472.4
1418000 1141.08 1164.14 1177.16 3482.39
1420000 1143.29 1166.54 1182 3491.83
1422000 1143.23 1167.84 1183.66 3494.73
1424000 1143.69 1172.26 1185.96 3501.91
1426000 1144.28 1172.79 1184.15 3501.22
1428000 1148.06 1175.38 1184.66 3508.1
1430000 1150.29 1175.64 1184.24 3510.17
1432000 1152.71 1177.85 1186 3516.56
1434000 1155.42 1177.61 1184.56 3517.59
1436000 1157.19 1180.37 1187.56 3525.12
1438000 1159.65 1182.35 1189.97 3531.97
1440000 1159.42 1187.01 1192.41 3538.84
1442000 1162.15 1191.67 1191.25 3545.07
1444000 1160.04 1192.78 1194.5 3547.33
1446000 1163.19 1194.54 1194.99 3552.72
1448000 1165.19 1196.83 1195.58 3557.6
1450000 1168.45 1193.78 1197.82 3560.05
1452000 1169.02 1193.56 1198.05 3560.62
1454000 1174.08 1199.58 1201.16 3574.83
1456000 1172.57 1198.84 1202.09 3573.5
1458000 1173.58 1202.84 1202.08 3578.5
1460000 1179.3 1202.33 1200.16 3581.79
1462000 1180.92 1207.83 1201.88 3590.63
1464000 1181.38 1208.6 1204.12 3594.1
1466000 1180.59 1210.32 1205.19 3596.1
1468000 1182.62 1215.89 1205.17 3603.69
1470000 1183.07 1218.38 1209.09 3610.54
1472000 1186.04 1214.71 1216.07 3616.81
1474000 1184.84 1216.04 1215.93 3616.81
1476000 1186.59 1221.05 1218.83 3626.47
1478000 1186.64 1221.1 1219.82 3627.56
1480000 1188.25 1224.1 1221.84 3634.18
1482000 1189.68 1225.5 1229.09 3644.27
1484000 1190.67 1231.65 1229.13 3651.46
1486000 1193.6 1234.37 1228.72 3656.69
1488000 1195.68 1238.72 1225.05 3659.45
1490000 1196.83 1237.55 1227.08 3661.46
1492000 1200.13 1241.5 1233.27 3674.89
1494000 1200.42 1242.59 1232.57 3675.57
1496000 1203.21 1239.93 1233.71 3676.85
1498000 1202.97 1238.67 1231.41 3673.05
1500000 1205.25 1237.17 1233.09 3675.51
1502000 1207.46 1236.15 1236.97 3680.58
1504000 1205.05 1235.46 1240.44 3680.95
1506000 1209.18 1235.18 1244.37 3688.72
1508000 1211.98 1240.48 1247.17 3699.64
1510000 1214.79 1242.11 1243.3 3700.2
1512000 1221.29 1239.46 1245.73 3706.48
1514000 1226.06 1242.4 1245.54 3713.99
1516000 1223.67 1246.48 1247.72 3717.87
1518000 1225.59 1244.73 1251.5 3721.82
1520000 1229.22 1247.79 1254.56 3731.57
1522000 1230.86 1250.52 1258.15 3739.53
1524000 1229.25 1251.12 1255.36 3735.73
1526000 1228.3 1252.55 1255.88 3736.73
1528000 1230.26 1253.19 1255.29 3738.75
1530000 1230.29 1254.06 1253.79 3738.14
1532000 1232.26 1256.57 1254.2 3743.03
1534000 1231.58 1259.85 1254.65 3746.08
1536000 1231.98 1257.1 1257.57 3746.65
1538000 1234.74 1254.21 1258.63 3747.58
1540000 1235.57 1260.1 1261.48 3757.15
1542000 1237.47 1262.6 1263.38 3763.46
1544000 1235.16 1264.65 1264.95 3764.76
1546000 1234.54 1263.73 1265.41 3763.69
1548000 1238.61 1263.91 1267.59 3770.11
1550000 1241.86 1265.77 1268.77 3776.4
1552000 1244.7 1269.76 1269.16 3783.61
1554000 1247.27 1273 1269.94 3790.22
1556000 1247.33 1274.48 1276.26 3798.07
1558000 1250.5 1273.34 1279.08 3802.92
1560000 1250.67 1275.96 1280.25 3806.88
1562000 1251.89 1273.99 1282.41 3808.29
1564000 1252.77 1274.63 1286.2 3813.6
1566000 1254.63 1273.21 1289.88 3817.73
1568000 1252.28 1277.41 1295.8 3825.48
1570000 1254.48 1276.78 1300.85 3832.11
1572000 1259.62 1281.35 1302.88 3843.86
1574000 1264.71 1281.09 1303.48 3849.28
1576000 1269.54 1285.01 1309.56 3864.11
1578000 1268.24 1284.39 1313.81 3866.44
1580000 1269.68 1283.3 1312.95 3865.93
1582000 1268.53 1285.96 1316.77 3871.26
1584000 1270.9 1289.04 1321.61 3881.56
1586000 1275.14 1290.84 1324.29 3890.27
1588000 1279.26 1287.41 1326.84 3893.5
1590000 1281.88 1291.17 1326.54 3899.59
1592000 1282.58 1294.8 1330.49 3907.87
1594000 1282.65 1296.49 1332.51 3911.65
1596000 1284.53 1298.2 1335.65 3918.38
1598000 1285.95 1299.1 1340.3 3925.35
1600000 1287.15 1303.8 1340.96 3931.91
1602000 1287.72 1302.9 1343.65 3934.28
1604000 1291.69 1303.18 1346.78 3941.65
1606000 1293.26 1304.8 1342.12 3940.18
1608000 1295.85 1306.42 1348.76 3951.03
1610000 1296.52 1307.96 1354.31 3958.78
1612000 1297.97 1309.7 1359.5 3967.18
1614000 1299.11 1310.21 1362.2 3971.53
1616000 1301.19 1310.35 1364.42 3975.96
1618000 1301.41 1311.31 1367.13 3979.84
1620000 1303.44 1313.42 1367.96 3984.82
1622000 1303.67 1315.08 1370.98 3989.73
1624000 1311.37 1318.03 1371.85 4001.25
1626000 1311.91 1321.36 1373.02 4006.3
1628000 1314.02 1322.37 1380.34 4016.73
1630000 1317.97 1326.81 1382.27 4027.05
1632000 1318.1 1331.61 1377.55 4027.26
1634000 1319.09 1333.62 1382.26 4034.97
1636000 1320.5 1335.4 1382.75 4038.65
1638000 1325.22 1333.45 1384.42 4043.09
1640000 1330.84 1334.53 1387.66 4053.04
1642000 1330.8 1338.49 1389.43 4058.72
1644000 1330.13 1343.17 1390.78 4064.07
1646000 1332.45 1348.42 1390.64 4071.51
1648000 1336.09 1347.55 1390.68 4074.31
1650000 1333.72 1348.94 1395.95 4078.6
1652000 1333.76 1353.61 1393.41 4080.78
1654000 1337.5 1356.66 1395.4 4089.55
1656000 1341.05 1359.1 1400.22 4100.37
1658000 1342.15 1361.16 1404.5 4107.81
1660000 1345.2 1359.24 1404.37 4108.81
1662000 1344.67 1361.01 1407.63 4113.31
1664000 1345.22 1364.13 1410.37 4119.73
1666000 1351.85 1362.86 1409.79 4124.5
1668000 1354.21 1365.31 1410.42 4129.93
1670000 1352.08 1368.67 1410.73 4131.48
1672000 1351.41 1370.17 1412 4133.58
1674000 1355.03 1370.19 1418.52 4143.73
1676000 1359.19 1366.97 1420.69 4146.85
1678000 1360.48 1373.3 1417.62 4151.41
1680000 1360.89 1376.19 1421.91 4158.99
1682000 1360.87 1380.25 1425.31 4166.43
1684000 1365.76 1380.27 1428.28 4174.31
1686000 1366.85 1380.28 1430.53 4177.66
1688000 1368.45 1381.77 1429.45 4179.67
1690000 1372.98 1382.57 1431.92 4187.47
1692000 1373.17 1385.18 1435.44 4193.78
1694000 1374.56 1388.81 1433.1 4196.46
1696000 1373.34 1393.28 1433.66 4200.28
1698000 1374.48 1392.42 1434.14 4201.04
1700000 1375.82 1395.37 1438.66 4209.85
1702000 1377.49 1396.55 1445.52 4219.56
1704000 1377.23 1391.67 1446.01 4214.91
1706000 1379.24 1392.63 1443.36 4215.23
1708000 1380.76 1396.19 1446.78 4223.74
1710000 1382.54 1396.86 1448.55 4227.94
1712000 1389.61 1398.34 1450.22 4238.17
1714000 1394.6 1396.38 1450.89 4241.87
1716000 1396.54 1399.91 1452.56 4249.01
1718000 1397.12 1401.96 1453.43 4252.51
1720000 1397.69 1401.56 1459.9 4259.16
1722000 1399.71 1404.51 1458.33 4262.56
1724000 1404.5 1408.46 1464.32 4277.27
1726000 1404.48 1410.94 1472.28 4287.7
1728000 1407.35 1410.37 1474.57 4292.29
1730000 1410.15 1410.43 1474.09 4294.67
1732000 1416.42 1414.53 1475.67 4306.62
1734000 1418.08 1417.3 1474.21 4309.58
1736000 1419.71 1421.52 1475.16 4316.38
1738000 1419.04 1420.33 1478.76 4318.12
1740000 1417.77 1422.61 1478.29 4318.68
1742000 1421.58 1421.43 1476.43 4319.45
1744000 1422.77 1422.91 1474.35 4320.02
1746000 1427.03 1427.16 1476.48 4330.66
1748000 1429.36 1430.52 1478.93 4338.8
1750000 1433.25 1428.7 1478.27 4340.22
1752000 1430.62 1430.85 1479.88 4341.34
1754000 1435.46 1434.29 1484.61 4354.36
1756000 1439.93 1437.84 1484.17 4361.95
1758000 1438.35 1434.96 1485.41 4358.72
1760000 1439.87 1436.84 1485.93 4362.64
1762000 1439.53 1438.62 1485.61 4363.76
1764000 1442.18 1443.08 1487.01 4372.27
1766000 1446.12 1446.06 1489.93 4382.12
1768000 1444.43 1448.02 1490.63 4383.08
1770000 1446.84 1453.14 1489.35 4389.33
1772000 1444.98 1455.46 1493.04 4393.48
1774000 1446.08 1455.04 1495.34 4396.45
1776000 1444.88 1457.1 1496.73 4398.71
1778000 1449.34 1455.96 1499.8 4405.1
1780000 1453.4 1458.44 1497.44 4409.28
1782000 1457.24 1457.26 1496.89 4411.39
1784000 1455.22 1458.15 1500.91 4414.27
1786000 1458.2 1459.18 1498.95 4416.33
1788000 1460.54 1460.29 1501.39 4422.22
1790000 1457.6 1459.85 1497.23 4414.68
1792000 1459.37 1459.29 1503.13 4421.79
1794000 1459.67 1459.76 1506.62 4426.04
1796000 1462.66 1463.06 1510.07 4435.79
1798000 1463.22 1465.31 1509.01 4437.55
1800000 1464.13 1462.81 1515.05 4442
1802000 1463.61 1467.57 1510.66 4441.84
1804000 1464.75 1464.96 1509.78 4439.49
1806000 1467.77 1471.06 1510.47 4449.3
1808000 1468.98 1479.24 1514.03 4462.24
1810000 1470.17 1480.15 1515.24 4465.57
1812000 1470.27 1481.21 1514.53 4466.01
1814000 1473.91 1485.6 1512.01 4471.52
1816000 1475.02 1487.86 1514.18 4477.06
1818000 1478.76 1489.65 1517.87 4486.27
1820000 1480.52 1493.82 1519.45 4493.79
1822000 1484.39 1497.27 1522.85 4504.52
1824000 1486.66 1498.41 1521.38 4506.46
1826000 1488.06 1500.93 1523.61 4512.61
1828000 1487.85 1500.74 1526.48 4515.07
1830000 1490.24 1503.82 1525.06 4519.12
1832000 1493.15 1503.11 1523.91 4520.17
1834000 1493.82 1505.22 1527.69 4526.73
1836000 1494.69 1507.63 1525.02 4527.34
1838000 1498.29 1505.66 1525.31 4529.26
1840000 1501.21 1508.13 1528.95 4538.3
1842000 1502.26 1507.55 1536.22 4546.03
1844000 1508.9 1513.6 1534.3 4556.8
1846000 1515.89 1513.86 1531.98 4561.73
1848000 1513.71 1514.31 1531.93 4559.95
1850000 1514.52 1514.53 1527.64 4556.69
1852000 1517.42 1520.93 1526.04 4564.39
1854000 1515.8 1525.68 1522.68 4564.16
1856000 1518.13 1524.75 1523.36 4566.24
1858000 1520.13 1527.4 1527.17 4574.7
1860000 1526.49 1530.18 1529.05 4585.71
1862000 1528.07 1530.63 1533.26 4591.97
1864000 1524.98 1531.36 1531.01 4587.35
1866000 1523.29 1530.87 1536.96 4591.12
1868000 1521.8 1532.28 1533.16 4587.24
1870000 1525.18 1532.65 1533.5 4591.34
1872000 1528.96 1530.61 1536.27 4595.83
1874000 1530.43 1534.88 1536.64 4601.95
1876000 1531.84 1536.76 1536.62 4605.22
1878000 1536.72 1539.77 1538.65 4615.14
1880000 1540.52 1541.1 1537.99 4619.61
1882000 1539.22 1547.36 1541.68 4628.25
1884000 1537.64 1552.6 1543.02 4633.26
1886000 1538.56 1557.17 1542.58 4638.3
1888000 1539.23 1554.71 1542.11 4636.04
1890000 1539.89 1555.87 1544.04 4639.81
1892000 1539.65 1557.59 1543.58 4640.82
1894000 1540.72 1561.27 1544.91 4646.89
1896000 1540.6 1562.95 1545.07 4648.62
1898000 1543.33 1562.81 1548.21 4654.36
1900000 1542.5 1559.82 1551.89 4654.22
1902000 1541.74 1561.87 1553.01 4656.61
1904000 1539.87 1562.53 1553.68 4656.08
1906000 1538.55 1562.57 1555.45 4656.57
1908000 1540.64 1563.21 1552.35 4656.2
1910000 1543.48 1563.16 1557.41 4664.05
1912000 1541 1563.97 1564.75 4669.72
1914000 1543.46 1567.41 1564.92 4675.78
1916000 1543.96 1569.41 1569.56 4682.93
1918000 1544.18 1577.51 1570.9 4692.59
1920000 1543 1576.21 1571.18 4690.4
1922000 1543.22 1579.78 1574.09 4697.09
1924000 1546.31 1585.07 1576.43 4707.81
1926000 1551.69 1589.82 1582.88 4724.39
1928000 1555.29 1595.13 1582.08 4732.49
1930000 1556.53 1598.42 1582.21 4737.17
1932000 1555.48 1598.81 1583.35 4737.65
1934000 1555.94 1603.87 1588.03 4747.85
1936000 1556.35 1603.45 1587.72 4747.52
1938000 1554.99 1604.94 1594.03 4753.96
1940000 1555.2 1604.48 1590.18 4749.86
1942000 1561.02 1607.38 1591.26 4759.66
1944000 1567.09 1607.32 1599.35 4773.77
1946000 1565.21 1607.14 1603.34 4775.68
1948000 1569.43 1612.5 1604.09 4786.02
1950000 1567.44 1616 1604.85 4788.29
1952000 1567.27 1618.58 1606.79 4792.64
1954000 1570.74 1621.48 1610.26 4802.48
1956000 1575.41 1621.4 1615.1 4811.91
1958000 1576.98 1620.02 1617.49 4814.5
1960000 1577.48 1620.12 1618.49 4816.09
1962000 1577.29 1620.97 1615.14 4813.4
1964000 1580.12 1623.38 1619.35 4822.85
1966000 1584.95 1624.81 1623.43 4833.19
1968000 1584.35 1629.82 1623.52 4837.69
1970000 1589.42 1631.43 1625.35 4846.21
1972000 1591.35 1631.97 1627.06 4850.38
1974000 1593.39 1634.52 1625.31 4853.22
1976000 1593.38 1635.72 1627.05 4856.14
1978000 1599.61 1636.16 1629.03 4864.8
1980000 1600.63 1640.01 1633.89 4874.54
1982000 1604.98 1642.8 1635.48 4883.26
1984000 1602.25 1646.51 1642.85 4891.61
1986000 1600.63 1653.49 1642.94 4897.05
1988000 1603.32 1654.8 1642.98 4901.1
1990000 1603.92 1654.43 1646.63 4904.97
1992000 1606.44 1657.08 1648.93 4912.45
1994000 1611.07 1652.39 1651.4 4914.85
1996000 1605.12 1653.59 1654.9 4913.61
1998000 1607.08 1656.37 1656.39 4919.84
2000000 1609.83 1664.01 1656.22 4930.05
