# Time-averaged data for fix savemsd
# TimeStep c_msd[1] c_msd[2] c_msd[3] c_msd[4]
0 5.4782e-33 1.82607e-33 1.39658e-29 1.39731e-29
2000 1.57431 1.55638 1.44394 4.57463
4000 3.09743 3.00281 2.89879 8.99903
6000 4.53196 4.35486 4.41085 13.2977
8000 6.43413 6.03902 5.71941 18.1926
10000 8.15847 7.78869 7.22502 23.1722
12000 9.94649 9.39753 8.69703 28.0411
14000 11.3575 10.4884 9.84317 31.6891
16000 12.8457 11.7422 11.3532 35.941
18000 14.4832 12.9795 12.7306 40.1933
20000 16.505 14.3156 14.0458 44.8664
22000 17.7782 15.2831 15.8026 48.8639
24000 19.39 16.3922 17.5029 53.2852
26000 21.098 17.9344 19.0938 58.1262
28000 22.3529 18.9909 20.4872 61.831
30000 23.7921 20.3967 21.7926 65.9814
32000 25.7746 21.6488 23.2383 70.6617
34000 26.5481 22.3271 24.7509 73.6261
36000 27.8939 24.5573 26.3934 78.8446
38000 29.5028 25.5028 27.7339 82.7395
40000 31.4648 27.5127 29.4211 88.3987
42000 32.6589 28.7949 30.6152 92.069
44000 35.2536 30.6549 32.3457 98.2541
46000 36.0477 32.114 34.2971 102.459
48000 37.4655 34.1148 35.9414 107.522
50000 39.0583 35.1521 37.3248 111.535
52000 40.9504 36.2736 38.1632 115.387
54000 41.3745 38.1354 40.1713 119.681
56000 42.4825 39.184 41.8298 123.496
58000 43.6711 40.8403 44.1615 128.673
60000 45.1022 42.2675 45.0048 132.374
62000 46.2135 43.1701 46.3686 135.752
64000 47.9907 45.1434 47.7457 140.88
66000 49.203 46.3387 48.9872 144.529
68000 51.4031 47.8976 49.8057 149.106
70000 52.5177 49.5853 50.9113 153.014
72000 53.8287 50.088 52.4466 156.363
74000 55.704 51.1366 54.4799 161.321
76000 57.3845 52.4727 55.5028 165.36
78000 59.4445 54.5039 56.7994 170.748
80000 62.1546 56.4539 59.187 177.796
82000 63.5348 58.9548 60.682 183.172
84000 65.3483 59.2953 62.3373 186.981
86000 66.557 62.2036 63.4603 192.221
88000 67.4572 63.1964 64.777 195.431
90000 69.631 64.0183 66.2958 199.945
92000 70.8329 64.7774 67.9879 203.598
94000 71.631 66.9868 69.2559 207.874
96000 73.0709 68.5363 70.5635 212.171
98000 74.6424 70.1824 71.1787 216.003
100000 76.6768 70.9622 72.7359 220.375
102000 77.889 71.7659 74.7313 224.386
104000 79.4917 72.5444 75.7325 227.769
106000 80.6004 74.4152 76.5165 231.532
108000 81.7163 77.1865 77.6965 236.599
110000 83.9577 78.9056 80.0348 242.898
112000 85.6199 80.9599 81.6291 248.209
114000 87.1631 82.5442 82.7104 252.418
116000 89.1675 85.1353 83.9604 258.263
118000 89.8858 87.0693 84.8755 261.831
120000 91.3819 89.2623 85.636 266.28
122000 93.8083 90.7957 87.5244 272.128
124000 95.6347 91.9188 88.8856 276.439
126000 96.3869 92.8261 89.8401 279.053
128000 99.0731 93.1373 91.2761 283.486
130000 100.001 94.4379 92.7699 287.209
132000 101.549 96.0347 94.8188 292.403
134000 103.003 95.223 96.3372 294.563
136000 105.219 97.0025 97.7664 299.988
138000 105.891 99.1438 99.9516 304.987
140000 107.079 100.245 101.106 308.43
142000 108.288 101.43 103.294 313.012
144000 109.149 103.374 103.494 316.017
146000 111.008 104.63 105.243 320.881
148000 112.954 105.529 107.273 325.756
150000 115.135 107.85 109.483 332.469
152000 115.93 108.72 109.932 334.582
154000 117.029 109.502 110.622 337.153
156000 117.939 111.483 112.07 341.492
158000 120.053 113.555 113.928 347.537
160000 121.908 114.871 114.896 351.675
162000 123.396 116.806 116.435 356.637
164000 124.745 118.467 117.327 360.54
166000 126.078 119.011 118.046 363.135
168000 128.02 119.618 118.987 366.624
170000 130.981 120.67 119.677 371.328
172000 134.792 121.976 122.011 378.779
174000 135.408 124.862 123.023 383.293
176000 137.72 126.254 124.192 388.166
178000 139.436 127.566 125.059 392.061
180000 140.16 129.908 126.322 396.39
182000 141.855 130.875 127.302 400.033
184000 142.5 132.57 127.935 403.006
186000 144.781 133.416 129.268 407.465
188000 147.225 135.156 132.33 414.71
190000 147.774 135.655 133.192 416.621
192000 148.922 137.933 135.656 422.512
194000 149.937 139.404 137.521 426.861
196000 152.338 139.881 140.246 432.466
198000 152.705 140.57 142.361 435.636
200000 154.525 142.211 143.136 439.871
202000 157.57 142.704 144.936 445.21
204000 157.859 144.227 145.464 447.55
206000 157.799 144.974 145.965 448.739
208000 158.979 146.965 148.817 454.76
210000 160.287 149.153 150.685 460.126
212000 162.61 150.271 150.996 463.877
214000 163.778 152.306 152.642 468.726
216000 166.812 154.405 154.429 475.646
218000 168.428 155.922 155.389 479.739
220000 170.36 158.628 155.881 484.869
222000 171.663 159.715 156.69 488.069
224000 172.364 161.819 157.586 491.77
226000 173.079 164.196 160.167 497.442
228000 175.404 167.757 161.724 504.886
230000 175.346 170.144 163.903 509.394
232000 176.007 170.925 165.337 512.269
234000 178.556 171.361 167.216 517.133
236000 180.055 172.256 169.154 521.465
238000 182.064 175.231 169.592 526.887
240000 181.48 178.044 171.809 531.333
242000 183.283 178.286 174.697 536.266
244000 184.869 178.328 176.207 539.403
246000 185.365 180.265 178.32 543.951
248000 186.912 181.724 180.122 548.758
250000 189.178 182.474 180.423 552.075
252000 190.685 183.611 180.538 554.834
254000 192.105 183.245 182.768 558.118
256000 194.038 185.753 184.097 563.889
258000 196.09 186.47 184.476 567.036
260000 196.184 187.735 186.522 570.441
262000 198.191 190.371 187.966 576.528
264000 200.508 192.642 189.207 582.357
266000 201.707 195.359 191.623 588.689
268000 202.181 198.003 192.158 592.342
270000 205.057 200.28 195.06 600.397
272000 206.73 201.765 195.937 604.431
274000 209.256 202.899 197.19 609.344
276000 211.295 202.736 198.039 612.07
278000 212.091 204.253 200.428 616.772
280000 213.298 206.802 202.703 622.803
282000 217.283 207.829 203.17 628.281
284000 218.411 208.752 204.692 631.854
286000 219.524 211.442 205.917 636.883
288000 220.931 213.462 206.691 641.084
290000 223.422 214.452 207.16 645.034
292000 224.826 215.488 208.62 648.934
294000 224.773 217.786 210.579 653.138
296000 225.913 218.644 211.168 655.726
298000 228.629 220.714 212.642 661.985
300000 229.264 222.731 214.828 666.823
302000 231.324 223.533 215.078 669.935
304000 233.177 225.661 215.428 674.267
306000 234.677 227.901 216.568 679.146
308000 235.296 228.426 216.929 680.651
310000 236.82 229.375 216.266 682.461
312000 239.348 230.001 218.182 687.531
314000 239.452 229.711 221.245 690.408
316000 241.362 230.383 223.233 694.977
318000 243.481 231.965 223.572 699.018
320000 245.443 232.781 225.869 704.094
322000 246.163 234.183 227.25 707.597
324000 246.403 236.734 231.526 714.662
326000 249.152 237.509 232.213 718.874
328000 250.087 237.437 233.681 721.204
330000 250.984 237.502 235.728 724.213
332000 251.833 238.477 235.329 725.639
334000 254.165 238.963 238.314 731.442
336000 255.098 240.814 240.524 736.436
338000 255.674 241.115 241.352 738.141
340000 256.026 243.368 242.322 741.716
342000 257.617 243.145 243.076 743.838
344000 260.36 244.422 246.176 750.959
346000 261.585 245.626 245.682 752.893
348000 262.387 248.938 246.404 757.728
350000 263.897 251.021 248.97 763.888
352000 266.256 251.016 249.983 767.255
354000 268.401 252.864 253.175 774.44
356000 271.082 254.296 254.906 780.284
358000 273.236 254.872 255.535 783.643
360000 274.917 256.481 256.695 788.093
362000 274.798 255.837 257.041 787.675
364000 276.513 256.181 258.589 791.283
366000 278.199 259.11 261.385 798.694
368000 278.804 261.213 262.899 802.916
370000 280.813 263.385 265.395 809.593
372000 280.573 263.097 267.492 811.162
374000 281.437 263.687 269.676 814.8
376000 283.886 266.035 271.674 821.595
378000 285.077 268.4 273.335 826.812
380000 287.425 269.678 275.635 832.737
382000 289.492 272.448 277.85 839.79
384000 290.571 274.501 279.375 844.448
386000 292.301 275.448 278.361 846.11
388000 295.044 276.433 279.586 851.063
390000 296.507 278.577 279.818 854.902
392000 295.95 280.884 280.109 856.943
394000 295.975 283.341 283 862.316
396000 297.518 286.89 285.456 869.864
398000 298.943 287.895 286.875 873.713
400000 300.699 285.77 289.587 876.056
402000 301.85 286.996 290.65 879.495
404000 301.452 289.848 293.903 885.202
406000 302.494 290.534 293.896 886.924
408000 304.69 292.383 295.908 892.981
410000 307.873 295.181 296.396 899.45
412000 310.669 297.568 297.15 905.386
414000 313.927 298.876 297.684 910.487
416000 314.736 300.145 297.819 912.701
418000 317.191 302.427 299.329 918.946
420000 320.549 304.234 301.784 926.568
422000 321.431 306.511 303.51 931.452
424000 321.505 307.03 304.028 932.563
426000 325.849 308.198 307.469 941.515
428000 327.651 309.853 309.641 947.145
430000 331.671 312.957 311.413 956.041
432000 332.616 314.094 312.328 959.038
434000 332.595 314.532 314.645 961.773
436000 333.728 316.343 316.802 966.873
438000 333.811 317.779 318.568 970.158
440000 334.162 320.546 321.601 976.309
442000 334.068 320.952 324.323 979.343
444000 335.357 323.436 327.419 986.212
446000 337.111 323.1 329.194 989.405
448000 338.073 322.899 328.968 989.94
450000 338.82 325.563 329.783 994.166
452000 342.069 325.993 331.071 999.134
454000 343.026 328.363 331.037 1002.43
456000 343.256 328.797 331.643 1003.7
458000 344.479 328.243 334.043 1006.76
460000 344.806 330.504 335.772 1011.08
462000 345.013 332.156 335.795 1012.96
464000 346.495 331.793 340.183 1018.47
466000 347.442 333.525 342.946 1023.91
468000 348.918 336.622 343.856 1029.4
470000 349.256 338.309 344.504 1032.07
472000 348.667 339.383 343.885 1031.94
474000 351.556 340.417 345.916 1037.89
476000 353.637 342.069 348.818 1044.52
478000 354.144 342.819 351.498 1048.46
480000 356.743 344.376 352.506 1053.63
482000 358.806 345.581 352.613 1057
484000 359.961 346.347 355.562 1061.87
486000 360.872 347.084 357.281 1065.24
488000 362.208 348.612 359.201 1070.02
490000 364.286 348.317 359.379 1071.98
492000 364.454 350.953 359.985 1075.39
494000 365.746 350.023 362.208 1077.98
496000 367.864 351.187 361.33 1080.38
498000 368.528 351.459 362.086 1082.07
500000 369.935 353.319 363.151 1086.4
502000 369.071 355.004 364.247 1088.32
504000 371.379 355.707 366.576 1093.66
506000 372.237 356.115 370.858 1099.21
508000 373.007 356.243 371.73 1100.98
510000 374.643 356.482 373.484 1104.61
512000 375.735 359.292 375.727 1110.75
514000 377.629 361.053 376.819 1115.5
516000 377.477 363.278 376.997 1117.75
518000 379.882 367.022 377.308 1124.21
520000 382.07 368.386 376.218 1126.67
522000 385.008 369.922 378.309 1133.24
524000 385.55 372.208 379.68 1137.44
526000 387.134 372.614 380.105 1139.85
528000 388.256 374.2 380.484 1142.94
530000 390.639 377.413 381.84 1149.89
532000 389.982 380.22 382.293 1152.5
534000 393.242 383.034 382.94 1159.22
536000 394.889 380.955 385.049 1160.89
538000 395.675 384.225 387.854 1167.75
540000 397.622 386.793 389.87 1174.29
542000 398.086 388.804 392.797 1179.69
544000 399.63 390.848 393.029 1183.51
546000 401.715 394.24 393.452 1189.41
548000 403.736 395.191 395.226 1194.15
550000 404.487 395.28 395.571 1195.34
552000 404.607 398.199 395.634 1198.44
554000 405.884 397.837 396.211 1199.93
556000 407.812 399.037 396.838 1203.69
558000 408.293 401.341 399.383 1209.02
560000 407.387 403.909 400.86 1212.16
562000 410.674 403.8 401.479 1215.95
564000 413.917 405.26 402.909 1222.09
566000 414.076 405.649 404.021 1223.74
568000 416.951 408.955 404.948 1230.85
570000 416.561 410.798 405.053 1232.41
572000 417.787 411.437 408.944 1238.17
574000 418.829 412.814 411.436 1243.08
576000 421.493 413.333 414.262 1249.09
578000 424.038 416.067 415.294 1255.4
580000 425.378 416.524 416.402 1258.3
582000 424.676 417.516 419.525 1261.72
584000 428.183 420.516 420.695 1269.39
586000 428.416 421.56 420.821 1270.8
588000 427.725 421.175 423.173 1272.07
590000 428.986 421.49 422.719 1273.19
592000 430.019 424.075 422.308 1276.4
594000 432.217 425.831 422.21 1280.26
596000 434.86 426.348 422.518 1283.73
598000 438.091 427.736 424.549 1290.38
600000 440.58 428.883 427.522 1296.98
602000 441.969 430.576 427.421 1299.97
604000 442.753 432.646 429.44 1304.84
606000 442.533 432.873 430.895 1306.3
608000 443.536 432.523 430.008 1306.07
610000 445.443 432.893 432.212 1310.55
612000 449.962 435.37 433.6 1318.93
614000 450.345 436.009 435.289 1321.64
616000 451.132 437.78 435.001 1323.91
618000 453.698 440.249 437.064 1331.01
620000 453.923 441.86 439.23 1335.01
622000 454.44 441.589 439.467 1335.5
624000 456.802 443.153 441.537 1341.49
626000 456.934 443.67 443.211 1343.82
628000 458.687 445.131 444.664 1348.48
630000 459.091 445.677 447.295 1352.06
632000 458.503 446.184 449.217 1353.9
634000 459.871 446.003 450.456 1356.33
636000 462.519 446.541 453.347 1362.41
638000 465.121 446.832 453.848 1365.8
640000 467.957 447.043 456.729 1371.73
642000 466.425 449.495 457.974 1373.89
644000 468.973 450.279 461.832 1381.08
646000 472.858 453.074 463.358 1389.29
648000 473.825 452.88 466.621 1393.33
650000 475.179 453.562 467.719 1396.46
652000 478.129 455.682 472.182 1405.99
654000 480.079 456.469 473.577 1410.13
656000 482.454 459.345 473.907 1415.71
658000 484.091 461.234 477.465 1422.79
660000 485.736 463.044 479.734 1428.51
662000 485.577 463.588 479.954 1429.12
664000 485.625 465.594 482.947 1434.17
666000 487.774 465.988 483.708 1437.47
668000 487.793 466.348 483.915 1438.06
670000 489.279 468.219 483.839 1441.34
672000 490.375 470.088 486.251 1446.71
674000 489.49 472.34 488.259 1450.09
676000 491.742 472.976 488.383 1453.1
678000 492.595 472.387 489.833 1454.82
680000 494.753 473.421 491.538 1459.71
682000 497.002 476.551 492.784 1466.34
684000 498.603 476.119 497.259 1471.98
686000 500.62 480.574 498.431 1479.63
688000 502.022 484.817 499.177 1486.02
690000 504.288 486.701 501.376 1492.36
692000 505.957 486.399 505.047 1497.4
694000 506.143 487.306 506.14 1499.59
696000 505.979 487.742 508.396 1502.12
698000 508.897 488.196 512.135 1509.23
700000 509.656 490.207 513.58 1513.44
702000 510.668 491.392 516.515 1518.58
704000 511.191 493.486 516.615 1521.29
706000 513.924 494.374 520.437 1528.73
708000 513.904 494.507 521.913 1530.32
710000 518.43 496.439 523.034 1537.9
712000 519.649 500.1 526.277 1546.03
714000 524.079 500.676 528.681 1553.44
716000 527.373 503.2 529.992 1560.56
718000 527.09 503.184 530.283 1560.56
720000 528.121 506.631 531.59 1566.34
722000 531.437 508.527 532.223 1572.19
724000 533.108 510.297 532.791 1576.2
726000 536.222 512.308 534.403 1582.93
728000 536.631 513.339 536.283 1586.25
730000 538.771 514.186 536.831 1589.79
732000 541.923 513.193 538.283 1593.4
734000 541.12 513.659 540.888 1595.67
736000 541.061 518.039 542.631 1601.73
738000 543.148 517.351 545.579 1606.08
740000 544.047 519.334 544.731 1608.11
742000 546.607 523.858 546.362 1616.83
744000 547.375 524.087 548.052 1619.51
746000 551.21 525.291 549.738 1626.24
748000 552.843 526.322 548.763 1627.93
750000 557.878 524.443 549.895 1632.22
752000 556.542 526.337 551.626 1634.5
754000 558.503 524.397 551.468 1634.37
756000 557.975 527.527 551.957 1637.46
758000 558.266 528.151 553.006 1639.42
760000 559.111 531.235 553.721 1644.07
762000 558.925 531.441 552.899 1643.26
764000 557.887 532.375 554.702 1644.96
766000 560.243 532.373 556.365 1648.98
768000 560.775 533.204 560.107 1654.09
770000 562.489 533.746 561.54 1657.77
772000 563.014 532.811 563.188 1659.01
774000 565.392 533.649 564.224 1663.26
776000 563.661 536.483 565.439 1665.58
778000 563.643 538.572 567.707 1669.92
780000 564.384 538.332 568.181 1670.9
782000 564.968 541.168 565.47 1671.61
784000 568.086 541.08 568.655 1677.82
786000 568.17 545.701 569.845 1683.72
788000 568.665 547.628 571.693 1687.99
790000 570.146 551.018 570.084 1691.25
792000 570.775 552.934 571.793 1695.5
794000 570.816 556.267 574.571 1701.65
796000 573.83 558.223 576.616 1708.67
798000 576.31 557.794 579.725 1713.83
800000 577.03 559.506 582.872 1719.41
802000 577.864 561.47 581.737 1721.07
804000 577.783 562.96 584.03 1724.77
806000 581.872 565.279 580.825 1727.98
808000 583.84 569.021 584.412 1737.27
810000 585.575 568.819 584.551 1738.94
812000 587.554 568.042 583.817 1739.41
814000 590.245 570.322 583.7 1744.27
816000 590.52 571.371 587.094 1748.98
818000 589.237 573.207 590.022 1752.47
820000 592.879 578.422 592.924 1764.23
822000 596.707 580.94 595.555 1773.2
824000 600.32 583.751 598.007 1782.08
826000 601.589 585.717 599.662 1786.97
828000 603.09 586.826 602.092 1792.01
830000 605.283 588.074 603.439 1796.8
832000 606.299 588.744 606.929 1801.97
834000 610.058 589.861 608.025 1807.94
836000 611.531 590.783 608.119 1810.43
838000 612.735 592.339 611.002 1816.08
840000 613.085 597.324 611.591 1822
842000 612.959 599.803 616.117 1828.88
844000 614.293 600.882 615.009 1830.18
846000 618.785 601.905 616.101 1836.79
848000 619.96 602.421 615.245 1837.63
850000 622.699 604.266 615.669 1842.63
852000 623.898 606.815 617.001 1847.71
854000 626.995 607.044 619.589 1853.63
856000 627.891 607.613 623.565 1859.07
858000 630.693 609.101 625.728 1865.52
860000 632.162 607.496 627.437 1867.1
862000 634.676 610.215 630.499 1875.39
864000 635.205 611.957 627.287 1874.45
866000 640.063 610.216 630.708 1880.99
868000 641.822 612.423 632.424 1886.67
870000 643.029 613.397 634.442 1890.87
872000 645.353 614.848 633.846 1894.05
874000 647.191 617.45 635.065 1899.71
876000 649.304 618.949 637.546 1905.8
878000 654.232 620.741 638.962 1913.93
880000 657.247 622.228 638.721 1918.2
882000 660.879 620.618 638.824 1920.32
884000 664.131 624.019 639.726 1927.88
886000 663.738 624.654 641.862 1930.25
888000 667.079 626.699 642.583 1936.36
890000 667.508 628.255 645.943 1941.71
892000 669.519 630.907 648.638 1949.06
894000 671.932 632.531 650.037 1954.5
896000 672.901 634.145 648.922 1955.97
898000 673.904 635.095 646.265 1955.26
900000 672.47 638.118 648.2 1958.79
902000 676.002 641.601 650.177 1967.78
904000 676.101 642.274 650.692 1969.07
906000 675.435 643.512 650.255 1969.2
908000 680.26 644.443 651.57 1976.27
910000 682.463 645.614 650.987 1979.06
912000 683.43 646.609 652.201 1982.24
914000 686.436 648.194 651.784 1986.41
916000 689.561 648.523 652.512 1990.6
918000 688.712 651.752 651.712 1992.18
920000 688.689 655.211 655.665 1999.56
922000 689.633 654.895 658.826 2003.35
924000 691.584 660.465 660.496 2012.55
926000 694.669 660.586 661.859 2017.11
928000 695.931 661.658 664.318 2021.91
930000 698.147 662.876 666.005 2027.03
932000 701 664.092 666.971 2032.06
934000 704.489 667.162 668.076 2039.73
936000 706.071 668.436 666.03 2040.54
938000 708.396 670.533 666.936 2045.87
940000 710.845 671.492 671.405 2053.74
942000 712.385 673.47 673.202 2059.06
944000 711.259 674.588 675.397 2061.24
946000 713.191 677.857 674.155 2065.2
948000 713.098 679.895 674.243 2067.24
950000 714.774 683.015 677.355 2075.14
952000 718.083 685.305 678.763 2082.15
954000 720.316 688.22 676.603 2085.14
956000 723.516 687.236 680.277 2091.03
958000 722.559 686.078 680.882 2089.52
960000 723.25 686.972 681.159 2091.38
962000 721.723 687.866 681.509 2091.1
964000 722.943 688.133 683.894 2094.97
966000 723.159 689.082 681.239 2093.48
968000 725.002 689.577 684.939 2099.52
970000 725.175 689.093 685.557 2099.83
972000 725.07 690.75 687.674 2103.49
974000 727.794 694.156 688.752 2110.7
976000 726.433 697.171 689.356 2112.96
978000 727.899 698.746 691.144 2117.79
980000 729.906 701.275 690.185 2121.37
982000 733.613 701.383 691.641 2126.64
984000 735.436 701.546 692.52 2129.5
986000 738.097 701.394 696.755 2136.25
988000 740.681 703.765 697.997 2142.44
990000 743.24 705.001 700.124 2148.37
992000 742.541 706.615 698.11 2147.27
994000 744.202 708.225 697.268 2149.7
996000 746.484 710.174 697.737 2154.4
998000 744.095 709.626 698.029 2151.75
1000000 746.944 708.317 697.021 2152.28
1002000 748.997 710.537 698.759 2158.29
1004000 749.272 713.242 702.076 2164.59
1006000 753.742 716.269 703.39 2173.4
1008000 756.501 718.577 705.96 2181.04
1010000 761.066 719.376 710.04 2190.48
1012000 763.314 720.625 710.941 2194.88
1014000 765.331 725.344 711.718 2202.39
1016000 765.771 723.957 711.555 2201.28
1018000 767.041 722.917 713.825 2203.78
1020000 768.076 725.48 716.21 2209.77
1022000 770.36 728.579 721.136 2220.07
1024000 771.658 728.201 725.54 2225.4
1026000 770.552 730.173 720.922 2221.65
1028000 771.213 732.252 724.651 2228.12
1030000 775.382 733.906 728.427 2237.71
1032000 780.355 731.457 729.657 2241.47
1034000 781.098 731.301 726.989 2239.39
1036000 779.074 732.299 728.28 2239.65
1038000 780.573 734.84 729.12 2244.53
1040000 781.313 734.186 730.613 2246.11
1042000 781.579 737 731.048 2249.63
1044000 780.729 738.357 732.267 2251.35
1046000 783.049 739.858 736.255 2259.16
1048000 784.721 741.482 737.724 2263.93
1050000 784.231 744.263 739.925 2268.42
1052000 786.203 746.785 739.783 2272.77
1054000 786.897 747.721 740.38 2275
1056000 789.747 751.5 741.841 2283.09
1058000 790.035 751.51 742.571 2284.12
1060000 793.092 753.219 742.061 2288.37
1062000 795.595 755.489 744.932 2296.02
1064000 797.488 758.193 747.132 2302.81
1066000 801.743 758.396 746.638 2306.78
1068000 804.439 758.635 746.603 2309.68
1070000 807.506 760.904 748.615 2317.03
1072000 811.473 760.773 746.306 2318.55
1074000 813.737 763.965 746.632 2324.33
1076000 818.301 768.507 746.157 2332.97
1078000 817.555 771.814 746.146 2335.51
1080000 817.008 771.939 747.6 2336.55
1082000 820.453 775.542 745.875 2341.87
1084000 820.06 775.881 747.366 2343.31
1086000 824.975 780.158 747.041 2352.17
1088000 824.704 779.972 746.118 2350.79
1090000 827.225 781.983 744.749 2353.96
1092000 828.812 780.88 745.671 2355.36
1094000 830.63 781.183 747.178 2358.99
1096000 830.672 782.72 748.19 2361.58
1098000 832.345 780.221 748.634 2361.2
1100000 833.05 777.607 750.408 2361.07
1102000 836.479 779.231 750.958 2366.67
1104000 837.715 779.095 751.449 2368.26
1106000 836.76 779.062 753.947 2369.77
1108000 835.423 778.458 754.775 2368.66
1110000 837.461 779.058 753.853 2370.37
1112000 837.137 780.114 756.09 2373.34
1114000 837.855 783.135 756.489 2377.48
1116000 839.816 783.017 759.701 2382.53
1118000 842.868 785.966 760.272 2389.11
1120000 843.14 787.765 764.284 2395.19
1122000 846.205 788.235 766.375 2400.81
1124000 845.994 790.222 768.527 2404.74
1126000 848.142 790.83 768.922 2407.89
1128000 850.539 791.233 766.849 2408.62
1130000 853.936 792.364 768.85 2415.15
1132000 853.565 791.311 771.475 2416.35
1134000 853.28 790.424 771.591 2415.3
1136000 855.945 796.074 773.855 2425.87
1138000 857.24 792.713 773.936 2423.89
1140000 858.631 794.864 777.821 2431.32
1142000 859.91 796.638 779.147 2435.69
1144000 861.445 795.483 781.839 2438.77
1146000 863.283 795.308 782.193 2440.78
1148000 863.811 795.824 782.063 2441.7
1150000 865.645 795.674 785.144 2446.46
1152000 868.861 797.408 787.208 2453.48
1154000 869.642 797.05 789.111 2455.8
1156000 866.92 798.035 788.353 2453.31
1158000 869.67 795.359 788.885 2453.91
1160000 873.198 796.465 790.709 2460.37
1162000 878.552 797.353 791.353 2467.26
1164000 880.029 798.603 793.686 2472.32
1166000 879.217 797.384 793.975 2470.58
1168000 880.457 799.238 794.989 2474.68
1170000 881 799.818 797.938 2478.76
1172000 885.014 801.188 798.663 2484.86
1174000 884.755 799.597 802.564 2486.92
1176000 888.156 803.085 802.292 2493.53
1178000 889.871 804.728 804.764 2499.36
1180000 892.181 805.535 808.861 2506.58
1182000 891.387 808.236 808.818 2508.44
1184000 896.732 810.872 810.518 2518.12
1186000 898.303 809.774 808.928 2517.01
1188000 899.202 811.49 809.654 2520.35
1190000 901.059 811.033 811.939 2524.03
1192000 901.708 812.27 813.868 2527.85
1194000 904.484 813.096 812.333 2529.91
1196000 903.772 812.548 810.735 2527.06
1198000 908.87 811.79 809.528 2530.19
1200000 911.047 811.03 811.354 2533.43
1202000 912.701 815.848 811.752 2540.3
1204000 912.247 817.243 810.726 2540.22
1206000 914.18 822.01 811.843 2548.03
1208000 915.021 824.536 815.159 2554.72
1210000 913.982 825.802 816.359 2556.14
1212000 912.779 828.699 819.262 2560.74
1214000 913.903 828.219 821.239 2563.36
1216000 914.74 829.842 824.21 2568.79
1218000 915.767 834.061 825.223 2575.05
1220000 917.118 837.087 826.037 2580.24
1222000 916.414 836.858 826.776 2580.05
1224000 919.703 840.48 825.043 2585.22
1226000 922.418 839.455 826.279 2588.15
1228000 923.042 843.584 828.816 2595.44
1230000 925.918 848.702 828.75 2603.37
1232000 928.156 848.512 827.878 2604.55
1234000 930.552 852.269 831.82 2614.64
1236000 930.896 852.539 831.642 2615.08
1238000 931.33 853.795 834.598 2619.72
1240000 938.77 853.993 834.113 2626.88
1242000 940.088 856.664 838.093 2634.85
1244000 939.602 856.739 838.756 2635.1
1246000 941.448 858.703 839.61 2639.76
1248000 940.133 856.728 841.954 2638.82
1250000 943.338 859.481 843.127 2645.95
1252000 943.859 860.139 845.016 2649.01
1254000 946.453 862.119 844.477 2653.05
1256000 946.159 863.771 843.794 2653.72
1258000 946.805 864.042 844.153 2655
1260000 946.052 863.21 847.27 2656.53
1262000 945.05 866.38 845.769 2657.2
1264000 944.429 868.232 848.624 2661.28
1266000 946.291 867.53 849.755 2663.58
1268000 944.471 870.197 850.361 2665.03
1270000 944.977 870.763 852.852 2668.59
1272000 944.081 872.731 853.626 2670.44
1274000 945.52 873.942 854.125 2673.59
1276000 946.436 875.269 855.795 2677.5
1278000 946.989 877.996 859.861 2684.85
1280000 946.106 878.753 862.658 2687.52
1282000 947.983 880.171 860.723 2688.88
1284000 947.588 883.01 862.212 2692.81
1286000 950.987 885.551 861.314 2697.85
1288000 950.608 886.872 861.362 2698.84
1290000 952.542 885.273 862.554 2700.37
1292000 952.59 887.8 863.808 2704.2
1294000 954.483 887.911 865.176 2707.57
1296000 959.574 891.25 866.104 2716.93
1298000 961.712 893.415 867.965 2723.09
1300000 962.539 896.788 870.269 2729.6
1302000 962.191 897.5 872.524 2732.21
1304000 963.001 897.229 871.676 2731.91
1306000 966.161 898.895 874.336 2739.39
1308000 966.882 898.227 876.909 2742.02
1310000 966.384 898.734 878.737 2743.85
1312000 967.475 899.846 883.305 2750.63
1314000 967.652 901.233 884.6 2753.49
1316000 967.646 901.728 885.37 2754.74
1318000 963.746 905.926 882.82 2752.49
1320000 965.044 907.139 885.031 2757.21
1322000 966.454 907.385 887.081 2760.92
1324000 969.223 910.387 888.107 2767.72
1326000 969.731 911.068 891.887 2772.69
1328000 974.132 912.458 892.738 2779.33
1330000 976.248 916.06 890.566 2782.87
1332000 977.705 914.028 890.578 2782.31
1334000 979.251 917.317 894.37 2790.94
1336000 979.987 916.646 894.855 2791.49
1338000 980.807 916.644 898.829 2796.28
1340000 983.021 919.001 899.283 2801.3
1342000 986.717 921.64 901.199 2809.56
1344000 986.848 922.519 902.121 2811.49
1346000 990.085 923.25 901.132 2814.47
1348000 993.912 924.355 904.707 2822.97
1350000 996.265 927.009 906.328 2829.6
1352000 999.429 927.816 911.125 2838.37
1354000 1001.39 930.572 914.675 2846.63
1356000 1002.49 932.018 916.075 2850.59
1358000 1004.59 936.021 918.493 2859.11
1360000 1008.76 938.361 917.877 2864.99
1362000 1009.91 937.194 920.123 2867.22
1364000 1010.39 937.851 922.03 2870.27
1366000 1010.55 942.251 923.727 2876.53
1368000 1011.15 944.032 924.306 2879.49
1370000 1015.74 946.096 926.039 2887.87
1372000 1018.9 947.852 929.596 2896.35
1374000 1023.21 948.405 932.831 2904.44
1376000 1023.51 947.162 933.531 2904.21
1378000 1023.68 951.374 934.839 2909.89
1380000 1026.92 950.641 935.146 2912.71
1382000 1023.69 955.136 936.603 2915.43
1384000 1026.92 954.429 935.058 2916.41
1386000 1032.54 956.381 935.4 2924.32
1388000 1033.56 955.332 937.758 2926.65
1390000 1036.55 956.29 939.797 2932.63
1392000 1036.62 958.052 941.518 2936.19
1394000 1038.89 957.333 942.075 2938.3
1396000 1040.72 959.205 946.55 2946.47
1398000 1038.9 959.751 950.404 2949.06
1400000 1041.43 961.293 952.107 2954.83
1402000 1041.89 961.367 955.778 2959.03
1404000 1045.87 960.704 960.625 2967.2
1406000 1047.58 964.053 963.728 2975.36
1408000 1047.75 965.538 966.464 2979.75
1410000 1047.91 966.761 967.152 2981.82
1412000 1053.84 967.611 970.54 2991.99
1414000 1055.92 972.546 975.021 3003.49
1416000 1052.57 975.7 976.799 3005.07
1418000 1053.21 980.137 977.83 3011.17
1420000 1057.09 981.545 977.798 3016.44
1422000 1060.99 983.485 975.88 3020.36
1424000 1062.26 983.187 975.326 3020.77
1426000 1060.54 984.156 980.137 3024.83
1428000 1060.52 986.201 980.198 3026.92
1430000 1059.71 988.325 981.488 3029.52
1432000 1061.14 989.124 983.828 3034.09
1434000 1065.23 990.893 986.598 3042.72
1436000 1068.62 992.45 986.311 3047.38
1438000 1073.04 991.381 988.607 3053.02
1440000 1073.63 992.738 990.384 3056.75
1442000 1075.92 995.924 991.741 3063.59
1444000 1075.66 995.001 993.409 3064.07
1446000 1078.64 999.072 995.297 3073
1448000 1080.48 1000.21 996.796 3077.48
1450000 1084.79 1000.42 1000.06 3085.26
1452000 1084.14 1001.01 999.946 3085.09
1454000 1087.94 1004.35 999.589 3091.89
1456000 1089.23 1007.96 1002.35 3099.53
1458000 1092.75 1008.62 1003.51 3104.87
1460000 1093.42 1012.66 1008.04 3114.12
1462000 1093.27 1016.17 1012.82 3122.26
1464000 1094.69 1018.18 1014.48 3127.35
1466000 1095.94 1017.38 1017 3130.31
1468000 1094.89 1018.39 1019.72 3133
1470000 1098.79 1020.08 1019.75 3138.63
1472000 1098.08 1021.48 1023.72 3143.28
1474000 1098.09 1025.54 1027.13 3150.76
1476000 1098.65 1026.86 1026.82 3152.33
1478000 1100.13 1028.27 1028.78 3157.18
1480000 1099.54 1029.42 1029.78 3158.74
1482000 1100.25 1030.21 1031.11 3161.57
1484000 1102.95 1031 1031.37 3165.31
1486000 1105.61 1034.04 1033.74 3173.39
1488000 1106.19 1034.4 1035.74 3176.33
1490000 1105.95 1035.77 1036.48 3178.2
1492000 1108.57 1036.92 1034.77 3180.26
1494000 1108.88 1036.28 1034.6 3179.76
1496000 1113.17 1036.84 1030.21 3180.22
1498000 1117.45 1036.07 1033.45 3186.97
1500000 1118.1 1039.7 1034.08 3191.88
1502000 1118.95 1041.26 1034.75 3194.95
1504000 1119.02 1041.81 1034.43 3195.26
1506000 1121.07 1045.29 1035.18 3201.54
1508000 1123.58 1048.54 1038.25 3210.38
1510000 1125.97 1046.28 1040.5 3212.75
1512000 1127.52 1048.78 1039.57 3215.87
1514000 1131.08 1048.01 1041.18 3220.27
1516000 1129.1 1050.04 1044.78 3223.92
1518000 1131.24 1049.21 1043.73 3224.18
1520000 1131.57 1050 1048.88 3230.46
1522000 1133.06 1049.23 1050.09 3232.38
1524000 1133.72 1050.83 1048.66 3233.21
1526000 1135.62 1052.43 1050.42 3238.48
1528000 1134.11 1052.46 1050.89 3237.46
1530000 1136.28 1056.04 1051.15 3243.48
1532000 1137.35 1058.07 1054.82 3250.24
1534000 1137.86 1056.85 1060.21 3254.92
1536000 1139.86 1060.59 1062.75 3263.19
1538000 1140.9 1063.86 1062.81 3267.58
1540000 1142.61 1064.44 1062.46 3269.51
1542000 1138.43 1066.36 1066.1 3270.9
1544000 1140.55 1067.21 1067.09 3274.86
1546000 1145.9 1069.57 1071.84 3287.31
1548000 1147.8 1072.74 1073.08 3293.62
1550000 1149.43 1072.65 1073.96 3296.03
1552000 1150.54 1071.19 1074.49 3296.22
1554000 1153.89 1075.46 1075.33 3304.68
1556000 1155.87 1076.36 1077.63 3309.86
1558000 1156.2 1077.96 1082.07 3316.23
1560000 1159.23 1080.05 1085.89 3325.17
1562000 1162.45 1080.62 1088.03 3331.1
1564000 1162.04 1079.13 1088.8 3329.97
1566000 1164.03 1082.74 1090.1 3336.88
1568000 1166.73 1086.08 1093.45 3346.26
1570000 1167.97 1086.95 1091.88 3346.8
1572000 1165.78 1086.93 1095.87 3348.58
1574000 1165.3 1091.26 1099.74 3356.29
1576000 1166.01 1096.42 1103.38 3365.81
1578000 1166.11 1100.37 1105.7 3372.18
1580000 1165.69 1104.65 1104.77 3375.11
1582000 1169.31 1105.14 1108.23 3382.67
1584000 1174.45 1107.6 1106.95 3389
1586000 1178.26 1109.27 1106.21 3393.74
1588000 1181.74 1107.27 1107.49 3396.5
1590000 1182.25 1108.81 1109.78 3400.84
1592000 1180.52 1108.87 1111.19 3400.58
1594000 1183.14 1112.49 1115.21 3410.85
1596000 1184.82 1114.44 1115.89 3415.16
1598000 1188.07 1111.54 1117.34 3416.95
1600000 1191.08 1110.68 1118.28 3420.04
1602000 1192.82 1110.48 1118.16 3421.46
1604000 1196.15 1111.18 1117.71 3425.04
1606000 1195.25 1112.48 1120.3 3428.04
1608000 1196.54 1113.42 1124.48 3434.43
1610000 1197.1 1114.22 1127.22 3438.54
1612000 1199.58 1113.17 1130.64 3443.39
1614000 1199.43 1113.24 1134.02 3446.69
1616000 1203.52 1113.82 1135.23 3452.58
1618000 1206.87 1115.44 1137.3 3459.62
1620000 1208.33 1116.73 1141.57 3466.62
1622000 1206.84 1120.8 1143.28 3470.92
1624000 1209.14 1120.32 1143.74 3473.19
1626000 1208.74 1124.34 1144.97 3478.06
1628000 1209.84 1125.93 1141.29 3477.06
1630000 1212.02 1130.86 1145.12 3488
1632000 1210.28 1130.36 1147.24 3487.88
1634000 1212.44 1135.48 1148.28 3496.2
1636000 1216.64 1137.64 1149.13 3503.42
1638000 1212.93 1137.36 1148.54 3498.84
1640000 1215.47 1139.58 1147.94 3502.99
1642000 1215.91 1139.42 1151.5 3506.84
1644000 1215.45 1140.83 1156.27 3512.55
1646000 1214.42 1140.06 1155.86 3510.34
1648000 1214.15 1145.11 1159.7 3518.96
1650000 1217.63 1145.69 1159.62 3522.94
1652000 1219.24 1149.73 1158.73 3527.7
1654000 1222.81 1150.9 1161.68 3535.39
1656000 1220.18 1152 1164.61 3536.79
1658000 1222.62 1155.54 1165.41 3543.57
1660000 1226.11 1155.07 1163.11 3544.3
1662000 1227.6 1157.31 1164.12 3549.04
1664000 1228.7 1159.52 1165.97 3554.19
1666000 1230.75 1158.92 1168.19 3557.85
1668000 1230.48 1160.37 1171.16 3562.01
1670000 1232.32 1162.36 1175.52 3570.21
1672000 1234.48 1164.38 1178.07 3576.93
1674000 1231.3 1166.27 1177.25 3574.82
1676000 1230.3 1169.81 1176.91 3577.01
1678000 1229.55 1168.5 1178.48 3576.53
1680000 1231.91 1168.41 1181.48 3581.8
1682000 1234.96 1168.32 1181.5 3584.78
1684000 1233.66 1170.69 1183.23 3587.58
1686000 1232.1 1169.25 1187.61 3588.96
1688000 1234.14 1166.58 1190.5 3591.22
1690000 1235.48 1171.37 1190.2 3597.05
1692000 1237.12 1173.83 1189.73 3600.69
1694000 1238.03 1174.21 1189.44 3601.69
1696000 1236.55 1178.24 1193.38 3608.17
1698000 1237.33 1178.81 1191.85 3607.99
1700000 1241.29 1179.03 1195.56 3615.88
1702000 1243.07 1183.96 1201.4 3628.43
1704000 1239.93 1182.22 1204.52 3626.67
1706000 1242.69 1184.82 1203.05 3630.56
1708000 1243.74 1188.03 1200.08 3631.85
1710000 1243.33 1187.81 1203.27 3634.4
1712000 1242.99 1188.05 1206.21 3637.26
1714000 1243.45 1192.18 1203.36 3638.99
1716000 1242.87 1196.07 1202.98 3641.92
1718000 1245.24 1195.52 1205.4 3646.16
1720000 1250.18 1200.91 1211.53 3662.62
1722000 1252.79 1203.63 1213.49 3669.9
1724000 1256.73 1205.13 1214.77 3676.63
1726000 1255.39 1206.33 1215.64 3677.36
1728000 1258.3 1208.37 1216.51 3683.18
1730000 1260.9 1207.21 1221.52 3689.64
1732000 1260.04 1207.9 1224.29 3692.23
1734000 1258.37 1211.32 1223.93 3693.62
1736000 1259.18 1216.03 1228.07 3703.28
1738000 1260.44 1215.96 1227.75 3704.15
1740000 1262.07 1217.92 1227.48 3707.47
1742000 1260.92 1218.53 1230.37 3709.82
1744000 1265.24 1217.93 1232.55 3715.72
1746000 1269.61 1218.89 1233.92 3722.43
1748000 1272.32 1219.86 1231.81 3723.99
1750000 1276.04 1222.29 1233.8 3732.13
1752000 1274.47 1227.39 1237.06 3738.91
1754000 1277.26 1227.73 1236.8 3741.79
1756000 1279.59 1228.32 1238.83 3746.75
1758000 1282.05 1230.93 1240.04 3753.02
1760000 1285.39 1235.64 1243.6 3764.64
1762000 1287.47 1237.5 1246.19 3771.16
1764000 1292.44 1239.14 1247.08 3778.66
1766000 1292.84 1238.86 1249.15 3780.85
1768000 1293.61 1242.29 1248.03 3783.93
1770000 1289.78 1242.15 1244.52 3776.45
1772000 1289.07 1244.45 1247.96 3781.48
1774000 1294.02 1247.77 1252.19 3793.98
1776000 1292.65 1246.7 1254.28 3793.64
1778000 1291.52 1246.81 1254.08 3792.42
1780000 1291.97 1246.96 1258.37 3797.3
1782000 1292.33 1250.84 1258.11 3801.28
1784000 1293.5 1254.23 1255.28 3803
1786000 1295.9 1255.32 1258.77 3809.99
1788000 1297.08 1254.52 1260.52 3812.13
1790000 1297.26 1256.61 1258.03 3811.9
1792000 1298.54 1261.24 1261.21 3820.98
1794000 1302.54 1262.01 1260.99 3825.54
1796000 1304.79 1263.09 1266.62 3834.49
1798000 1303.97 1263.61 1269.53 3837.1
1800000 1303.99 1265.48 1268.56 3838.03
1802000 1309.71 1267.4 1269.13 3846.24
1804000 1309.1 1268.12 1271.8 3849.02
1806000 1311.39 1270.1 1272.9 3854.39
1808000 1310.54 1269.63 1277.09 3857.26
1810000 1312.89 1266.32 1278.83 3858.04
1812000 1315.06 1269.08 1281.28 3865.42
1814000 1316.62 1268.63 1282.41 3867.66
1816000 1322.23 1271.94 1285.27 3879.44
1818000 1323.94 1271.44 1284.92 3880.3
1820000 1325.16 1272.45 1283.2 3880.81
1822000 1324.93 1274.04 1282.46 3881.43
1824000 1326.75 1276.53 1281.78 3885.05
1826000 1329.83 1280.05 1282.03 3891.9
1828000 1328.55 1281.6 1289.74 3899.89
1830000 1332.29 1283.98 1289.45 3905.72
1832000 1335.31 1284.79 1292.15 3912.25
1834000 1338.51 1285.99 1292.43 3916.94
1836000 1338.77 1286.9 1293.33 3919
1838000 1343.08 1287.65 1291.85 3922.58
1840000 1339.77 1290.78 1291.09 3921.64
1842000 1339.91 1290.34 1292.32 3922.57
1844000 1339.73 1288.97 1292.12 3920.81
1846000 1342.38 1289.42 1291.09 3922.89
1848000 1342.81 1291.5 1292.4 3926.71
1850000 1343.96 1291.79 1294.51 3930.26
1852000 1343.94 1289.9 1296.58 3930.42
1854000 1343.42 1290.99 1297.13 3931.54
1856000 1348.02 1295.8 1297.15 3940.96
1858000 1347.79 1295.34 1299.04 3942.18
1860000 1348.29 1297.57 1302.12 3947.98
1862000 1347.17 1301.75 1304.94 3953.86
1864000 1345.87 1301.31 1305.63 3952.81
1866000 1345.94 1302.65 1307.04 3955.63
1868000 1352.16 1308.96 1310.45 3971.57
1870000 1353.79 1309.57 1310.26 3973.62
1872000 1354.11 1312.52 1313.89 3980.52
1874000 1355.63 1313.13 1317.03 3985.79
1876000 1356.28 1311.13 1313.47 3980.88
1878000 1357.86 1312.66 1312.51 3983.04
1880000 1358.9 1316.7 1312.7 3988.3
1882000 1361.82 1321.89 1314.14 3997.85
1884000 1361.59 1322.74 1315.39 3999.72
1886000 1362.4 1326.81 1317.81 4007.02
1888000 1364.77 1326.81 1320.08 4011.65
1890000 1363.71 1328.82 1321.38 4013.91
1892000 1364.49 1332.91 1321.73 4019.13
1894000 1365.56 1336.28 1320.77 4022.61
1896000 1367.23 1333.46 1323.83 4024.51
1898000 1368.44 1331.27 1325.14 4024.85
1900000 1373.9 1334.29 1329.4 4037.58
1902000 1372.7 1330.57 1332.24 4035.51
1904000 1371.34 1332.91 1334.64 4038.89
1906000 1368.33 1335.59 1335.57 4039.48
1908000 1374.68 1334.94 1338.66 4048.29
1910000 1374.82 1335.79 1340.77 4051.38
1912000 1376.46 1335.09 1341.47 4053.02
1914000 1381.78 1339.62 1346.84 4068.24
1916000 1385.55 1343.58 1346.46 4075.59
1918000 1385.58 1342.78 1344.45 4072.81
1920000 1386.76 1343.11 1350 4079.87
1922000 1386.87 1345.88 1349.22 4081.97
1924000 1390.63 1347.48 1352.31 4090.42
1926000 1391.54 1345.1 1357.45 4094.08
1928000 1396.13 1348.93 1360.09 4105.15
1930000 1393.15 1347.54 1362.1 4102.8
1932000 1396.83 1347.02 1364.13 4107.98
1934000 1399.34 1350.55 1362.86 4112.74
1936000 1398.77 1355.07 1363.2 4117.04
1938000 1400.78 1356.48 1364.44 4121.69
1940000 1405.57 1361.74 1362.24 4129.55
1942000 1408.74 1364.64 1367.12 4140.5
1944000 1407.1 1364.56 1367.57 4139.24
1946000 1409.39 1369.56 1369.84 4148.79
1948000 1410.05 1367.82 1372.41 4150.28
1950000 1408.45 1369.69 1372.75 4150.89
1952000 1410.64 1370.83 1372.73 4154.2
1954000 1413.81 1370.94 1373.68 4158.43
1956000 1418.59 1370.01 1375.75 4164.35
1958000 1419.35 1373.74 1377.84 4170.92
1960000 1421.45 1374.58 1378.09 4174.12
1962000 1426.35 1375.47 1378.64 4180.46
1964000 1425.91 1376.52 1378.24 4180.68
1966000 1427.51 1376.91 1383.45 4187.87
1968000 1425.83 1383.66 1385.94 4195.43
1970000 1430.62 1388.34 1386.31 4205.27
1972000 1428.98 1390.43 1385.02 4204.44
1974000 1430.72 1392.25 1383.85 4206.82
1976000 1433.98 1391.62 1385.92 4211.52
1978000 1434.09 1393.46 1388.78 4216.32
1980000 1434.69 1396.28 1389.45 4220.42
1982000 1436.51 1398.28 1390.85 4225.65
1984000 1439.25 1397.04 1388.13 4224.43
1986000 1438.9 1399.94 1388.39 4227.23
1988000 1441.39 1399.25 1390.14 4230.78
1990000 1440.4 1396.43 1391.77 4228.6
1992000 1441.7 1401.21 1395.69 4238.6
1994000 1448.04 1399.56 1397.35 4244.95
1996000 1451.57 1402.82 1396.99 4251.38
1998000 1453.14 1403.46 1401.99 4258.58
2000000 1453.11 1405 1402.43 4260.53
