# Time-averaged data for fix savemsd
# TimeStep c_msd[1] c_msd[2] c_msd[3] c_msd[4]
0 2.82675e-30 0 0 2.82675e-30
2000 3.28756 3.56422 3.1219 9.97368
4000 6.53564 6.91529 9.12021 22.5711
6000 9.23555 11.5274 11.873 32.6359
8000 10.9059 15.7872 14.3217 41.0148
10000 14.2871 20.8767 18.1943 53.3581
12000 17.3393 24.5682 20.7033 62.6109
14000 21.5742 28.825 22.6363 73.0355
16000 25.4076 34.0015 28.4362 87.8453
18000 27.724 39.0636 31.2025 97.9901
20000 31.0282 43.1852 36.4749 110.688
22000 34.8395 48.7127 42.0573 125.61
24000 41.5447 51.5692 44.1751 137.289
26000 46.7545 54.1519 43.149 144.055
28000 50.9437 54.778 44.117 149.839
30000 52.4412 58.782 50.5941 161.817
32000 54.7574 58.4568 52.7882 166.002
34000 55.0766 60.2561 55.2348 170.567
36000 57.4357 65.1031 59.2142 181.753
38000 60.8541 69.5961 63.7972 194.247
40000 64.2278 73.5658 67.0755 204.869
42000 68.2915 76.9709 73.6379 218.9
44000 68.7537 83.4381 73.0737 225.266
46000 75.1508 82.9566 76.1594 234.267
48000 80.1379 86.8093 75.8402 242.787
50000 78.737 90.2263 79.7946 248.758
52000 80.6159 93.9474 81.8237 256.387
54000 80.667 94.7227 89.6911 265.081
56000 86.91 97.9359 93.3804 278.226
58000 90.5864 102.144 98.329 291.06
60000 88.3468 106.821 99.1167 294.285
62000 89.7815 110.534 99.9389 300.254
64000 91.0463 112.573 104.694 308.314
66000 94.5669 121.491 113.017 329.075
68000 98.4772 119.206 117.267 334.949
70000 99.9147 123.847 115.087 338.849
72000 106.992 126.234 116.43 349.655
74000 113.302 129.877 124.831 368.01
76000 116.538 134.294 125.855 376.687
78000 119.499 133.438 126.201 379.138
80000 119.824 139.405 128.256 387.484
82000 121.04 147.3 131.03 399.37
84000 123.99 147.108 133.532 404.63
86000 122.193 147.681 138.681 408.555
88000 130.504 153.447 140.441 424.393
90000 133.598 158.919 144.181 436.698
92000 137.876 164.137 142.992 445.004
94000 140.846 160.786 145.537 447.169
96000 144.846 161.32 154.429 460.595
98000 148.893 161.743 156.229 466.866
100000 155.44 167.972 162.151 485.564
102000 163.807 167.591 166.616 498.015
104000 161.199 169.421 167.171 497.79
106000 173.546 168.867 166.03 508.442
108000 175.07 174.498 173.342 522.91
110000 178.643 177.427 177.986 534.056
112000 181.279 173.872 180.373 535.524
114000 182.394 175.677 191.066 549.137
116000 185.097 176.978 191.153 553.228
118000 186.721 182.355 194.867 563.943
120000 193.411 185.005 199.8 578.217
122000 198.35 189.327 203.556 591.233
124000 207.274 192.472 201.034 600.781
126000 210.024 196.686 203.62 610.33
128000 221.555 202.765 207.545 631.865
130000 219.891 206.083 211.995 637.968
132000 218.31 206.311 216.586 641.207
134000 226.085 209.702 217.599 653.386
136000 230.809 209.953 222.993 663.754
138000 235.819 212.63 226.438 674.887
140000 237.199 215.707 230.416 683.321
142000 235.364 218.973 235.114 689.451
144000 241.699 220.62 240.772 703.092
146000 248.206 227.079 244.327 719.613
148000 249.493 232.159 251.534 733.185
150000 256.89 241.706 262.627 761.223
152000 260.789 246.78 260.666 768.234
154000 265.883 248.982 258.925 773.79
156000 264.169 252.533 262.685 779.387
158000 270.96 263.747 261.568 796.275
160000 278.595 270.206 267.538 816.339
162000 280.599 274.536 267.008 822.143
164000 276.844 276.24 276.233 829.318
166000 288.759 288.266 280.639 857.663
168000 289.01 295.593 284.983 869.587
170000 295.048 296.065 288.718 879.831
172000 298.184 295.589 290.652 884.426
174000 306.104 292.748 291.826 890.679
176000 308.183 291.033 286.38 885.596
178000 314.036 282.902 289.847 886.785
180000 317.475 281.058 291.901 890.434
182000 316.22 285.849 311.336 913.404
184000 324.485 289.073 312.519 926.077
186000 329.875 291.943 327.165 948.983
188000 337.73 303.612 331.887 973.229
190000 349.266 309.51 330.978 989.754
192000 353.182 320.888 341.674 1015.74
194000 353.995 323.268 346.618 1023.88
196000 356.346 324.454 357.154 1037.95
198000 353.704 324.196 358.661 1036.56
200000 350.647 331.812 364.324 1046.78
202000 344.979 333.601 372.341 1050.92
204000 343.629 337.285 378.527 1059.44
206000 345.701 337.311 380.457 1063.47
208000 342.949 342.239 389.427 1074.61
210000 347.782 340.511 392.746 1081.04
212000 353.751 344.405 397.311 1095.47
214000 358.636 348.281 397.307 1104.22
216000 356.764 359.595 408.048 1124.41
218000 361.345 368.837 412.19 1142.37
220000 360.138 374.045 415.229 1149.41
222000 364.686 378.567 418.412 1161.66
224000 365.656 384.995 432.915 1183.57
226000 360.816 384.892 440.477 1186.19
228000 366.548 390.165 445.624 1202.34
230000 364.683 386.248 452.075 1203.01
232000 372.11 388.617 454.371 1215.1
234000 381.62 384.084 466.052 1231.76
236000 375.776 383.449 475.526 1234.75
238000 381.101 388.172 478.153 1247.43
240000 388.613 395.651 480.734 1265
242000 387.444 397.016 481.983 1266.44
244000 388.249 405.843 488.824 1282.92
246000 386.771 401.175 494.487 1282.43
248000 384.555 398.474 500.311 1283.34
250000 390.544 409.733 506.604 1306.88
252000 388.882 422.151 506.531 1317.56
254000 398.076 424.057 514.65 1336.78
256000 399.72 422.866 518.732 1341.32
258000 404.029 423.746 524.025 1351.8
260000 412.063 429.742 516.353 1358.16
262000 412.29 439.012 518.485 1369.79
264000 414.199 435.578 519.565 1369.34
266000 426.575 431.879 518.466 1376.92
268000 429.156 431.832 521.541 1382.53
270000 436.146 430.745 526.586 1393.48
272000 439.409 431.21 536.451 1407.07
274000 445.01 428.812 529.829 1403.65
276000 450.263 425.332 520.993 1396.59
278000 460.119 432.935 522.827 1415.88
280000 466.291 432.31 535.268 1433.87
282000 478.844 430.763 546.811 1456.42
284000 478.654 444.882 552.728 1476.26
286000 491.629 449.644 559.616 1500.89
288000 490.033 456.779 568.514 1515.33
290000 485.716 453.782 578.813 1518.31
292000 489.443 458.617 582.846 1530.91
294000 493.172 458.358 602.635 1554.17
296000 504.504 456.829 610.729 1572.06
298000 498.009 452.399 622.025 1572.43
300000 499.071 461.645 616.782 1577.5
302000 499.13 461.555 628.691 1589.38
304000 492.085 461.089 634.379 1587.55
306000 494.41 460.345 636.423 1591.18
308000 497.355 473.109 633.02 1603.48
310000 506.723 472.685 625.829 1605.24
312000 506.885 479.743 631.461 1618.09
314000 516.094 483.286 636.474 1635.85
316000 513.93 486.479 639.312 1639.72
318000 517.085 481.826 646.048 1644.96
320000 523.911 487.108 635.248 1646.27
322000 523.533 485.274 631.351 1640.16
324000 523.15 490.734 641.323 1655.21
326000 517.43 496.234 647.859 1661.52
328000 512.637 496.98 636.309 1645.92
330000 506.848 498.561 635.584 1640.99
332000 507.248 495.129 632.173 1634.55
334000 509.808 511.489 628.843 1650.14
336000 503.998 523.354 633.386 1660.74
338000 505.931 529.498 635.507 1670.94
340000 505.461 534.931 650.796 1691.19
342000 513.259 542.443 656.753 1712.45
344000 521.893 542.125 668.572 1732.59
346000 525.794 543.743 676.347 1745.88
348000 528.231 546.356 686.34 1760.93
350000 536.705 553.657 688.975 1779.34
352000 537.377 544.698 697.487 1779.56
354000 528.974 541.822 699.079 1769.87
356000 545.566 549.224 711.403 1806.19
358000 555.316 549.615 705.257 1810.19
360000 555.271 548.273 704.903 1808.45
362000 562.406 544.274 709.761 1816.44
364000 557.873 546.556 712.737 1817.17
366000 564.991 549.362 710.164 1824.52
368000 553.891 564.731 720.785 1839.41
370000 561.333 560.717 719.377 1841.43
372000 563.595 558.516 712.609 1834.72
374000 571.331 559.07 718.235 1848.64
376000 575.622 552.853 718.368 1846.84
378000 582.62 547.316 707.549 1837.49
380000 593.335 553.245 716.353 1862.93
382000 587.598 547.18 728.482 1863.26
384000 590.833 558.965 731.629 1881.43
386000 593.457 560.367 734.009 1887.83
388000 601.275 561.781 732.582 1895.64
390000 610.051 562.565 736.763 1909.38
392000 623.525 573.613 731.059 1928.2
394000 629.207 574.952 733.535 1937.69
396000 630.249 575.042 740.896 1946.19
398000 641.382 568.912 747.428 1957.72
400000 649.704 568.767 743.352 1961.82
402000 656.847 579.746 739.57 1976.16
404000 659.189 581.317 755.76 1996.27
406000 654.338 584.407 772.161 2010.91
408000 648.53 586.382 774.658 2009.57
410000 649.99 580.772 770.681 2001.44
412000 654.11 593.883 786.066 2034.06
414000 656.3 596.822 780.893 2034.02
416000 653.347 598.044 792.268 2043.66
418000 660.065 597.536 805.716 2063.32
420000 658.679 590.276 800.466 2049.42
422000 667.233 601.305 801.595 2070.13
424000 666.56 606.055 816.458 2089.07
426000 665.623 605.279 795.818 2066.72
428000 654.985 612.887 793.372 2061.24
430000 659.736 621.55 807.333 2088.62
432000 686.715 625.047 801.636 2113.4
434000 691.381 622.512 806.723 2120.62
436000 687.467 628.735 816.037 2132.24
438000 686.843 631.825 809.244 2127.91
440000 701.195 630.653 816.481 2148.33
442000 706.855 630.861 820.743 2158.46
444000 709.096 646.03 814.018 2169.14
446000 709.792 647.906 811.275 2168.97
448000 717.683 646.577 806.821 2171.08
450000 718.788 659.251 806.533 2184.57
452000 739.743 660.046 812.457 2212.25
454000 741.852 662.001 818.964 2222.82
456000 737.096 664.211 827.265 2228.57
458000 749.363 674.862 843.427 2267.65
460000 737.312 666.721 853.124 2257.16
462000 730.098 683.819 855.188 2269.11
464000 733.444 679.023 863.336 2275.8
466000 743.814 682.276 870.151 2296.24
468000 749.832 679.766 877.498 2307.1
470000 754.409 682.14 882.918 2319.47
472000 768.158 681.281 893.67 2343.11
474000 763.693 685.313 890.96 2339.97
476000 760.341 692.244 905.692 2358.28
478000 764.189 691.723 911.26 2367.17
480000 766.338 690.6 908.466 2365.4
482000 765.265 684.467 912.435 2362.17
484000 761.747 681.719 918.93 2362.4
486000 759.638 689.818 918.75 2368.21
488000 761.24 703.322 924.339 2388.9
490000 765.887 723.586 915.296 2404.77
492000 771.487 722.572 916.358 2410.42
494000 776.015 727.754 916.644 2420.41
496000 780.169 716.731 917.32 2414.22
498000 776.869 722.634 925.428 2424.93
500000 785.325 717.298 927.25 2429.87
502000 790.835 726.252 923.428 2440.52
504000 794.238 727.49 931.521 2453.25
506000 796.63 747.412 919.178 2463.22
508000 798.375 769.778 930.139 2498.29
510000 792.978 780.394 929.646 2503.02
512000 787.459 791.904 928.748 2508.11
514000 779.518 796.715 934.71 2510.94
516000 792.716 785.988 930.318 2509.02
518000 804.261 787.989 919.499 2511.75
520000 813.99 786.529 912.503 2513.02
522000 819.267 785.722 909.996 2514.98
524000 832.638 796.646 906.192 2535.48
526000 836.276 793.78 908.888 2538.94
528000 835.424 805.355 923.59 2564.37
530000 836.405 811.105 923.06 2570.57
532000 837.199 813.026 927.993 2578.22
534000 835.023 827.398 938.451 2600.87
536000 844.871 827.934 952.391 2625.2
538000 850.123 824.391 967.706 2642.22
540000 855.06 834.955 975.864 2665.88
542000 859.345 847.984 968.691 2676.02
544000 867.693 862.241 997.586 2727.52
546000 876.069 863.727 1005.47 2745.27
548000 883.963 867.189 1005.12 2756.27
550000 892.807 858.907 1031.47 2783.18
552000 906.963 856.956 1040.38 2804.3
554000 917.452 856.558 1027.39 2801.4
556000 924.686 873.162 1028.93 2826.78
558000 931.766 867.959 1033.3 2833.03
560000 930.764 882.399 1020.75 2833.92
562000 935.249 893.862 1015.11 2844.22
564000 942.542 893.045 1018.93 2854.51
566000 937.405 893.451 1020.36 2851.22
568000 945.347 898.008 1023.44 2866.79
570000 951.542 893.234 1026.86 2871.63
572000 950.522 899.061 1041.39 2890.97
574000 944.576 895.939 1054.07 2894.58
576000 935.715 896.612 1062.68 2895.01
578000 933.545 889.718 1080.63 2903.89
580000 946.997 905.155 1077.07 2929.22
582000 958.446 917.32 1084.01 2959.78
584000 970.421 935.862 1077.07 2983.35
586000 973.701 930.871 1075.56 2980.13
588000 981.668 929.961 1086.24 2997.87
590000 978.115 930.851 1089.38 2998.35
592000 990.821 936.403 1107.97 3035.19
594000 983.456 956.809 1110.9 3051.16
596000 988.118 958.359 1123.81 3070.29
598000 985.353 952.193 1124.11 3061.66
600000 991.785 954.596 1135.26 3081.64
602000 1003.63 959.695 1135.56 3098.89
604000 993.808 967.618 1142.96 3104.38
606000 1010.93 964.949 1140.71 3116.59
608000 1001.15 976.821 1143.7 3121.68
610000 1009.16 987.191 1149.32 3145.67
612000 1015.99 990.724 1155.87 3162.59
614000 1015.94 982.905 1162.33 3161.17
616000 1021.79 982.694 1165.41 3169.89
618000 1020.82 987.592 1173.6 3182.01
620000 1024.6 994.229 1177.9 3196.73
622000 1038.01 1013.28 1186.74 3238.03
624000 1042.84 1017.15 1203.6 3263.59
626000 1048.6 1016.54 1197.41 3262.55
628000 1059.88 998.326 1207.44 3265.64
630000 1070.06 1011.54 1211.34 3292.94
632000 1075.72 1011.91 1219.39 3307.02
634000 1077.05 1000.75 1226.83 3304.63
636000 1082.36 999.071 1239.06 3320.49
638000 1104.31 998.943 1236.16 3339.41
640000 1109.63 1013.3 1245.32 3368.25
642000 1105.22 1021.44 1238.02 3364.69
644000 1113.69 1018.31 1224.2 3356.2
646000 1117.42 1037.19 1231.67 3386.28
648000 1129.24 1036.54 1236.44 3402.21
650000 1108.83 1022.59 1221.9 3353.32
652000 1108.41 1020.16 1217.87 3346.45
654000 1104.01 1036.09 1224.83 3364.93
656000 1106.62 1036.35 1208.69 3351.66
658000 1098.53 1039.69 1232.2 3370.42
660000 1102.53 1047.85 1237.66 3388.04
662000 1106.68 1061.74 1243.31 3411.73
664000 1111.85 1061.75 1253.75 3427.36
666000 1128.86 1058.77 1274.8 3462.43
668000 1144.79 1056.57 1273.98 3475.34
670000 1154.79 1046.03 1271.58 3472.4
672000 1150.76 1052.3 1268.85 3471.91
674000 1154.46 1046.72 1277.25 3478.43
676000 1154.78 1065.63 1285.56 3505.96
678000 1160.68 1086.59 1292.72 3539.98
680000 1164.05 1103.34 1290.45 3557.84
682000 1162.79 1112.15 1273.57 3548.51
684000 1154.19 1094.71 1277.1 3526
686000 1154.08 1103.14 1288.89 3546.11
688000 1158.65 1106.32 1286.32 3551.28
690000 1147.8 1113.6 1294.17 3555.58
692000 1148.56 1097.69 1303.79 3550.04
694000 1154.93 1104.52 1315.01 3574.46
696000 1165.3 1115.4 1325.1 3605.8
698000 1165.88 1121.93 1304.42 3592.23
700000 1171.03 1123.11 1293.4 3587.55
702000 1162.42 1137.5 1297.32 3597.24
704000 1171.39 1122.67 1318.28 3612.34
706000 1176.97 1135 1341.04 3653
708000 1189.05 1145.12 1352.19 3686.35
710000 1183.77 1159.33 1370.76 3713.86
712000 1179.94 1160.8 1375.23 3715.97
714000 1196.02 1155.6 1367.97 3719.59
716000 1203.51 1171.37 1355.03 3729.91
718000 1199.49 1191.1 1359.39 3749.98
720000 1194.69 1207.88 1354.9 3757.46
722000 1196.91 1228.77 1351.73 3777.42
724000 1209.29 1229.06 1353.66 3792.01
726000 1217.43 1230.58 1352.28 3800.29
728000 1219.84 1240.89 1357.83 3818.56
730000 1225.68 1244.19 1358.39 3828.26
732000 1234.35 1239.72 1364.89 3838.96
734000 1243.35 1241.33 1377.72 3862.4
736000 1239.36 1257.02 1374.98 3871.36
738000 1233.97 1265.95 1384.37 3884.29
740000 1234.35 1281.31 1384.15 3899.81
742000 1234.51 1285.76 1386.24 3906.5
744000 1234.77 1287.83 1379.42 3902.03
746000 1241.05 1286.6 1380.96 3908.6
748000 1248.85 1288.49 1393.94 3931.28
750000 1256.32 1267.06 1399.5 3922.88
752000 1269.48 1268.17 1416.88 3954.52
754000 1293.32 1277.87 1423.15 3994.34
756000 1293.35 1282.33 1440.51 4016.19
758000 1290.69 1286.15 1434.86 4011.71
760000 1279.2 1294.41 1426.92 4000.53
762000 1291.65 1284.68 1422.6 3998.94
764000 1286.3 1268.81 1418.7 3973.8
766000 1283.1 1261.64 1440.64 3985.38
768000 1282.45 1271.92 1436.49 3990.86
770000 1288.61 1271.48 1440.86 4000.94
772000 1304.86 1279.28 1439.66 4023.8
774000 1308.98 1267.25 1459.61 4035.83
776000 1318.15 1268.48 1466.47 4053.1
778000 1318.79 1267.65 1448.5 4034.94
780000 1319.44 1265.11 1456.21 4040.77
782000 1338.92 1257.69 1449.66 4046.28
784000 1340.41 1267.27 1472.54 4080.22
786000 1338.59 1278.19 1464.26 4081.04
788000 1335.09 1278.61 1468.03 4081.73
790000 1337.2 1290.67 1467.86 4095.73
792000 1334.34 1286.46 1474.58 4095.37
794000 1335.39 1282.83 1467.45 4085.67
796000 1347.36 1295.82 1475.15 4118.34
798000 1341.72 1295.13 1478.58 4115.43
800000 1356.06 1304.07 1493.94 4154.07
802000 1369.77 1318.57 1513.41 4201.75
804000 1370.3 1332.01 1507.61 4209.92
806000 1366.11 1348.25 1520.84 4235.21
808000 1368.81 1351.07 1519.39 4239.26
810000 1363.22 1356.83 1516.55 4236.6
812000 1370.13 1339.42 1518.78 4228.33
814000 1377.6 1326.34 1511.1 4215.04
816000 1384.49 1328.71 1538.44 4251.65
818000 1386.22 1332.83 1529.05 4248.1
820000 1374.58 1340.08 1540.06 4254.72
822000 1387 1333.98 1533.52 4254.5
824000 1392.4 1331.69 1534.62 4258.71
826000 1382.63 1333.53 1539.87 4256.03
828000 1389.41 1351.92 1543.06 4284.4
830000 1385.29 1361.38 1553.95 4300.62
832000 1372.7 1376.27 1581.9 4330.87
834000 1372.52 1390.28 1573.82 4336.62
836000 1393.64 1413.91 1591.59 4399.14
838000 1417.38 1406.06 1603.08 4426.52
840000 1418.26 1399.99 1608.71 4426.95
842000 1420.9 1390.92 1611.65 4423.48
844000 1423.61 1387.01 1612.47 4423.09
846000 1427.67 1397.56 1613.52 4438.75
848000 1424.58 1422.31 1623.27 4470.16
850000 1414.14 1441.12 1612.24 4467.5
852000 1416.95 1447.21 1607.15 4471.32
854000 1415.34 1439.89 1616.14 4471.36
856000 1424.36 1442.4 1628.9 4495.65
858000 1434.31 1441.33 1626.29 4501.93
860000 1431.37 1455.66 1644.96 4531.99
862000 1441.01 1460.16 1657.36 4558.54
864000 1456.26 1441.82 1667.98 4566.06
866000 1451.78 1442.93 1688.33 4583.04
868000 1466.74 1445.43 1704.47 4616.63
870000 1479.74 1428.3 1717.59 4625.63
872000 1487.22 1425 1712.26 4624.48
874000 1474.78 1433.57 1710.79 4619.14
876000 1475.33 1442.69 1719.64 4637.66
878000 1495.19 1435.76 1712.16 4643.11
880000 1494.87 1451.22 1703.31 4649.4
882000 1480.07 1445.99 1690.75 4616.81
884000 1490.3 1463.91 1679.74 4633.95
886000 1484.63 1464.42 1712.87 4661.92
888000 1487.81 1466.06 1727.16 4681.02
890000 1514.81 1448.33 1735.43 4698.56
892000 1524.54 1447.45 1730.43 4702.42
894000 1539.55 1456.06 1725.23 4720.84
896000 1561.04 1456.8 1736.94 4754.77
898000 1553.27 1465.26 1750.63 4769.16
900000 1571.57 1470.84 1774.71 4817.13
902000 1580.91 1471.32 1791.36 4843.59
904000 1582.21 1466.85 1783.26 4832.32
906000 1576.82 1462.31 1792.05 4831.17
908000 1572 1457.95 1784.03 4813.98
910000 1589.47 1475.48 1798 4862.95
912000 1601.27 1483.44 1791.98 4876.69
914000 1605.31 1489.39 1791.33 4886.03
916000 1623.6 1484.37 1788.59 4896.57
918000 1612.56 1496.42 1800.74 4909.71
920000 1602.85 1498.27 1804.44 4905.55
922000 1604.47 1484.94 1815.49 4904.9
924000 1617.91 1491.27 1811.23 4920.4
926000 1620.47 1487.57 1820.43 4928.48
928000 1632.5 1479.25 1816.01 4927.76
930000 1630.44 1485.52 1813.58 4929.53
932000 1638.45 1504 1814.17 4956.62
934000 1629.37 1508 1810.84 4948.21
936000 1635.13 1496.64 1814.78 4946.55
938000 1629.56 1507.08 1811.19 4947.83
940000 1626.22 1492.9 1786.24 4905.36
942000 1627.2 1509.46 1787.66 4924.32
944000 1617.75 1502.07 1790.63 4910.45
946000 1621.75 1507.39 1798.06 4927.2
948000 1626.13 1507.86 1804.49 4938.48
950000 1636.81 1512.61 1820.67 4970.09
952000 1631 1521.11 1826.14 4978.25
954000 1626.75 1521.11 1824.69 4972.55
956000 1643.01 1531.02 1808.98 4983.02
958000 1634.87 1527.48 1814.48 4976.83
960000 1647.54 1527.62 1817.78 4992.95
962000 1648.99 1536.6 1806.16 4991.75
964000 1650.63 1530.88 1790.96 4972.47
966000 1662.05 1551.19 1811.49 5024.73
968000 1672 1545.69 1817.72 5035.42
970000 1657.72 1569.71 1834.67 5062.1
972000 1656.49 1575.03 1855.75 5087.27
974000 1661.77 1580.37 1873 5115.15
976000 1677.12 1601.95 1907.81 5186.89
978000 1682.73 1612.64 1919.6 5214.98
980000 1691.58 1615.53 1925.51 5232.62
982000 1706.66 1632.56 1900.09 5239.31
984000 1701.2 1648.27 1905.94 5255.4
986000 1690.57 1647.51 1914.39 5252.46
988000 1687.23 1664.78 1909.67 5261.68
990000 1690.98 1656.76 1894.56 5242.3
992000 1696.85 1636.87 1900.13 5233.85
994000 1716.44 1641.72 1891.5 5249.65
996000 1725.32 1647.28 1892.54 5265.13
998000 1713.36 1643.59 1888.85 5245.8
1000000 1706.74 1649.57 1876.92 5233.23
1002000 1712.25 1663.89 1885.73 5261.87
1004000 1712.96 1674.29 1886.37 5273.62
1006000 1740.85 1678.31 1882.05 5301.21
1008000 1760.01 1681.03 1879.35 5320.39
1010000 1771.74 1673.61 1874.15 5319.5
1012000 1777.68 1670.85 1872.38 5320.91
1014000 1765.06 1671.8 1887.74 5324.6
1016000 1778.72 1686.49 1891.26 5356.47
1018000 1795.93 1706.75 1894.26 5396.94
1020000 1783.96 1691.49 1908.78 5384.23
1022000 1795.91 1676.76 1917.66 5390.33
1024000 1802.88 1683.53 1914.66 5401.07
1026000 1791.71 1690.47 1922.53 5404.71
1028000 1778.18 1683.87 1930.29 5392.34
1030000 1778.73 1698.41 1921.01 5398.16
1032000 1796.47 1698.67 1929.12 5424.27
1034000 1798.44 1692 1931.78 5422.22
1036000 1809.63 1686.36 1923.87 5419.86
1038000 1815.25 1685.18 1926.63 5427.06
1040000 1834.93 1707.89 1940.81 5483.63
1042000 1828.77 1693.11 1966.43 5488.31
1044000 1836.57 1687.89 1988.99 5513.45
1046000 1839.15 1694.82 2009.14 5543.12
1048000 1839.37 1706.73 2027.12 5573.23
1050000 1837.77 1690.65 2034.01 5562.43
1052000 1847.08 1687.51 2032.42 5567.01
1054000 1841.39 1681.87 2032.05 5555.31
1056000 1832.15 1687.83 2044.73 5564.71
1058000 1836.03 1691.62 2042.89 5570.53
1060000 1853.26 1687.38 2021.93 5562.58
1062000 1857.05 1685.57 2042.06 5584.67
1064000 1865.65 1696.78 2048.65 5611.08
1066000 1862.15 1702.42 2037.71 5602.28
1068000 1858.27 1704.7 2029.27 5592.24
1070000 1858.12 1726.11 2022.95 5607.19
1072000 1856.59 1722.73 2052.74 5632.06
1074000 1868.93 1724.08 2056.88 5649.9
1076000 1883.34 1735.88 2065.37 5684.59
1078000 1907.77 1744.94 2058.01 5710.72
1080000 1912.97 1742.76 2077.74 5733.47
1082000 1912.33 1758.69 2086.53 5757.55
1084000 1910.6 1754.79 2112.12 5777.51
1086000 1926.6 1754.87 2123.63 5805.1
1088000 1947.19 1767.35 2149.45 5863.99
1090000 1945.83 1743.89 2144.82 5834.54
1092000 1937.92 1755.92 2138.06 5831.9
1094000 1940.69 1762.56 2143.82 5847.08
1096000 1938.6 1758.56 2135.51 5832.68
1098000 1963.57 1779.34 2124.4 5867.31
1100000 1951.4 1783.32 2146.54 5881.26
1102000 1962.52 1792.52 2143.76 5898.8
1104000 1950.79 1782.42 2147.25 5880.46
1106000 1958.24 1805.14 2158.3 5921.68
1108000 1960.66 1810.53 2202.61 5973.8
1110000 1953.81 1808.37 2197.58 5959.76
1112000 1968.19 1817.43 2207.85 5993.47
1114000 1967.94 1824.97 2192.4 5985.3
1116000 1969.55 1821.82 2206.47 5997.85
1118000 1972.12 1825.54 2208.97 6006.63
1120000 1980.25 1829.51 2208.27 6018.04
1122000 1979.05 1832.07 2194.83 6005.95
1124000 1964.97 1826.14 2190.13 5981.24
1126000 1956.85 1851.73 2195.1 6003.69
1128000 1963.91 1847.29 2205.61 6016.81
1130000 1978.27 1855.14 2194.5 6027.9
1132000 1979.48 1856.5 2185.3 6021.28
1134000 1989.31 1869.98 2196.94 6056.23
1136000 1998.56 1873.68 2215 6087.23
1138000 2000.52 1877.54 2219.19 6097.25
1140000 2000.38 1877.31 2217.77 6095.46
1142000 2030.15 1898.39 2217.62 6146.17
1144000 2036.97 1908.35 2217.21 6162.53
1146000 2030.82 1908.97 2228.08 6167.87
1148000 2037.11 1905.61 2245.06 6187.79
1150000 2038.73 1900.98 2242.12 6181.83
1152000 2025.86 1909.28 2252.32 6187.46
1154000 2043.35 1921.18 2269.56 6234.09
1156000 2052.04 1923.56 2290.55 6266.14
1158000 2072.55 1943.54 2286.29 6302.38
1160000 2076.58 1936.63 2313.54 6326.75
1162000 2072.78 1936.8 2325.05 6334.64
1164000 2079.27 1955.74 2354.08 6389.09
1166000 2075.21 1958.05 2365.77 6399.03
1168000 2051.61 1955.73 2364.24 6371.58
1170000 2066.59 1945.44 2345.02 6357.05
1172000 2084.18 1948.75 2347.9 6380.84
1174000 2063.58 1935.97 2332.05 6331.6
1176000 2057.81 1930.14 2327.14 6315.09
1178000 2041.6 1904.52 2342.55 6288.67
1180000 2032.27 1921.16 2349.81 6303.24
1182000 2019.61 1937.23 2348.63 6305.47
1184000 2027.11 1921.97 2356.49 6305.57
1186000 2022.73 1915.96 2369.96 6308.65
1188000 2021.05 1919.88 2367.56 6308.5
1190000 2013.59 1910.75 2362.93 6287.27
1192000 2037.21 1921.91 2354.11 6313.24
1194000 2071.53 1934.42 2357.33 6363.27
1196000 2059.34 1936.99 2351.92 6348.25
1198000 2063.51 1940.36 2341.15 6345.02
1200000 2063.09 1929.31 2367.66 6360.06
1202000 2069.52 1935.61 2377.97 6383.1
1204000 2087.07 1933.4 2395.06 6415.53
1206000 2108.54 1934.87 2411.07 6454.47
1208000 2127.62 1941.89 2408.21 6477.72
1210000 2150.8 1951 2423.18 6524.98
1212000 2168.51 1957.64 2420.97 6547.12
1214000 2161.06 1978.36 2429.16 6568.58
1216000 2186.35 1963.05 2432.32 6581.72
1218000 2189.24 1973.47 2441.18 6603.89
1220000 2183.6 1969.25 2466.25 6619.1
1222000 2182.47 1978.3 2481.4 6642.17
1224000 2180.79 1984.54 2489.25 6654.58
1226000 2176.86 1987.62 2519.71 6684.19
1228000 2182.87 2002.99 2538.13 6723.99
1230000 2169.97 2007.14 2559.64 6736.76
1232000 2147.84 2001.01 2567.96 6716.82
1234000 2132.03 2004.17 2597.96 6734.16
1236000 2127.95 2007.44 2594.13 6729.52
1238000 2130.68 2009.86 2629.03 6769.58
1240000 2105.25 2012.24 2608.26 6725.76
1242000 2111.07 2013.62 2625.28 6749.96
1244000 2104.89 2015.51 2612.83 6733.23
1246000 2125.51 2017.97 2610.96 6754.45
1248000 2129.77 2019.15 2627.43 6776.35
1250000 2141.26 2023.41 2628.72 6793.39
1252000 2149.79 2020.09 2635.12 6805
1254000 2160.48 2039.37 2616.45 6816.3
1256000 2182.24 2031.03 2585.88 6799.14
1258000 2215.53 2052.97 2613.47 6881.97
1260000 2219.71 2056.98 2613.68 6890.37
1262000 2235.68 2084.3 2633.98 6953.95
1264000 2276.19 2090.13 2665.13 7031.45
1266000 2248.82 2090.76 2680.24 7019.82
1268000 2249.52 2105.09 2679.08 7033.69
1270000 2258.04 2108.18 2690.79 7057.01
1272000 2244.81 2106.04 2688.85 7039.7
1274000 2250.56 2127.05 2672.27 7049.88
1276000 2264.55 2131.38 2685.14 7081.07
1278000 2231.22 2115.11 2701.09 7047.42
1280000 2205.38 2118.06 2688.28 7011.72
1282000 2210.18 2134.96 2698.29 7043.42
1284000 2207.63 2145.98 2693.97 7047.57
1286000 2165.1 2113.36 2667.47 6945.93
1288000 2194.9 2110.27 2686.73 6991.91
1290000 2180.75 2119.16 2686.51 6986.42
1292000 2182.79 2137.45 2654.52 6974.75
1294000 2173.57 2136.95 2654.41 6964.93
1296000 2178.93 2168.92 2666.96 7014.81
1298000 2180.44 2170.22 2677.79 7028.44
1300000 2179.75 2184.34 2668.98 7033.06
1302000 2204.03 2187.12 2674.67 7065.82
1304000 2217.99 2172.79 2657.64 7048.42
1306000 2240.54 2173.69 2669.2 7083.43
1308000 2236.52 2170.01 2674.01 7080.54
1310000 2245.78 2167.26 2664.47 7077.52
1312000 2243.73 2155.81 2648.45 7047.98
1314000 2213.15 2160.67 2639.2 7013.03
1316000 2236.86 2142.81 2647.24 7026.91
1318000 2243.72 2136.62 2646.89 7027.23
1320000 2269.62 2146.43 2639.68 7055.74
1322000 2264.07 2156.7 2651.49 7072.26
1324000 2285.42 2151.96 2648.9 7086.29
1326000 2293.13 2160.12 2655.92 7109.16
1328000 2304.63 2167.56 2675.15 7147.34
1330000 2315.93 2153.23 2684.56 7153.71
1332000 2324.62 2152.05 2710.53 7187.2
1334000 2332.35 2156.59 2721.49 7210.43
1336000 2320.2 2182.46 2716.17 7218.82
1338000 2326.91 2191.73 2726.14 7244.78
1340000 2339.24 2186.81 2718.87 7244.92
1342000 2342.6 2191.25 2711.74 7245.59
1344000 2342.96 2214.84 2721.67 7279.46
1346000 2358.65 2218.44 2718.26 7295.34
1348000 2369.04 2230.75 2725.56 7325.36
1350000 2361.63 2224.61 2713.75 7300
1352000 2379.71 2235.2 2712.1 7327.01
1354000 2397.34 2251.49 2719.18 7368.01
1356000 2392.6 2251.74 2726.8 7371.13
1358000 2418.93 2238.53 2719.36 7376.81
1360000 2425.12 2264.68 2721.73 7411.53
1362000 2426.89 2265.77 2725.68 7418.34
1364000 2430.33 2244.23 2735.16 7409.72
1366000 2428.69 2232.71 2742.37 7403.77
1368000 2434.22 2231.84 2734.98 7401.05
1370000 2461.15 2228.05 2729.04 7418.24
1372000 2461.38 2229.96 2759.23 7450.58
1374000 2438.92 2233.11 2744.31 7416.35
1376000 2454.44 2248.1 2773.11 7475.65
1378000 2451.12 2264.47 2793.12 7508.72
1380000 2466.39 2263.13 2804.54 7534.07
1382000 2457.8 2272.62 2797.37 7527.79
1384000 2466.81 2299.4 2792.64 7558.85
1386000 2470.66 2303.38 2809.62 7583.66
1388000 2473.59 2289.64 2820.35 7583.57
1390000 2470.32 2284.05 2815.94 7570.31
1392000 2479.07 2287.31 2803.25 7569.63
1394000 2498.1 2303.91 2787.94 7589.95
1396000 2502.46 2305.71 2789.69 7597.86
1398000 2487.36 2317.71 2782.19 7587.26
1400000 2486.22 2317.59 2791.67 7595.48
1402000 2504.26 2322 2773.38 7599.64
1404000 2487.97 2330.78 2781.11 7599.86
1406000 2497.14 2331.08 2780.18 7608.4
1408000 2499.12 2346.28 2794.04 7639.44
1410000 2508.56 2352.42 2798.92 7659.9
1412000 2512.9 2373.56 2810.02 7696.48
1414000 2492.93 2376.34 2813.41 7682.68
1416000 2498.1 2370.76 2830.08 7698.94
1418000 2503.3 2371.59 2838.43 7713.32
1420000 2519.38 2369.17 2889.4 7777.95
1422000 2539.16 2372.28 2896.38 7807.82
1424000 2555.7 2387.74 2928.66 7872.09
1426000 2574.16 2376.23 2934.12 7884.51
1428000 2569.89 2370.94 2933.33 7874.15
1430000 2566.15 2375.42 2947.07 7888.63
1432000 2561.78 2381.46 2946.28 7889.53
1434000 2575.85 2359.05 2949.69 7884.59
1436000 2585.59 2359.94 2948.23 7893.76
1438000 2605.54 2350.99 2936.12 7892.66
1440000 2621.82 2349.84 2930.74 7902.4
1442000 2622.53 2359.4 2940.52 7922.45
1444000 2624.56 2358.63 2926.77 7909.95
1446000 2637.43 2348.41 2943.52 7929.37
1448000 2637.28 2336.29 2954.59 7928.16
1450000 2651.47 2345.13 2977.55 7974.15
1452000 2639.87 2358.15 2999.65 7997.67
1454000 2643.98 2362.7 3015.3 8021.98
1456000 2673.42 2358.88 3038.77 8071.08
1458000 2689.91 2389 3023.43 8102.34
1460000 2721.13 2406.61 3071.35 8199.1
1462000 2720.13 2407.12 3057.51 8184.76
1464000 2719.46 2419.48 3059.37 8198.31
1466000 2730.12 2441.16 3080.27 8251.56
1468000 2727.99 2464.36 3087.03 8279.37
1470000 2739.48 2495.74 3085.42 8320.64
1472000 2724.12 2521.97 3107.36 8353.45
1474000 2729.35 2518.31 3118.32 8365.98
1476000 2730.08 2526.9 3109.13 8366.11
1478000 2746.67 2534.58 3116.93 8398.18
1480000 2731.24 2540.76 3110.45 8382.45
1482000 2717.82 2544.43 3109.88 8372.13
1484000 2744.9 2541.16 3129.72 8415.78
1486000 2755.35 2548.12 3111.27 8414.75
1488000 2766.13 2543.78 3110.48 8420.39
1490000 2777.93 2551.56 3128.93 8458.42
1492000 2796 2555.79 3112.86 8464.65
1494000 2795.77 2554.42 3108.96 8459.16
1496000 2796.77 2555.94 3129.04 8481.75
1498000 2789.37 2561.73 3128.09 8479.19
1500000 2801.54 2581.75 3115.19 8498.47
1502000 2787.13 2598.66 3107.36 8493.15
1504000 2783.41 2595.72 3103.18 8482.31
1506000 2784.16 2614.26 3098 8496.43
1508000 2768.15 2613.89 3116.87 8498.92
1510000 2781.89 2610.14 3123.56 8515.58
1512000 2772.17 2620.75 3117.43 8510.35
1514000 2769.1 2607.61 3106.59 8483.3
1516000 2757.31 2615.65 3100.79 8473.75
1518000 2786.19 2610.96 3095.23 8492.38
1520000 2762.98 2647.38 3081.61 8491.97
1522000 2768.91 2687.28 3086.21 8542.41
1524000 2789.44 2689.37 3116.86 8595.67
1526000 2796.21 2680.95 3144.78 8621.94
1528000 2823.83 2678.88 3115.63 8618.35
1530000 2806.76 2670.87 3093.66 8571.29
1532000 2778.16 2692.77 3110.11 8581.04
1534000 2762.75 2700.99 3112.54 8576.28
1536000 2759.6 2691.21 3100.06 8550.87
1538000 2764 2694 3072.28 8530.28
1540000 2738.67 2695.1 3090.83 8524.6
1542000 2744.84 2701.72 3091.05 8537.61
1544000 2751.26 2688.69 3093.36 8533.32
1546000 2776.95 2709.73 3113.35 8600.03
1548000 2773.65 2710.07 3094.41 8578.13
1550000 2769.16 2703.56 3089.53 8562.26
1552000 2766.87 2738.23 3092.34 8597.45
1554000 2764.39 2702.73 3082.56 8549.69
1556000 2790.5 2710.88 3060.58 8561.96
1558000 2779.76 2709.24 3066.97 8555.98
1560000 2785.76 2726.92 3045.42 8558.1
1562000 2780.99 2751.1 3024.32 8556.41
1564000 2784.88 2771.84 3051.1 8607.83
1566000 2786.11 2786.88 3061.59 8634.58
1568000 2810.59 2779.9 3064.88 8655.37
1570000 2799.63 2786.33 3072.06 8658.02
1572000 2785.44 2779.75 3087.89 8653.07
1574000 2796.42 2824.17 3093.46 8714.05
1576000 2774.2 2836.62 3094.6 8705.42
1578000 2785.85 2811.79 3088.05 8685.69
1580000 2798.71 2824.12 3096.16 8718.98
1582000 2803.03 2812.76 3099.07 8714.86
1584000 2788.33 2815.3 3109.88 8713.51
1586000 2774.48 2808.01 3119.68 8702.16
1588000 2784.38 2803.42 3128.07 8715.87
1590000 2806.34 2814.85 3134.1 8755.3
1592000 2822.37 2802.56 3138.43 8763.37
1594000 2802.65 2797.51 3139.33 8739.49
1596000 2808.9 2794.1 3124.47 8727.47
1598000 2783.82 2790.02 3143.73 8717.57
1600000 2770.03 2765.49 3169.48 8704.99
1602000 2798.15 2766.45 3183.03 8747.64
1604000 2820.16 2754.19 3207.73 8782.08
1606000 2816.69 2778.39 3231.89 8826.97
1608000 2805.21 2785.94 3250.46 8841.62
1610000 2822.93 2790.06 3252.99 8865.98
1612000 2835.95 2818.43 3238.55 8892.93
1614000 2818.03 2844.16 3219.83 8882.01
1616000 2830.67 2846.08 3270.11 8946.86
1618000 2822.33 2848.44 3303.89 8974.66
1620000 2784.49 2853.08 3331.63 8969.21
1622000 2759.49 2863.56 3328.27 8951.32
1624000 2761.2 2885.26 3312.13 8958.59
1626000 2757.78 2863.97 3284.41 8906.16
1628000 2733.46 2858.63 3282.01 8874.1
1630000 2736.21 2853.16 3298.17 8887.54
1632000 2746.18 2848.88 3317.09 8912.15
1634000 2765.97 2841.1 3326.07 8933.14
1636000 2754.18 2842.58 3352.68 8949.44
1638000 2737.66 2833.77 3376.55 8947.97
1640000 2725.19 2827.72 3415.05 8967.96
1642000 2730.9 2828.57 3401.24 8960.71
1644000 2726.54 2840.33 3420.9 8987.77
1646000 2723.18 2834.78 3424.56 8982.51
1648000 2745.15 2872.31 3416.36 9033.82
1650000 2740.56 2870.83 3432 9043.39
1652000 2766.49 2879.23 3447.77 9093.49
1654000 2772.33 2838.66 3434.13 9045.12
1656000 2784.09 2857.25 3446.12 9087.46
1658000 2783.56 2891.79 3470.82 9146.18
1660000 2764.72 2909.83 3476.47 9151.02
1662000 2794.74 2931.46 3479.05 9205.25
1664000 2800.17 2934.19 3471.97 9206.32
1666000 2799.72 2942.16 3476.3 9218.18
1668000 2806.71 2951.51 3463.68 9221.89
1670000 2806.95 2935.78 3446.52 9189.25
1672000 2832.53 2948.71 3456.24 9237.47
1674000 2864.16 2962.36 3442.93 9269.45
1676000 2887.26 2958.2 3472.26 9317.73
1678000 2886.93 2975.35 3496.02 9358.3
1680000 2908.62 2979.31 3509.74 9397.67
1682000 2909.8 2996.17 3543.16 9449.14
1684000 2920.1 3004.85 3541.71 9466.66
1686000 2928.89 2987.97 3571.64 9488.5
1688000 2927.09 2982.08 3586.39 9495.56
1690000 2935.55 2946.34 3606.32 9488.21
1692000 2937.46 2950.24 3605.14 9492.84
1694000 2912.46 2974.79 3610.58 9497.83
1696000 2908.81 2996.37 3636.97 9542.15
1698000 2896.26 3002.5 3667.57 9566.33
1700000 2884.37 3007.29 3679.67 9571.34
1702000 2861.83 3010.9 3681.31 9554.04
1704000 2870.31 3004.83 3672.87 9548.01
1706000 2870.01 2985.65 3662.22 9517.88
1708000 2871.19 2992.13 3665.89 9529.21
1710000 2886.18 3007.39 3697.79 9591.37
1712000 2880.98 3013.36 3659.49 9553.83
1714000 2877.88 3019.87 3671.84 9569.58
1716000 2882.49 3016.35 3662.88 9561.72
1718000 2896.46 3022.46 3681.88 9600.79
1720000 2885.73 3038.57 3709.19 9633.49
1722000 2900.62 3033.38 3697.09 9631.09
1724000 2907.97 3033.5 3709.61 9651.08
1726000 2877.51 3031.29 3713.57 9622.37
1728000 2884.21 3022.84 3704.14 9611.19
1730000 2880.51 3014.21 3692.65 9587.37
1732000 2842.28 3051.53 3681.58 9575.4
1734000 2829.75 3050.06 3694.28 9574.1
1736000 2812.21 3062.53 3644.17 9518.91
1738000 2829.87 3093.73 3661.77 9585.36
1740000 2813.69 3082.01 3652.95 9548.65
1742000 2816.79 3099.62 3659.47 9575.88
1744000 2800.31 3095.62 3667.32 9563.26
1746000 2791.46 3086.91 3673.31 9551.68
1748000 2801.89 3088.37 3671.9 9562.16
1750000 2804.11 3081.82 3655.12 9541.04
1752000 2831.6 3088.1 3666.26 9585.96
1754000 2819.3 3105.34 3692.59 9617.23
1756000 2832.73 3075.2 3692.71 9600.64
1758000 2842.23 3066.52 3691.3 9600.04
1760000 2842.33 3056.91 3694.05 9593.29
1762000 2883.23 3042.77 3698.88 9624.88
1764000 2861.21 3038.66 3675.77 9575.64
1766000 2842.19 3048.16 3656.23 9546.59
1768000 2854.64 3064.43 3668.17 9587.24
1770000 2867.71 3069.79 3690.45 9627.94
1772000 2861.44 3050.39 3658.74 9570.57
1774000 2872.8 3058.81 3649.52 9581.13
1776000 2903.24 3040.41 3644.13 9587.79
1778000 2917.36 3049.01 3653.86 9620.23
1780000 2932.63 3086.41 3664.11 9683.14
1782000 2956.93 3065.55 3695.16 9717.64
1784000 2963.01 3073.48 3690.66 9727.15
1786000 2952.26 3072.58 3688.27 9713.11
1788000 2962.48 3099.82 3712.52 9774.82
1790000 2974.55 3124.55 3702.52 9801.62
1792000 2979.69 3149.32 3682.95 9811.95
1794000 2962.69 3159.9 3702.8 9825.39
1796000 2980.11 3173.35 3738.54 9892
1798000 2983.35 3185.22 3740.09 9908.66
1800000 2998.52 3188.09 3762.48 9949.09
1802000 3000.12 3201.28 3766.19 9967.59
1804000 2997.87 3198.34 3776.2 9972.42
1806000 3011.82 3201.75 3778.31 9991.88
1808000 3024.92 3206.46 3752.83 9984.2
1810000 3007.69 3217.72 3771.71 9997.12
1812000 3021.7 3224.78 3787.85 10034.3
1814000 3049.3 3209.8 3798.64 10057.7
1816000 3032.82 3221.44 3816.81 10071.1
1818000 3046.97 3226.49 3788.7 10062.2
1820000 3053.75 3241.78 3776.84 10072.4
1822000 3050.98 3241.69 3780.78 10073.5
1824000 3049.05 3257.84 3790.32 10097.2
1826000 3052.86 3271.54 3790.18 10114.6
1828000 3020.57 3279.19 3767.72 10067.5
1830000 3029.89 3277.31 3752.96 10060.2
1832000 3020.89 3296.84 3756.65 10074.4
1834000 3031.05 3309.69 3760.11 10100.9
1836000 3048.05 3294.29 3755.68 10098
1838000 3053.85 3312.87 3729.63 10096.3
1840000 3072.03 3318.36 3752.8 10143.2
1842000 3065.77 3298.11 3783.82 10147.7
1844000 3066.84 3315.37 3777.92 10160.1
1846000 3088.09 3318.93 3782.37 10189.4
1848000 3075.24 3308.51 3793.1 10176.9
1850000 3055.86 3302.98 3794.89 10153.7
1852000 3034.82 3301.86 3807.24 10143.9
1854000 3043.37 3300.56 3818.04 10162
1856000 3054.23 3329.29 3812.58 10196.1
1858000 3087.47 3330.06 3844.29 10261.8
1860000 3099.46 3319.69 3854.56 10273.7
1862000 3092.27 3316.33 3847.29 10255.9
1864000 3106.67 3318.5 3854.64 10279.8
1866000 3105.91 3324.51 3862.34 10292.8
1868000 3110.28 3322.4 3895.42 10328.1
1870000 3097.51 3327.56 3919.1 10344.2
1872000 3082.18 3314.76 3906.87 10303.8
1874000 3060.65 3352.51 3930.92 10344.1
1876000 3077.97 3375.31 3940.23 10393.5
1878000 3051.11 3361.26 3935.33 10347.7
1880000 3032.98 3372.65 3949.12 10354.7
1882000 3036.05 3393.47 3943.46 10373
1884000 3054.73 3411.56 3975.7 10442
1886000 3024.29 3401.34 3962.97 10388.6
1888000 3015.39 3419.77 3982.43 10417.6
1890000 3041.95 3430.93 4006.26 10479.1
1892000 3038.55 3423.59 4015.82 10478
1894000 3055.22 3428.1 4025.93 10509.3
1896000 3056.3 3431.11 4030.08 10517.5
1898000 3074.95 3417.02 4040.64 10532.6
1900000 3086.72 3428.04 4066.95 10581.7
1902000 3088.14 3430.83 4058.67 10577.6
1904000 3095.61 3449.98 4058.07 10603.7
1906000 3124.73 3428.52 4085.84 10639.1
1908000 3135.61 3430.02 4100.17 10665.8
1910000 3145.43 3431.59 4105.14 10682.2
1912000 3140.72 3426.86 4109.53 10677.1
1914000 3145.88 3422.92 4100.45 10669.2
1916000 3165.92 3454.26 4099.24 10719.4
1918000 3202.64 3461.54 4111.55 10775.7
1920000 3203.95 3475.27 4116.16 10795.4
1922000 3185.98 3491.93 4130.22 10808.1
1924000 3183.59 3495.78 4118.87 10798.2
1926000 3178.88 3484.1 4123.54 10786.5
1928000 3184.45 3476.76 4113.32 10774.5
1930000 3190.67 3464.71 4121.41 10776.8
1932000 3186.3 3478.71 4115.63 10780.6
1934000 3186.81 3483.31 4100.01 10770.1
1936000 3201.31 3474.59 4099.24 10775.1
1938000 3222.91 3474.15 4127.3 10824.4
1940000 3233.27 3470.56 4137.79 10841.6
1942000 3251.98 3478.58 4127.09 10857.7
1944000 3248.13 3495.74 4101.66 10845.5
1946000 3248.89 3499.89 4092.73 10841.5
1948000 3238.96 3450.62 4071.1 10760.7
1950000 3243.97 3443.54 4090.98 10778.5
1952000 3243.57 3437.16 4114.97 10795.7
1954000 3255.57 3450.06 4129.42 10835.1
1956000 3245.97 3455.16 4157.54 10858.7
1958000 3269.72 3461.38 4171.64 10902.7
1960000 3273.41 3466.12 4121.19 10860.7
1962000 3255.72 3480.73 4108.14 10844.6
1964000 3238.13 3475.11 4109.54 10822.8
1966000 3237.67 3466.68 4115.38 10819.7
1968000 3253.13 3478.59 4092.3 10824
1970000 3276.1 3477.89 4082.75 10836.7
1972000 3291.14 3484.86 4111.31 10887.3
1974000 3311.58 3540.09 4168.64 11020.3
1976000 3322.78 3532.54 4177.82 11033.1
1978000 3311.23 3552.88 4169.4 11033.5
1980000 3294.1 3559.23 4185.92 11039.2
1982000 3283.76 3571.87 4202.47 11058.1
1984000 3249.09 3579.44 4208.04 11036.6
1986000 3243.08 3617.84 4217.85 11078.8
1988000 3247.39 3625.75 4219.83 11093
1990000 3249.89 3625.51 4228.98 11104.4
1992000 3257.58 3634.77 4232 11124.3
1994000 3226.69 3631 4242.92 11100.6
1996000 3216.54 3645.02 4240.32 11101.9
1998000 3265.46 3636.92 4245.97 11148.3
2000000 3289.41 3611.78 4271.86 11173
