0 2704045.8
2000 2701899.5
4000 2695714.4
6000 2695593
8000 2692295.4
10000 2701225.7
12000 2687511.9
14000 2698598.8
16000 2697450
18000 2693518.7
20000 2699857.3
22000 2696928.2
24000 2695183.8
26000 2696539.3
28000 2694189
30000 2686487.2
32000 2706956.7
34000 2700183
36000 2692634.2
38000 2698488.9
40000 2702693.7
42000 2694966.2
44000 2707865
46000 2691092.4
48000 2703802
50000 2696879.9
52000 2697669.7
54000 2703713.2
56000 2690886.9
58000 2688275.1
60000 2690030.6
62000 2696525
64000 2691989.4
66000 2692035
68000 2692727.8
70000 2696068
72000 2709983.1
74000 2692606.5
76000 2694924.8
78000 2694904.4
80000 2689233
82000 2689841
84000 2693569.2
86000 2694780.8
88000 2697603.3
90000 2695354.9
92000 2697218
94000 2708142.1
96000 2713223
98000 2691349.5
100000 2696451.1
102000 2701500.4
104000 2697872
106000 2700622.2
108000 2693557
110000 2695684.1
112000 2695816.6
114000 2685036.7
116000 2694172.7
118000 2694488.4
120000 2694284.5
122000 2688520.5
124000 2691290.6
126000 2698722.8
128000 2705571.1
130000 2695974.9
132000 2698644.1
134000 2693160.8
136000 2702262.9
138000 2702072.2
140000 2697947.6
142000 2697936.6
144000 2702007
146000 2701676.6
148000 2704926.5
150000 2702227.9
152000 2705481.2
154000 2682419.8
156000 2696403.7
158000 2692250.5
160000 2682846.8
162000 2689604.1
164000 2690942.2
166000 2693523.6
168000 2700388.3
170000 2688104.2
172000 2698335.7
174000 2687513.7
176000 2696459.1
178000 2695399.4
180000 2699095.3
182000 2695978.7
184000 2698244.4
186000 2695340.1
188000 2697217.4
190000 2691415.3
192000 2698185.7
194000 2701796.3
196000 2694144.5
198000 2694987.6
200000 2696167.7
202000 2688698.6
204000 2702704.9
206000 2700569.3
208000 2698876.3
210000 2694824.4
212000 2695397.6
214000 2705475.4
216000 2699848
218000 2698688.1
220000 2691057.8
222000 2698716.7
224000 2689351
226000 2704722.3
228000 2705967
230000 2692388.9
232000 2700606
234000 2691372.9
236000 2692743
238000 2703974.6
240000 2695292.5
242000 2699527.4
244000 2698772
246000 2697716
248000 2699520.8
250000 2693846.8
252000 2700904.7
254000 2706438.4
256000 2706629.2
258000 2703515.6
260000 2695354
262000 2700361.5
264000 2700460.5
266000 2691553.9
268000 2699717.4
270000 2696621.2
272000 2696996.6
274000 2698779.3
276000 2698173.6
278000 2703884.2
280000 2704573.5
282000 2696165.1
284000 2697328
286000 2688280.3
288000 2685513.7
290000 2702357.2
292000 2698745.1
294000 2693138.1
296000 2699776.3
298000 2701914.3
300000 2694368.8
302000 2700013
304000 2692194.7
306000 2703587
308000 2695480.3
310000 2687562.6
312000 2692766.2
314000 2693882.1
316000 2702551.7
318000 2696529.6
320000 2693621.6
322000 2705195.2
324000 2706602.5
326000 2693149.7
328000 2696427.7
330000 2697060.9
332000 2698204.9
334000 2698506.3
336000 2683442.4
338000 2693973.5
340000 2690825.3
342000 2693800
344000 2681309.8
346000 2694749.2
348000 2692702.3
350000 2690575.4
352000 2709328.5
354000 2696202.1
356000 2696459.3
358000 2695553.1
360000 2695110.2
362000 2699489.1
364000 2696293.3
366000 2709486.9
368000 2688253.1
370000 2686405
372000 2697186.6
374000 2681518.2
376000 2703169.3
378000 2689043.6
380000 2692368.3
382000 2694012.8
384000 2693730.3
386000 2696247.4
388000 2695729.1
390000 2700215.4
392000 2695703
394000 2702666.7
396000 2702210
398000 2704179.6
400000 2698522.4
402000 2694426.9
404000 2696237.3
406000 2699973.6
408000 2696306.1
410000 2691725.2
412000 2691633.4
414000 2692328.8
416000 2698351.6
418000 2691027.2
420000 2691781
422000 2699185.1
424000 2704337.7
426000 2699468.7
428000 2702617.5
430000 2698137.9
432000 2685822.1
434000 2692382.6
436000 2697433.5
438000 2701396.8
440000 2692100.9
442000 2706426.4
444000 2698293.2
446000 2697262.3
448000 2703598.1
450000 2701728.5
452000 2691212.1
454000 2691836.9
456000 2705856.2
458000 2701988.3
460000 2689640.3
462000 2698592.3
464000 2698315.4
466000 2686776.8
468000 2701412.7
470000 2692247.9
472000 2701048
474000 2696583.2
476000 2694742.4
478000 2695824.7
480000 2699461.3
482000 2695507.2
484000 2699919.1
486000 2709525
488000 2697488.4
490000 2708398.3
492000 2686052.2
494000 2700450.9
496000 2702976.9
498000 2701511
500000 2698169.4
502000 2686257.6
504000 2693089.3
506000 2705002.6
508000 2699511.6
510000 2699675.8
512000 2692824.1
514000 2691715.1
516000 2697665.7
518000 2696754.9
520000 2691224
522000 2704763.4
524000 2706442
526000 2691669.1
528000 2697175.7
530000 2683308.8
532000 2692289.9
534000 2701975.9
536000 2693871.3
538000 2694842.5
540000 2692108.3
542000 2697981.9
544000 2701260.8
546000 2698426.1
548000 2703864.9
550000 2690784.1
552000 2690708.3
554000 2698292
556000 2697990.4
558000 2695110
560000 2692633.8
562000 2686822.9
564000 2692876.9
566000 2689109.1
568000 2701745.1
570000 2696723.2
572000 2692075.2
574000 2685674.2
576000 2697771
578000 2697944.7
580000 2694993.5
582000 2694713.4
584000 2697217
586000 2694586.8
588000 2692568
590000 2688188
592000 2682274.8
594000 2689307.3
596000 2697827.2
598000 2695889.5
600000 2697363.4
602000 2701020.8
604000 2700474.5
606000 2694839.5
608000 2688771.9
610000 2690992.8
612000 2701223.5
614000 2699508.6
616000 2694371.4
618000 2707260.9
620000 2703546.6
622000 2702809.6
624000 2701074.6
626000 2711322.2
628000 2701733.5
630000 2691603.2
632000 2691260.3
634000 2711585.7
636000 2688522.5
638000 2696516.8
640000 2688858.1
642000 2698029.7
644000 2698804.6
646000 2697923.3
648000 2704235.5
650000 2697530
652000 2694295.1
654000 2701899.6
656000 2699863.4
658000 2700074.7
660000 2702253.5
662000 2693915.9
664000 2692672.7
666000 2690447.3
668000 2702673.4
670000 2700254.1
672000 2698074.8
674000 2698201.9
676000 2698253.8
678000 2699259.2
680000 2703719.3
682000 2694752
684000 2692162.7
686000 2690392.2
688000 2692811.9
690000 2693851.3
692000 2696059.7
694000 2695593.2
696000 2703294.9
698000 2692402.6
700000 2705037.2
702000 2698362.8
704000 2693331.1
706000 2686520.9
708000 2694595.6
710000 2705474.4
712000 2694208.5
714000 2691226.5
716000 2700673.3
718000 2704731.9
720000 2695510.3
722000 2692159.4
724000 2696570.5
726000 2687250
728000 2690819.1
730000 2696224.4
732000 2691067.4
734000 2705275.5
736000 2699844.1
738000 2700324.5
740000 2701521.4
742000 2688843.4
744000 2693938.1
746000 2693052
748000 2691440.2
750000 2698750.7
752000 2697404.7
754000 2691849.7
756000 2702348.1
758000 2706904
760000 2709509.1
762000 2693651.1
764000 2689434.5
766000 2704895.1
768000 2699126.5
770000 2696272.2
772000 2701456.7
774000 2697403
776000 2693705.8
778000 2692426.2
780000 2697438.7
782000 2699869.2
784000 2698232.7
786000 2710376.1
788000 2691387.5
790000 2692786.6
792000 2688640
794000 2698243.3
796000 2693311.6
798000 2689048.1
800000 2696631
802000 2701293.8
804000 2691275.5
806000 2688410.1
808000 2702429.8
810000 2691385.7
812000 2689296.6
814000 2686767.6
816000 2693089.8
818000 2700765.3
820000 2694353.9
822000 2697813.2
824000 2694113.2
826000 2702812.5
828000 2691081.9
830000 2697079.6
832000 2696202.2
834000 2701887
836000 2691762.7
838000 2700704.9
840000 2700651.4
842000 2695781
844000 2698815.2
846000 2698915.5
848000 2693875.2
850000 2685428.6
852000 2691610.7
854000 2693860.4
856000 2695161.4
858000 2704951.1
860000 2702286.8
862000 2699054.3
864000 2703618.4
866000 2693744.9
868000 2695320.3
870000 2701373.7
872000 2694232.2
874000 2698164.1
876000 2702170.4
878000 2694835.5
880000 2696828.8
882000 2697044.6
884000 2690092.3
886000 2689294.8
888000 2699966.2
890000 2701018.9
892000 2701318
894000 2695993.7
896000 2693867.7
898000 2707707.8
900000 2704415.8
902000 2696740.3
904000 2696832
906000 2690599.2
908000 2684442.3
910000 2704423.6
912000 2689325.3
914000 2691314.1
916000 2688197.4
918000 2690848
920000 2696488.4
922000 2694194.5
924000 2705346.3
926000 2693898.5
928000 2690841
930000 2704599.1
932000 2690429.5
934000 2692273.4
936000 2705690.1
938000 2700457.1
940000 2697571.8
942000 2683231.8
944000 2694248
946000 2696284.3
948000 2694930.7
950000 2691570.3
952000 2694501.1
954000 2694462
956000 2691046.5
958000 2703576.2
960000 2704585.7
962000 2706390.9
964000 2692419.8
966000 2691026.7
968000 2695819.2
970000 2706174.7
972000 2694403.3
974000 2697250.8
976000 2702443.6
978000 2687784.1
980000 2697991.6
982000 2712332.1
984000 2687940.7
986000 2692395.3
988000 2696864.3
990000 2703475.2
992000 2692162.5
994000 2701993.7
996000 2709624.9
998000 2697942.4
1000000 2698681.9
1002000 2696134.7
1004000 2697698.8
1006000 2696894.4
1008000 2689562.7
1010000 2695775.4
1012000 2692953.1
1014000 2698034.2
1016000 2698215.3
1018000 2694106.9
1020000 2695210.6
1022000 2694899.2
1024000 2696667.9
1026000 2693692.2
1028000 2700812.2
1030000 2698212.5
1032000 2705847.8
1034000 2697131.3
1036000 2692918.5
1038000 2696462.9
1040000 2704513
1042000 2701116.6
1044000 2701433.4
1046000 2692066
1048000 2696935.4
1050000 2693634.1
1052000 2701455.3
1054000 2702933.4
1056000 2708515.7
1058000 2704631.9
1060000 2705129.4
1062000 2701098.3
1064000 2697646.8
1066000 2696537.8
1068000 2700072.9
1070000 2704295.5
1072000 2694524.2
1074000 2698920.2
1076000 2691789.5
1078000 2700264.9
1080000 2701271.4
1082000 2700174.4
1084000 2692250.7
1086000 2696523.6
1088000 2695799.3
1090000 2694189.4
1092000 2690279.2
1094000 2693551.9
1096000 2694692.8
1098000 2691543.1
1100000 2706791.7
1102000 2700765.6
1104000 2701146.7
1106000 2694758.4
1108000 2698398.2
1110000 2701798.6
1112000 2698996.2
1114000 2694493.7
1116000 2696732.2
1118000 2695312.7
1120000 2705806.1
1122000 2700909.2
1124000 2691435.8
1126000 2697585.5
1128000 2704264.9
1130000 2683379.1
1132000 2696885.4
1134000 2688056.7
1136000 2694525
1138000 2698721.6
1140000 2699329.9
1142000 2696240.7
1144000 2696813.9
1146000 2704221.7
1148000 2692206.9
1150000 2700314.1
1152000 2708314.3
1154000 2695829.7
1156000 2691262.5
1158000 2697246.2
1160000 2698838.7
1162000 2696114
1164000 2691081.7
1166000 2698917.6
1168000 2690490.9
1170000 2698697.3
1172000 2696470.4
1174000 2699378
1176000 2695580.6
1178000 2693630.2
1180000 2700132.2
1182000 2693158.1
1184000 2691518.5
1186000 2695524.7
1188000 2692755.3
1190000 2704385.6
1192000 2702173.1
1194000 2688283.1
1196000 2689677.8
1198000 2697954.6
1200000 2701310.4
1202000 2692112.8
1204000 2695251
1206000 2695317.7
1208000 2695173.6
1210000 2689967.2
1212000 2706802.4
1214000 2704961.6
1216000 2697553.4
1218000 2698734.7
1220000 2695369.9
1222000 2694178.2
1224000 2696471.9
1226000 2694262.3
1228000 2696619.7
1230000 2699535
1232000 2698012.9
1234000 2699897.1
1236000 2703210
1238000 2700573.8
1240000 2689074.9
1242000 2709094.2
1244000 2696711.5
1246000 2690121.6
1248000 2683284.1
1250000 2686452.3
1252000 2684541.4
1254000 2697223.8
1256000 2695854.4
1258000 2704657.2
1260000 2699911.8
1262000 2688937.7
1264000 2707674.8
1266000 2682901.3
1268000 2698040.4
1270000 2697522.8
1272000 2692207.9
1274000 2696524.5
1276000 2696001.6
1278000 2691974.2
1280000 2697537.5
1282000 2699461.7
1284000 2692068.7
1286000 2700673
1288000 2696367.5
1290000 2700396.1
1292000 2699270.6
1294000 2700884.3
1296000 2701920.3
1298000 2694903.6
1300000 2696863.5
1302000 2697375.4
1304000 2694033.7
1306000 2695606.6
1308000 2697482.3
1310000 2694350
1312000 2698316.5
1314000 2706534.9
1316000 2702680.2
1318000 2705145.7
1320000 2696477.3
1322000 2693093.9
1324000 2698500.5
1326000 2692449.2
1328000 2692923.3
1330000 2704345.9
1332000 2704580.4
1334000 2696421.3
1336000 2703320.9
1338000 2694416.9
1340000 2697647
1342000 2699921.8
1344000 2711530.9
1346000 2701667.4
1348000 2696080.2
1350000 2696976.8
1352000 2697439
1354000 2691202
1356000 2698873.8
1358000 2702433.5
1360000 2696820.1
1362000 2697610.2
1364000 2694087
1366000 2699845.7
1368000 2704792.8
1370000 2697507.4
1372000 2694973.8
1374000 2692582.1
1376000 2698772.8
1378000 2701865.9
1380000 2698995.7
1382000 2703079.7
1384000 2702527.5
1386000 2685731.7
1388000 2693801.6
1390000 2707222.6
1392000 2691769.5
1394000 2686235.8
1396000 2702329.9
1398000 2701227.4
1400000 2705953.7
1402000 2699824
1404000 2700109.8
1406000 2693035.2
1408000 2696397.9
1410000 2694187.4
1412000 2699806.4
1414000 2693200.9
1416000 2693614.7
1418000 2697291.8
1420000 2690177.7
1422000 2690454.8
1424000 2681725
1426000 2694763.8
1428000 2700318.4
1430000 2696245.6
1432000 2695183.2
1434000 2697689
1436000 2687312.8
1438000 2680743.8
1440000 2701823.6
1442000 2702929.9
1444000 2707676.1
1446000 2683113
1448000 2702072
1450000 2696871.9
1452000 2696631.6
1454000 2697914.5
1456000 2697984.5
1458000 2703801.2
1460000 2706328.6
1462000 2695221.3
1464000 2691986.3
1466000 2692054.8
1468000 2693017.1
1470000 2703218.7
1472000 2700324.5
1474000 2696037.9
1476000 2699006.9
1478000 2705495.1
1480000 2697128.2
1482000 2694965.9
1484000 2689473.8
1486000 2702900.5
1488000 2694602.5
1490000 2697978.9
1492000 2692598.2
1494000 2686142.6
1496000 2700638.2
1498000 2687763.8
1500000 2701516.4
1502000 2690110.2
1504000 2707878.6
1506000 2696798.5
1508000 2702838.4
1510000 2695666
1512000 2697754
1514000 2701052.5
1516000 2692919.6
1518000 2691435
1520000 2702289.7
1522000 2692755.1
1524000 2692594.3
1526000 2688990.2
1528000 2694309.8
1530000 2703278.7
1532000 2705761.2
1534000 2684389.1
1536000 2691479.2
1538000 2702043.8
1540000 2696246.6
1542000 2695004.1
1544000 2698644.2
1546000 2698274.6
1548000 2700534
1550000 2701748.4
1552000 2692425.4
1554000 2689047.9
1556000 2697597.9
1558000 2697515
1560000 2701528.3
1562000 2698397.4
1564000 2703017.6
1566000 2701784.7
1568000 2697497.8
1570000 2705020.6
1572000 2692759.3
1574000 2694575.4
1576000 2696292.6
1578000 2697205.1
1580000 2695726.4
1582000 2699660.2
1584000 2690178.8
1586000 2708105.3
1588000 2702304.7
1590000 2687228.1
1592000 2693471.2
1594000 2704310.2
1596000 2696382.9
1598000 2693595.9
1600000 2696777.3
1602000 2699595.4
1604000 2701441.1
1606000 2694223.4
1608000 2687145.4
1610000 2703258.9
1612000 2703078.5
1614000 2704031.9
1616000 2696386.3
1618000 2705605.2
1620000 2697509.4
1622000 2694939.8
1624000 2693597.9
1626000 2696408.5
1628000 2692170.3
1630000 2689384.5
1632000 2689843.8
1634000 2690605.8
1636000 2709287.3
1638000 2711411.6
1640000 2697123
1642000 2689700
1644000 2694049.7
1646000 2701373.7
1648000 2700331.4
1650000 2693263
1652000 2692806
1654000 2701369.4
1656000 2697461.7
1658000 2697646.1
1660000 2700256.7
1662000 2697770.4
1664000 2697174.1
1666000 2696810.8
1668000 2692531.1
1670000 2707340.5
1672000 2701036.9
1674000 2703747.3
1676000 2699204.1
1678000 2700235
1680000 2692352.9
1682000 2692037.4
1684000 2699425.8
1686000 2700349.8
1688000 2700682.7
1690000 2698747.6
1692000 2696572.9
1694000 2696011.8
1696000 2697778.4
1698000 2693370.5
1700000 2688585.7
1702000 2690120.3
1704000 2696780.5
1706000 2701656.3
1708000 2692104.1
1710000 2698788.6
1712000 2698622.2
1714000 2699833.3
1716000 2703188.7
1718000 2692067.1
1720000 2700979.9
1722000 2692094.7
1724000 2700754
1726000 2701374.7
1728000 2691936.7
1730000 2692307.9
1732000 2694173.2
1734000 2696937.8
1736000 2693477.8
1738000 2692339.2
1740000 2700019.2
1742000 2700656.7
1744000 2699270.1
1746000 2698154.1
1748000 2698552.9
1750000 2691900.2
1752000 2701054.1
1754000 2698055.2
1756000 2689188.6
1758000 2698913.8
1760000 2699285.6
1762000 2703193
1764000 2704409.1
1766000 2700922.5
1768000 2689179.8
1770000 2704200.7
1772000 2694999
1774000 2694958.7
1776000 2698543.6
1778000 2697946.1
1780000 2694805.1
1782000 2695461.2
1784000 2682887.2
1786000 2696791.9
1788000 2695160
1790000 2697722.9
1792000 2694922.9
1794000 2685245.6
1796000 2696963.7
1798000 2700584.9
1800000 2696824.9
1802000 2685028.6
1804000 2701198.1
1806000 2697283.3
1808000 2697956.3
1810000 2691572.3
1812000 2693982.3
1814000 2696316.9
1816000 2700252.2
1818000 2693651.7
1820000 2694660.3
1822000 2689348
1824000 2699627.2
1826000 2704597.1
1828000 2685060.2
1830000 2693100
1832000 2692593
1834000 2688749.5
1836000 2704883.6
1838000 2699514.8
1840000 2700010.6
1842000 2691642.9
1844000 2703485.1
1846000 2697462.2
1848000 2696631.5
1850000 2694958.8
1852000 2704565
1854000 2696979.8
1856000 2692501
1858000 2697941.6
1860000 2699281.5
1862000 2706703
1864000 2699716.8
1866000 2687053.6
1868000 2691308.8
1870000 2689824
1872000 2701022.9
1874000 2693887.1
1876000 2694686.6
1878000 2692253.8
1880000 2690750.8
1882000 2701516.2
1884000 2698561.9
1886000 2698802.6
1888000 2694902.3
1890000 2697495.3
1892000 2697401.4
1894000 2691462.8
1896000 2691562.7
1898000 2704898.4
1900000 2688998.9
1902000 2699400.7
1904000 2701090.9
1906000 2700029.7
1908000 2688812.9
1910000 2699867
1912000 2702779.5
1914000 2693333.5
1916000 2697686.4
1918000 2686864.1
1920000 2692528.7
1922000 2690454.6
1924000 2694091.9
1926000 2691303.4
1928000 2684163.1
1930000 2696638.9
1932000 2694160.4
1934000 2702442.4
1936000 2709874.9
1938000 2694830.2
1940000 2698106.3
1942000 2695513.8
1944000 2686149.6
1946000 2700892.5
1948000 2697010.5
1950000 2702731.2
1952000 2700902.7
1954000 2690156.3
1956000 2696975.8
1958000 2705155.6
1960000 2690847.4
1962000 2700584.7
1964000 2689843.3
1966000 2693048.1
1968000 2690232.9
1970000 2701959.3
1972000 2696961.6
1974000 2703831.4
1976000 2696061
1978000 2696375.6
1980000 2698210.2
1982000 2703740.5
1984000 2697827.1
1986000 2696372.8
1988000 2684558.9
1990000 2696164.1
1992000 2698721
1994000 2695373
1996000 2695478.7
1998000 2701063
2000000 2705484.7
