# Time-averaged data for fix savemsd
# TimeStep c_msd[1] c_msd[2] c_msd[3] c_msd[4]
0 0 6.87879e-30 2.34029e-29 3.02817e-29
2000 1.9449 1.88055 1.9353 5.76075
4000 3.57265 3.89693 3.77593 11.2455
6000 5.7343 5.68948 5.60579 17.0296
8000 7.65399 7.33963 7.59077 22.5844
10000 9.44136 9.11333 9.58434 28.139
12000 12.2907 11.0492 11.5834 34.9233
14000 13.8284 13.3869 13.2109 40.4263
16000 15.5896 15.7226 14.8724 46.1845
18000 18.1039 17.4231 16.7232 52.2501
20000 19.9446 18.7721 18.4924 57.209
22000 21.3426 21.4678 20.2507 63.0612
24000 23.5383 23.4738 22.5613 69.5734
26000 25.7021 25.3709 24.2299 75.3029
28000 27.9577 27.2277 26.2485 81.4339
30000 30.1078 28.7727 27.5794 86.4599
32000 31.6217 30.528 29.61 91.7597
34000 32.7244 33.0031 31.4643 97.1918
36000 35.0069 34.7464 33.217 102.97
38000 37.3784 36.2946 34.6942 108.367
40000 39.5411 38.3256 36.6447 114.511
42000 40.9134 40.1616 38.1521 119.227
44000 42.4046 42.6459 40.8716 125.922
46000 43.9233 44.7604 42.6614 131.345
48000 45.0577 46.4996 44.8833 136.441
50000 46.4812 47.5821 46.2707 140.334
52000 48.0502 49.9451 47.6316 145.627
54000 49.6207 51.7458 49.4225 150.789
56000 52.1212 54.6706 51.0168 157.809
58000 54.3183 56.4353 52.8979 163.652
60000 55.8715 57.3634 54.7701 168.005
62000 57.5374 60.0871 56.3859 174.01
64000 59.7464 61.8503 57.5876 179.184
66000 62.5131 64.0455 59.459 186.018
68000 65.0443 66.8444 61.3961 193.285
70000 67.7465 69.8615 63.9437 201.552
72000 69.59 71.31 64.9391 205.839
74000 71.7944 71.5528 67.2884 210.636
76000 72.7797 73.7763 69.7142 216.27
78000 74.5768 75.8563 71.3945 221.828
80000 76.2881 78.4682 73.4196 228.176
82000 79.0598 81.074 75.6609 235.795
84000 79.9631 83.2572 77.4859 240.706
86000 81.7178 83.4256 79.2798 244.423
88000 83.2528 85.1345 81.019 249.406
90000 84.5162 87.5619 81.8314 253.909
92000 87.0968 90.0867 85.0219 262.205
94000 90.6015 91.0653 87.4338 269.101
96000 91.7336 91.9989 89.4179 273.15
98000 93.304 94.253 90.3889 277.946
100000 96.4883 95.7751 91.4061 283.669
102000 98.3557 97.3392 92.4742 288.169
104000 99.6807 99.1607 94.3281 293.17
106000 101.124 100.853 96.1186 298.095
108000 103.53 102.776 99.0393 305.345
110000 106.884 103.603 99.913 310.4
112000 108.869 105.996 102.89 317.755
114000 109.541 106.852 104.307 320.699
116000 111.608 107.588 106.784 325.98
118000 113.249 109.154 107.1 329.503
120000 115.621 110.623 109.629 335.874
122000 116.576 112.464 111.811 340.851
124000 118.62 114.757 113.656 347.032
126000 122.028 116.76 114.418 353.206
128000 124.027 117.205 116.519 357.751
130000 125.691 119.401 119.031 364.123
132000 126.736 121.834 120.349 368.92
134000 129.694 123.332 123.398 376.424
136000 132.426 125.717 125.482 383.625
138000 134.274 126.725 128.772 389.772
140000 136.23 127.946 131.642 395.818
142000 139.813 130.034 132.831 402.679
144000 139.857 131.482 133.986 405.325
146000 142.79 132.383 136.069 411.241
148000 145.523 132.796 136.856 415.175
150000 146.496 134.377 138.441 419.314
152000 147.537 136.343 140.579 424.459
154000 149.545 137.297 142.343 429.185
156000 150.218 138.055 144.65 432.924
158000 152.928 138.592 146.561 438.08
160000 156.908 140.522 150.04 447.469
162000 158.839 141.811 151.564 452.215
164000 160.663 143.842 153.139 457.644
166000 162.698 145.998 155.474 464.171
168000 166.46 146.786 157.074 470.32
170000 168.059 149.337 159.694 477.089
172000 168.953 151.006 161.365 481.324
174000 169.698 151.598 162.448 483.745
176000 173.032 154.089 164.802 491.923
178000 173.616 156.412 168.107 498.135
180000 174.081 157.713 171.087 502.88
182000 174.868 160.105 173.424 508.398
184000 177.341 160.309 175.307 512.958
186000 178.721 163.217 177.603 519.541
188000 179.621 164.921 180.192 524.734
190000 182.256 166.493 182.289 531.038
192000 182.097 166.041 184.823 532.962
194000 183.733 167.6 187.496 538.829
196000 185.133 169.711 187.676 542.52
198000 188.074 172.171 188.798 549.043
200000 189.956 174.803 190.07 554.829
202000 191.52 176.908 191.234 559.661
204000 193.864 177.915 192.196 563.975
206000 195.277 181.319 194.245 570.842
208000 197.704 183.076 195.335 576.115
210000 199.226 183.659 197.329 580.214
212000 200.442 186.882 198.707 586.032
214000 203.723 187.137 199.364 590.225
216000 206.145 188.863 199.688 594.697
218000 207.435 190.348 199.715 597.498
220000 209.101 193.497 202.645 605.243
222000 210.37 196.113 205.466 611.949
224000 210.903 199.624 207.363 617.891
226000 210.722 201.095 209.415 621.233
228000 213.168 202.312 209.424 624.904
230000 214.299 203.599 211.251 629.149
232000 214.189 205.369 212.624 632.181
234000 216.321 205.49 214.753 636.565
236000 216.868 206.816 217.144 640.828
238000 217.806 207.144 220.709 645.659
240000 217.496 208.998 223.251 649.746
242000 219.431 212.785 226.081 658.297
244000 219.303 215.623 227.803 662.729
246000 219.824 215.775 230.083 665.681
248000 222.177 217.383 232.602 672.162
250000 223.491 220.351 235.232 679.075
252000 226.329 220.962 236.367 683.658
254000 228.492 222.926 237.13 688.548
256000 229.182 225.271 237.098 691.551
258000 231.408 226.149 238.749 696.306
260000 235.283 228.427 242.185 705.895
262000 238.508 232.112 245.137 715.757
264000 242.156 232.993 248.271 723.421
266000 243.657 233.734 251.518 728.908
268000 247.232 234.625 253.24 735.097
270000 249.509 236.601 254.933 741.043
272000 252.503 237.947 256.804 747.254
274000 253.994 239.445 259.749 753.188
276000 256.777 242.355 262.725 761.856
278000 257.734 243.336 263.737 764.806
280000 259.812 244.14 263.87 767.822
282000 264.092 246.001 265.458 775.551
284000 264.656 247.05 267.522 779.228
286000 266.261 248.376 271.544 786.181
288000 267.055 246.755 272.162 785.972
290000 267.785 248.852 274.783 791.42
292000 270.094 249.507 276.554 796.154
294000 270.058 252.264 278.25 800.573
296000 271.678 254.907 280.258 806.843
298000 274.026 255.579 280.039 809.644
300000 275.301 256.623 279.647 811.572
302000 277.264 259.403 283.039 819.706
304000 279.343 260.348 286.558 826.249
306000 279.902 262.695 291.666 834.263
308000 283.202 265.715 292.273 841.19
310000 286.977 266.294 295.959 849.23
312000 289.083 268.734 298.73 856.547
314000 289.172 267.838 301.091 858.101
316000 290.171 269.102 304.714 863.987
318000 292.129 271.204 307.384 870.717
320000 293.808 271.426 308.939 874.173
322000 296.881 270.805 312.589 880.275
324000 299.853 274.357 315.126 889.336
326000 301.502 275.109 316.447 893.058
328000 304.452 277.241 317.716 899.409
330000 305.228 278.14 318.412 901.78
332000 308.709 279.33 323.569 911.608
334000 310.163 281.287 326.838 918.288
336000 312.431 282.623 330.226 925.28
338000 315.361 285.324 330.127 930.811
340000 317.474 287.355 331.817 936.647
342000 320.371 289.729 334.131 944.231
344000 321.092 291.981 335.686 948.759
346000 322.44 293.695 337.103 953.239
348000 323.538 296.276 338.222 958.036
350000 323.5 300.949 340.517 964.965
352000 322.629 303.098 342.057 967.785
354000 325.85 305.938 342.47 974.258
356000 326.814 309.555 342.625 978.994
358000 326.835 312.12 344.164 983.119
360000 329.11 314.501 347.268 990.879
362000 332.014 315.583 347.412 995.008
364000 336.342 318.21 349.493 1004.05
366000 338.674 321.161 349.197 1009.03
368000 341.641 325.881 351.082 1018.6
370000 342.926 328.272 350.01 1021.21
372000 343.8 330.909 353.374 1028.08
374000 345.944 331.776 355.206 1032.93
376000 348.764 330.761 356.494 1036.02
378000 350.598 332.632 358.106 1041.34
380000 351.109 335.015 357.615 1043.74
382000 352.762 337.394 358.421 1048.58
384000 353.497 338.78 360.612 1052.89
386000 355.358 342.814 361.586 1059.76
388000 357.049 346.662 364.071 1067.78
390000 357.219 346.144 364.187 1067.55
392000 356.963 348.114 364.083 1069.16
394000 359.628 349.645 366.23 1075.5
396000 362.036 351.189 366.136 1079.36
398000 363.52 353.126 367.385 1084.03
400000 366.07 353.933 370.276 1090.28
402000 370.25 354.705 372.44 1097.39
404000 370.738 355.969 372.662 1099.37
406000 373.488 357.976 373.862 1105.33
408000 376.607 358.53 377.033 1112.17
410000 376.021 360.982 380.843 1117.85
412000 377.942 361.712 382.433 1122.09
414000 379.423 362.676 383.632 1125.73
416000 381.015 364.441 384.837 1130.29
418000 381.557 366.47 388.175 1136.2
420000 383.142 369.403 391.681 1144.23
422000 384.259 372.491 393.866 1150.62
424000 383.754 375.962 395.356 1155.07
426000 385.791 378.796 396.689 1161.27
428000 388.141 383.096 400.071 1171.31
430000 390.094 385.146 402.017 1177.26
432000 394.62 387.414 406.54 1188.57
434000 394.398 389.242 409.542 1193.18
436000 396.39 391.002 411.807 1199.2
438000 397.386 391.811 412.706 1201.9
440000 399.173 396.659 413.53 1209.36
442000 401.801 401.338 413.375 1216.51
444000 403.036 403.785 414.759 1221.58
446000 405.039 404.56 415.655 1225.25
448000 405.94 406.186 420.217 1232.34
450000 408.111 408.533 422.132 1238.78
452000 410.488 409.906 425.228 1245.62
454000 412.286 409.842 426.847 1248.98
456000 414.646 411.501 424.885 1251.03
458000 415.138 410 426.764 1251.9
460000 418.74 412.008 430.069 1260.82
462000 418.949 414.905 430.227 1264.08
464000 420.979 415.957 434.183 1271.12
466000 422.273 420.482 435.144 1277.9
468000 422.382 423.024 435.462 1280.87
470000 423.693 424.414 437.941 1286.05
472000 426.063 427.057 440.409 1293.53
474000 428.317 429.455 442.542 1300.31
476000 429.972 431.799 442.471 1304.24
478000 430.267 433.307 444.469 1308.04
480000 435.095 434.235 445.03 1314.36
482000 438.358 434.854 446.872 1320.08
484000 440.914 437 447.116 1325.03
486000 441.221 439.665 448.158 1329.04
488000 446.304 442.098 450.137 1338.54
490000 449.837 444.822 450.491 1345.15
492000 450.023 445.708 451.733 1347.46
494000 452.073 446.574 453.093 1351.74
496000 453.85 448.881 455.746 1358.48
498000 456.771 450.074 456.912 1363.76
500000 460.701 450.101 457.985 1368.79
502000 462.075 452.864 457.916 1372.85
504000 464.751 454.705 462.015 1381.47
506000 464.013 457.608 462.96 1384.58
508000 467.159 461.327 466.171 1394.66
510000 468.546 463.953 470.851 1403.35
512000 470.281 464.661 471.805 1406.75
514000 471.842 463.932 473.615 1409.39
516000 477.481 467.653 473.888 1419.02
518000 477.947 468.19 476.295 1422.43
520000 479.17 471.125 477.313 1427.61
522000 481.872 474 478.812 1434.68
524000 483.623 476.736 479.698 1440.06
526000 486.395 476.356 484.037 1446.79
528000 487.308 478.025 485.976 1451.31
530000 486.969 479.387 486.625 1452.98
532000 488.774 480.549 487.802 1457.12
534000 493.458 484.297 489.86 1467.62
536000 491.956 485.863 491.364 1469.18
538000 494.264 484.99 492.269 1471.52
540000 495.733 484.958 492.283 1472.97
542000 498.185 487.628 494.221 1480.03
544000 501.27 491.567 493.338 1486.17
546000 505.077 493.115 495.754 1493.95
548000 509.899 493.286 497.736 1500.92
550000 511.268 495.338 500.456 1507.06
552000 513.73 497.005 503.769 1514.5
554000 514.626 498.658 509.305 1522.59
556000 516.677 499.101 514.143 1529.92
558000 518.576 499.992 511.088 1529.66
560000 524.495 502.567 511.087 1538.15
562000 525.077 503.757 515.184 1544.02
564000 530.371 503.607 518.253 1552.23
566000 530.743 505.066 518.613 1554.42
568000 531.981 507.909 523.45 1563.34
570000 533.691 508.649 527.699 1570.04
572000 536.672 509.916 532.667 1579.26
574000 538.624 511.184 535.691 1585.5
576000 539.257 510.587 536.192 1586.04
578000 538.821 510.176 537.797 1586.79
580000 539.314 511.812 539.646 1590.77
582000 539.717 513.155 542.139 1595.01
584000 541.238 515.275 545.878 1602.39
586000 544.563 516.669 547.686 1608.92
588000 546.193 518.341 550.571 1615.1
590000 549.145 521.27 551.291 1621.71
592000 552.92 523.997 553.15 1630.07
594000 555.073 527.37 556.547 1638.99
596000 557.269 527.391 560.462 1645.12
598000 560.076 528.831 563.037 1651.94
600000 562.427 531.599 565.775 1659.8
602000 565.394 535.683 566.919 1668
604000 568.125 535.917 567.693 1671.74
606000 572.597 538.378 571.431 1682.41
608000 572.866 538.739 573.56 1685.16
610000 572.781 538.261 576.26 1687.3
612000 573.454 541.218 579.411 1694.08
614000 574.095 542.702 579.985 1696.78
616000 574.086 546.078 580.614 1700.78
618000 574.736 547.439 585.257 1707.43
620000 576.671 551.816 587.042 1715.53
622000 578.171 555.763 586.864 1720.8
624000 579.665 558.562 587.238 1725.46
626000 581.111 559.388 587.095 1727.59
628000 582.216 562.679 590.683 1735.58
630000 583.01 562.839 592.765 1738.61
632000 583.295 565.775 595.735 1744.8
634000 585.762 569.809 595.422 1750.99
636000 588.631 571.817 597.686 1758.13
638000 593.669 571.981 599.394 1765.04
640000 596.234 572.238 600.968 1769.44
642000 599.985 574.03 604.631 1778.65
644000 601.757 577.816 607.579 1787.15
646000 606.155 581.475 607.636 1795.27
648000 606.318 581.368 607.728 1795.41
650000 611.837 583.503 608.454 1803.79
652000 615.067 585.701 608.271 1809.04
654000 617.175 586.8 612.962 1816.94
656000 620.902 588.257 618.207 1827.36
658000 620.427 590.385 618.915 1829.73
660000 623.369 591.884 623.088 1838.34
662000 622.941 595.621 623.273 1841.84
664000 628.172 599.58 624.585 1852.34
666000 629.287 601.253 622.885 1853.42
668000 631.417 606.027 624.42 1861.86
670000 635.997 609.151 625.501 1870.65
672000 634.757 610.787 628.048 1873.59
674000 633.059 614.544 629.361 1876.96
676000 632.381 617.653 629.273 1879.31
678000 633.737 617.524 629.012 1880.27
680000 636.115 618.179 629.294 1883.59
682000 639.836 619.419 630.536 1889.79
684000 639.781 620.839 632.252 1892.87
686000 642.471 621.484 632.547 1896.5
688000 645.798 624.548 630.78 1901.13
690000 652.217 624.616 632.507 1909.34
692000 654.447 626.645 637.596 1918.69
694000 656.925 625.139 639.52 1921.58
696000 660.326 627.416 642.847 1930.59
698000 662.649 630.375 642.898 1935.92
700000 666.968 634.83 643.829 1945.63
702000 667.836 635.873 647.59 1951.3
704000 669.102 640.35 645.983 1955.43
706000 671.478 642.206 647.477 1961.16
708000 674.346 644.616 649.333 1968.29
710000 677.103 642.523 650.575 1970.2
712000 675.099 641.776 653.967 1970.84
714000 676.099 642.826 656.397 1975.32
716000 676.44 643.775 657.721 1977.94
718000 678.672 646.037 659.25 1983.96
720000 686.458 647.929 664.871 1999.26
722000 688.788 652.052 660.335 2001.17
724000 689.528 652.392 661.044 2002.96
726000 688.478 653.759 663.443 2005.68
728000 691.428 654.641 666.619 2012.69
730000 695.625 655.935 667.526 2019.09
732000 697.609 659.05 666.845 2023.5
734000 702.657 663.381 671.209 2037.25
736000 704.128 665.643 670.996 2040.77
738000 707.041 669.472 671.811 2048.32
740000 710.92 671.014 672.015 2053.95
742000 715.925 672.863 673.019 2061.81
744000 718.535 676.412 674.458 2069.41
746000 718.8 677.097 672.512 2068.41
748000 718.154 678.365 673.148 2069.67
750000 722.004 680.621 677.302 2079.93
752000 725.441 683.072 679.666 2088.18
754000 724.636 688.624 679.673 2092.93
756000 727.011 691.608 681.737 2100.36
758000 728.697 693.76 683.369 2105.83
760000 730.056 692.73 686.411 2109.2
762000 730.414 696.144 689.135 2115.69
764000 734.548 698.842 688.857 2122.25
766000 738.331 699.87 694.329 2132.53
768000 737.839 703.165 698.796 2139.8
770000 736.457 703.314 699.227 2139
772000 740.02 707.225 700.783 2148.03
774000 742.698 708.782 701.8 2153.28
776000 745.978 708.691 704.511 2159.18
778000 747.418 714.135 707.528 2169.08
780000 748.095 713.747 709.064 2170.91
782000 749.926 715.972 709.595 2175.49
784000 751.687 717.133 711.734 2180.55
786000 751.668 719.427 713.001 2184.1
788000 753.376 721.954 717.526 2192.86
790000 755.039 724.334 723.22 2202.59
792000 761.417 724.825 725.614 2211.86
794000 763.657 726.775 727.986 2218.42
796000 766.151 726.492 729.427 2222.07
798000 768.861 726.904 730.764 2226.53
800000 770.61 730.847 734.342 2235.8
802000 773.138 729.968 737.886 2240.99
804000 775.814 730.328 735.874 2242.02
806000 777.6 732.334 738.226 2248.16
808000 779.59 730.434 738.017 2248.04
810000 784.014 732.661 740.442 2257.12
812000 787.662 734.408 739.967 2262.04
814000 786.407 734.58 740.809 2261.8
816000 790.334 735.814 743.488 2269.64
818000 792.924 740.055 745.784 2278.76
820000 796.545 739.659 748.534 2284.74
822000 800.715 741.263 752.467 2294.45
824000 805.046 744.615 754.212 2303.87
826000 811.764 745.064 753.679 2310.51
828000 812.395 745.465 754.875 2312.73
830000 813.884 747.912 758.986 2320.78
832000 816.484 750.272 759.197 2325.95
834000 816.381 752.983 761.991 2331.36
836000 819.692 753.609 760.595 2333.9
838000 820.239 754.767 764.474 2339.48
840000 823.659 756.268 767.862 2347.79
842000 827.964 758.687 770.405 2357.06
844000 827.149 758.878 771.441 2357.47
846000 830.162 760.174 774.868 2365.2
848000 831.856 761.821 779.696 2373.37
850000 832.498 764.66 784.23 2381.39
852000 834.767 769.787 784.913 2389.47
854000 837.44 768.036 787.236 2392.71
856000 840.192 771.361 788.784 2400.34
858000 841.516 772.758 786.018 2400.29
860000 842.3 775.243 785.905 2403.45
862000 843.887 773.309 787.701 2404.9
864000 843.803 775.06 789.671 2408.53
866000 844.855 776.409 792.904 2414.17
868000 846.158 776.173 792.358 2414.69
870000 849.745 779.626 797.787 2427.16
872000 850.255 779.062 800.147 2429.46
874000 846.651 781.558 801.152 2429.36
876000 847.416 784.046 805.104 2436.57
878000 851.223 784.882 804.339 2440.44
880000 853.299 786.384 803.262 2442.94
882000 855.856 785.586 800.599 2442.04
884000 855.076 789.469 806.58 2451.12
886000 855.891 793.05 809.562 2458.5
888000 857.719 797.515 808.387 2463.62
890000 861.419 795.902 811.466 2468.79
892000 866.029 797.396 812.028 2475.45
894000 868.935 798.27 811.342 2478.55
896000 870.864 801.82 813.587 2486.27
898000 874.215 803.32 816.627 2494.16
900000 876.054 805.743 818.467 2500.26
902000 878.637 808.962 819.225 2506.82
904000 877.856 812.699 823.19 2513.75
906000 884.76 813.859 822.196 2520.81
908000 889.848 819.316 823.093 2532.26
910000 888.829 821.349 824.245 2534.42
912000 891.551 821.451 823.909 2536.91
914000 893.256 822.917 825.91 2542.08
916000 896.369 823.348 824.062 2543.78
918000 896.177 825.657 827.1 2548.93
920000 896.918 828.087 825.048 2550.05
922000 899.316 830.2 824.261 2553.78
924000 900.315 831.411 825.499 2557.22
926000 901.516 834.991 828.246 2564.75
928000 900.417 834.412 831.016 2565.85
930000 897.302 832.49 835.177 2564.97
932000 903.59 830.725 840.448 2574.76
934000 902.407 833.577 847.109 2583.09
936000 900.686 839.049 847.103 2586.84
938000 901.681 840.355 848.619 2590.66
940000 905.084 841.902 851.306 2598.29
942000 906.649 846.109 853.581 2606.34
944000 909.637 849.685 855.551 2614.87
946000 908.648 851.855 857.761 2618.26
948000 908.577 851.932 862.542 2623.05
950000 908.982 852.593 863.635 2625.21
952000 907.045 855.704 864.989 2627.74
954000 906.451 863.703 865.516 2635.67
956000 909.783 864.351 869.702 2643.84
958000 913.643 865.423 871.498 2650.56
960000 914.469 869.742 874.103 2658.31
962000 914.843 873.369 875.082 2663.29
964000 917.56 875.005 874.194 2666.76
966000 918.26 878.088 877.535 2673.88
968000 921.338 878.63 875.831 2675.8
970000 924.371 882.177 881.739 2688.29
972000 928.19 886.893 884.363 2699.45
974000 930.333 888.419 887.728 2706.48
976000 930.998 892.074 893.64 2716.71
978000 934.641 893.423 899.545 2727.61
980000 938.253 896.29 901.798 2736.34
982000 937.871 896.777 907.006 2741.65
984000 941.972 896.347 909.556 2747.88
986000 943.501 897.892 914.261 2755.65
988000 945.747 896.888 915.4 2758.03
990000 950.73 900.851 916.404 2767.98
992000 951.789 901.391 916.742 2769.92
994000 954.647 901.687 922.634 2778.97
996000 959.133 904.883 925.727 2789.74
998000 964.328 908.513 926.769 2799.61
1000000 965.106 913.307 928.239 2806.65
1002000 965.341 916.751 930.862 2812.95
1004000 969.096 922.224 934.009 2825.33
1006000 969.178 923.901 934.747 2827.83
1008000 967.791 928.541 940.08 2836.41
1010000 968.928 928.226 940.12 2837.27
1012000 969.818 930.093 939.9 2839.81
1014000 973.027 929.642 940.773 2843.44
1016000 975.624 930.862 942.537 2849.02
1018000 974.09 933.288 941.712 2849.09
1020000 975.143 938.062 942.381 2855.59
1022000 975.333 939.426 942.594 2857.35
1024000 976.625 941.432 938.953 2857.01
1026000 978.338 946.694 941.565 2866.6
1028000 976.808 945.935 941.02 2863.76
1030000 979.473 945.952 941.136 2866.56
1032000 978.455 945.531 943.311 2867.3
1034000 981.005 947.385 945.571 2873.96
1036000 983.983 946.654 942.738 2873.38
1038000 987.155 948.281 944.889 2880.33
1040000 991.766 949.783 944.448 2886
1042000 993.533 950.878 941.983 2886.39
1044000 990.62 951.115 943.487 2885.22
1046000 996.064 952.402 941.953 2890.42
1048000 997.033 951.236 942.54 2890.81
1050000 999.536 950.107 946.587 2896.23
1052000 999.983 954.978 944.055 2899.02
1054000 1002.35 957.966 945.12 2905.43
1056000 1001.22 958.988 944.186 2904.4
1058000 1007.52 959.437 947.517 2914.47
1060000 1010.39 958.923 948.17 2917.48
1062000 1010.82 963.066 949.902 2923.79
1064000 1011.55 967.458 953.066 2932.07
1066000 1013.38 966.867 954.588 2934.84
1068000 1015.13 969.165 954.71 2939
1070000 1017.98 971.106 962.119 2951.21
1072000 1018.41 972.996 964.359 2955.76
1074000 1020.68 977.378 968.533 2966.59
1076000 1019.64 983.974 971.742 2975.35
1078000 1019.43 987.724 973.769 2980.92
1080000 1023.66 991.742 968.981 2984.38
1082000 1026.72 992.249 973.567 2992.54
1084000 1025.33 994.035 975.745 2995.11
1086000 1030.31 994.583 980.045 3004.94
1088000 1030.35 996.638 981.699 3008.69
1090000 1030.75 999.27 979.492 3009.51
1092000 1032.47 999.556 981.885 3013.91
1094000 1035.36 1000.75 980.855 3016.96
1096000 1039.32 998.377 980.161 3017.86
1098000 1045.14 999.288 985.008 3029.44
1100000 1048.4 1000.23 983.138 3031.76
1102000 1050.67 999.618 983.333 3033.62
1104000 1048.72 998.65 987.525 3034.89
1106000 1051.29 999.75 991.817 3042.86
1108000 1053.62 998.596 992.967 3045.18
1110000 1049.78 1002.66 995.434 3047.87
1112000 1051.12 1004.38 996.619 3052.13
1114000 1054.84 1007.65 998.932 3061.42
1116000 1059.79 1010.43 1001.36 3071.57
1118000 1061.83 1010.97 1007.06 3079.86
1120000 1066.51 1008.94 1011.36 3086.82
1122000 1064.57 1009.08 1013.72 3087.37
1124000 1071.96 1011.44 1012.7 3096.11
1126000 1075.4 1010.52 1013.46 3099.39
1128000 1074.88 1013.91 1018.36 3107.15
1130000 1079.71 1014.06 1017.9 3111.68
1132000 1080.51 1020.88 1019.25 3120.64
1134000 1083.54 1024.41 1021.11 3129.06
1136000 1086.18 1024.14 1022.5 3132.81
1138000 1092.23 1026.26 1026.09 3144.58
1140000 1092.3 1028.85 1024.9 3146.06
1142000 1094.16 1029.33 1028.29 3151.78
1144000 1094.23 1031.72 1026.4 3152.35
1146000 1098.9 1034.9 1026.88 3160.68
1148000 1098.14 1040.88 1025.46 3164.48
1150000 1100.05 1040.13 1027.63 3167.8
1152000 1097.54 1042.61 1029.59 3169.74
1154000 1097.4 1042.79 1031.3 3171.49
1156000 1102.08 1043.68 1035.85 3181.61
1158000 1102.61 1041.65 1039.5 3183.76
1160000 1102.32 1044.26 1039.29 3185.86
1162000 1107.94 1050.09 1045.01 3203.04
1164000 1111.49 1051.94 1045.45 3208.89
1166000 1116.1 1055.62 1047.37 3219.09
1168000 1117.66 1055.74 1052.57 3225.97
1170000 1121.1 1056.91 1055 3233.02
1172000 1119.87 1056.15 1056.61 3232.62
1174000 1122.92 1057.39 1065.11 3245.42
1176000 1126.25 1062.14 1066.3 3254.69
1178000 1127.78 1060.28 1069.21 3257.26
1180000 1128.77 1062.92 1074.34 3266.03
1182000 1128.65 1064.17 1079.57 3272.39
1184000 1133.06 1064.96 1080.12 3278.14
1186000 1132.22 1066.41 1077.43 3276.06
1188000 1134.8 1070.43 1079.5 3284.73
1190000 1140.5 1072.59 1081.88 3294.98
1192000 1141.65 1075.94 1083.91 3301.51
1194000 1143.72 1076.27 1082.92 3302.92
1196000 1143.78 1077.56 1081.92 3303.25
1198000 1146.06 1077.73 1085.73 3309.52
1200000 1143.44 1079.3 1087.72 3310.46
1202000 1147.58 1080.22 1090.02 3317.83
1204000 1150.42 1084.7 1091.61 3326.73
1206000 1154.86 1086.57 1092.1 3333.53
1208000 1156.34 1087.09 1091.13 3334.56
1210000 1156.17 1085.15 1095.68 3336.99
1212000 1154.85 1084.06 1095.42 3334.33
1214000 1154.49 1085.37 1093.38 3333.24
1216000 1154.71 1088.31 1094.69 3337.71
1218000 1156.16 1094.39 1098.45 3349
1220000 1157.06 1096.06 1095.66 3348.79
1222000 1158.96 1096.46 1095.75 3351.17
1224000 1157.89 1093.84 1097.49 3349.23
1226000 1157.33 1094.38 1099.39 3351.1
1228000 1164.63 1095.56 1102.14 3362.33
1230000 1166.43 1099.41 1102.78 3368.62
1232000 1165.52 1102.78 1107.94 3376.24
1234000 1164.88 1105 1106.8 3376.67
1236000 1166.85 1105.36 1112.29 3384.5
1238000 1166.98 1104.81 1115.64 3387.43
1240000 1166.53 1103.53 1118.26 3388.32
1242000 1168.43 1109.32 1120.84 3398.59
1244000 1167.27 1109.82 1127.1 3404.19
1246000 1170.41 1112.76 1129.75 3412.92
1248000 1174.45 1112.33 1133.02 3419.8
1250000 1175.79 1115.49 1133.59 3424.87
1252000 1178.01 1117.05 1132.97 3428.03
1254000 1174.41 1121.36 1135.19 3430.96
1256000 1177.82 1124.44 1137.91 3440.17
1258000 1179.76 1124.49 1142.18 3446.43
1260000 1181.83 1127.62 1142.28 3451.73
1262000 1183.59 1131.12 1146.73 3461.45
1264000 1186.72 1129.99 1147.77 3464.48
1266000 1189.51 1133.07 1149.31 3471.89
1268000 1196.84 1133.54 1150.47 3480.84
1270000 1195.08 1136.5 1151.23 3482.82
1272000 1195.87 1137.71 1152.54 3486.12
1274000 1196.54 1141.73 1154.54 3492.81
1276000 1197.62 1145.57 1156.67 3499.87
1278000 1198.15 1150.79 1156.66 3505.6
1280000 1199.55 1154.8 1161.51 3515.87
1282000 1200.71 1157.26 1161.03 3518.99
1284000 1204.14 1163.35 1160.78 3528.27
1286000 1206.12 1166.43 1165.42 3537.97
1288000 1207.03 1172.38 1169.38 3548.78
1290000 1206.24 1175.59 1172.14 3553.98
1292000 1209.47 1179.6 1176.98 3566.06
1294000 1212.29 1183.27 1179.83 3575.38
1296000 1214.08 1183.34 1177.88 3575.3
1298000 1214.43 1185.07 1179.23 3578.73
1300000 1217.69 1185.66 1181.35 3584.7
1302000 1221.56 1186.26 1185.89 3593.71
1304000 1220.45 1188.35 1188.1 3596.9
1306000 1225.39 1193.09 1186.68 3605.15
1308000 1228.01 1196.16 1190.22 3614.39
1310000 1227.69 1201.58 1194.06 3623.33
1312000 1227.36 1203.53 1196.89 3627.78
1314000 1226.56 1201.3 1198.79 3626.65
1316000 1231.38 1201.43 1202.78 3635.59
1318000 1233.84 1203.89 1207.58 3645.3
1320000 1232.19 1204.46 1213.65 3650.3
1322000 1233.07 1201.71 1212.91 3647.69
1324000 1236.22 1204.95 1218.28 3659.44
1326000 1239.3 1203.23 1216.39 3658.91
1328000 1240.07 1203.63 1219.01 3662.71
1330000 1239.5 1209.04 1221.72 3670.27
1332000 1239.61 1208.78 1222.9 3671.29
1334000 1239.83 1211.41 1224.09 3675.32
1336000 1235.88 1214.17 1225.98 3676.03
1338000 1240.22 1216.02 1224.54 3680.78
1340000 1237.02 1216.59 1219.78 3673.39
1342000 1235.88 1221.9 1218.4 3676.18
1344000 1240.75 1221 1219.76 3681.51
1346000 1240.21 1224.96 1223.4 3688.56
1348000 1243.72 1225.37 1222.27 3691.35
1350000 1243.1 1227.63 1224.61 3695.34
1352000 1245.91 1230.98 1226.4 3703.29
1354000 1250.62 1229.45 1228.49 3708.57
1356000 1248.75 1231.35 1227.25 3707.34
1358000 1246.98 1234.11 1224.8 3705.9
1360000 1248.25 1231.08 1227.41 3706.74
1362000 1249.52 1234.96 1230.4 3714.88
1364000 1254.73 1241.86 1230.68 3727.27
1366000 1256.58 1242.44 1229.84 3728.86
1368000 1258.7 1244.69 1232.62 3736.01
1370000 1262.15 1243.67 1232.19 3738.01
1372000 1261.39 1243.41 1231.91 3736.71
1374000 1263.07 1245.92 1235.2 3744.19
1376000 1265.95 1247.7 1234.47 3748.12
1378000 1269.19 1249.83 1237.26 3756.28
1380000 1273.59 1252.64 1245.32 3771.55
1382000 1272.91 1252.42 1249.78 3775.11
1384000 1274.67 1256.32 1244.91 3775.9
1386000 1278.91 1260 1253.5 3792.41
1388000 1277.84 1260.84 1254.96 3793.63
1390000 1277.97 1262.57 1258.65 3799.19
1392000 1279.82 1261.85 1259.85 3801.52
1394000 1284.04 1260.66 1260.54 3805.25
1396000 1283.36 1267.23 1263.35 3813.93
1398000 1287.44 1268.52 1262.26 3818.22
1400000 1290.05 1271.23 1268.62 3829.91
1402000 1295.96 1270.77 1271.44 3838.17
1404000 1298.38 1274.52 1274.08 3846.99
1406000 1300.77 1279.43 1275.85 3856.05
1408000 1302.58 1281.76 1279.86 3864.2
1410000 1304.53 1287.61 1279.43 3871.57
1412000 1309.55 1290.81 1283.43 3883.79
1414000 1310.59 1292.28 1283.39 3886.25
1416000 1311.45 1297.08 1283.92 3892.45
1418000 1312.82 1300.68 1289.27 3902.77
1420000 1312.56 1297.92 1294.76 3905.23
1422000 1314.64 1299.43 1298.02 3912.09
1424000 1320.65 1300.81 1304.06 3925.52
1426000 1320.22 1299.64 1305.41 3925.28
1428000 1322.04 1304.44 1301.99 3928.47
1430000 1325.64 1305.14 1307.81 3938.59
1432000 1322.36 1307.37 1307.62 3937.34
1434000 1328.1 1309.55 1310.52 3948.17
1436000 1331.55 1312.81 1313.49 3957.85
1438000 1330.15 1315.13 1314.7 3959.98
1440000 1333.61 1315.75 1315.16 3964.52
1442000 1336.73 1322.05 1316.01 3974.79
1444000 1337.53 1321.82 1320.63 3979.98
1446000 1338.59 1323.36 1319.57 3981.51
1448000 1342.06 1322.55 1316.49 3981.09
1450000 1346.25 1322.02 1314.96 3983.23
1452000 1350.78 1324.98 1317.65 3993.41
1454000 1348.13 1329.08 1318.05 3995.26
1456000 1351.99 1333.02 1319.31 4004.32
1458000 1354.55 1334.27 1321.81 4010.62
1460000 1357.72 1335.85 1323.7 4017.27
1462000 1356.68 1336.14 1323.81 4016.62
1464000 1362.15 1339.75 1326.52 4028.42
1466000 1364.44 1341.85 1331.21 4037.5
1468000 1361.66 1338.53 1334.72 4034.9
1470000 1361.37 1336.54 1338.44 4036.34
1472000 1358.49 1334.79 1339.71 4032.99
1474000 1362.48 1337.5 1343.18 4043.15
1476000 1365.6 1339.41 1342.44 4047.46
1478000 1368.35 1341.4 1344.8 4054.54
1480000 1374.34 1344.3 1344.43 4063.07
1482000 1373.27 1343.23 1341.31 4057.81
1484000 1374.08 1341.34 1342.47 4057.89
1486000 1372.66 1343.88 1345.06 4061.6
1488000 1376.25 1343.27 1348.17 4067.69
1490000 1377.22 1348.07 1349.55 4074.84
1492000 1381.1 1348.77 1350.25 4080.12
1494000 1378.84 1348.46 1349.82 4077.11
1496000 1380.48 1351.08 1351.69 4083.26
1498000 1386.58 1352.21 1354.22 4093.01
1500000 1387.82 1353.26 1358.95 4100.03
1502000 1389.85 1354.4 1358.03 4102.28
1504000 1389.35 1350.93 1362.45 4102.73
1506000 1394.58 1350.55 1361.12 4106.25
1508000 1396.98 1348.56 1360.33 4105.87
1510000 1397.31 1350.47 1362.59 4110.37
1512000 1403.14 1352.91 1365.59 4121.64
1514000 1402.26 1353.52 1366.64 4122.42
1516000 1401.72 1356.07 1363.18 4120.97
1518000 1405.93 1354.96 1368.42 4129.31
1520000 1405.84 1356.35 1368.07 4130.25
1522000 1407.27 1356.51 1369.6 4133.39
1524000 1407.42 1363.84 1374.75 4146.01
1526000 1410.74 1361.35 1374.47 4146.56
1528000 1418.12 1364.61 1377.21 4159.95
1530000 1417.1 1366.11 1380.4 4163.62
1532000 1419.98 1371.46 1380.05 4171.5
1534000 1424.12 1374.05 1379.96 4178.12
1536000 1428.77 1375.44 1385.09 4189.3
1538000 1431.43 1375.87 1383.27 4190.57
1540000 1429.96 1379.75 1385.1 4194.8
1542000 1431.68 1383.16 1384.7 4199.54
1544000 1435.89 1382.62 1385.12 4203.63
1546000 1440.33 1383.19 1386.83 4210.35
1548000 1442.02 1383.25 1388.67 4213.94
1550000 1446.34 1383.65 1391.54 4221.53
1552000 1448.22 1390.61 1396 4234.83
1554000 1451.84 1392.23 1392.05 4236.12
1556000 1455.4 1395.44 1395.97 4246.81
1558000 1459.66 1400.03 1397.79 4257.47
1560000 1463.32 1403.88 1397.79 4264.99
1562000 1473.49 1411.66 1396.9 4282.06
1564000 1480.28 1415.84 1398.21 4294.33
1566000 1484.51 1416.03 1400.78 4301.32
1568000 1489.58 1415.72 1402.61 4307.9
1570000 1494.11 1412.46 1408.23 4314.81
1572000 1497.08 1419.39 1409.33 4325.81
1574000 1502.14 1423.63 1410.36 4336.14
1576000 1506.15 1423.81 1406.02 4335.97
1578000 1514.13 1423.52 1406.6 4344.25
1580000 1514.64 1423.35 1412.26 4350.25
1582000 1518.41 1427.69 1415.32 4361.42
1584000 1522.26 1431.36 1412.78 4366.41
1586000 1521.78 1430.53 1418.72 4371.04
1588000 1526.06 1428.72 1419.61 4374.4
1590000 1529.17 1429.78 1423.83 4382.78
1592000 1527.55 1433.05 1428.58 4389.19
1594000 1530.62 1434.81 1428.83 4394.26
1596000 1535.43 1439.72 1428.13 4403.28
1598000 1533.39 1444.85 1433.32 4411.56
1600000 1534.96 1442.46 1433.98 4411.4
1602000 1540.11 1449.72 1434.24 4424.07
1604000 1544.02 1452.34 1430.63 4426.99
1606000 1540.61 1452.28 1431.43 4424.32
1608000 1545.86 1452.35 1431.8 4430.01
1610000 1548.17 1452.51 1434.41 4435.08
1612000 1545.99 1451.63 1441.33 4438.95
1614000 1551.96 1455.55 1445.82 4453.34
1616000 1552.83 1460.72 1441.68 4455.22
1618000 1553.24 1462.51 1444.47 4460.23
1620000 1554.01 1466.61 1444.14 4464.77
1622000 1553.62 1466.26 1442.92 4462.8
1624000 1553.12 1473.27 1442.83 4469.21
1626000 1554.73 1468.76 1440.4 4463.89
1628000 1555.49 1467.94 1445.65 4469.08
1630000 1554.25 1467.9 1447.89 4470.04
1632000 1558.46 1473.08 1449.29 4480.83
1634000 1559.96 1471.32 1449.69 4480.98
1636000 1561.06 1471.62 1449.02 4481.7
1638000 1559.43 1475.13 1450.15 4484.72
1640000 1562.04 1471.41 1448.6 4482.05
1642000 1563.43 1473.75 1449.61 4486.78
1644000 1563.3 1477.09 1451.95 4492.34
1646000 1565.37 1479.31 1453.16 4497.85
1648000 1565.62 1484.32 1453.15 4503.1
1650000 1569.16 1489.29 1451.97 4510.42
1652000 1565.71 1490.95 1448.46 4505.11
1654000 1570.65 1493.5 1452.9 4517.06
1656000 1574.17 1491.78 1454.51 4520.46
1658000 1572.68 1493.81 1455.64 4522.13
1660000 1573.07 1492.97 1458.32 4524.36
1662000 1575.39 1493.86 1459.89 4529.13
1664000 1574.03 1494.17 1461.38 4529.58
1666000 1571.13 1497.6 1466.48 4535.22
1668000 1572.64 1500.79 1468.9 4542.32
1670000 1573.58 1498.93 1471.69 4544.21
1672000 1573.16 1499.48 1475.18 4547.81
1674000 1573.5 1498.71 1476.91 4549.12
1676000 1576.84 1500.71 1479.39 4556.94
1678000 1579.7 1502.24 1481.58 4563.52
1680000 1582.53 1503.34 1485.01 4570.88
1682000 1584.02 1507.2 1489.87 4581.09
1684000 1588.17 1510.37 1493.69 4592.23
1686000 1590.11 1513.16 1496.79 4600.06
1688000 1588.4 1514.15 1498.43 4600.97
1690000 1597.21 1517.62 1502.16 4616.99
1692000 1598.66 1523.33 1504.79 4626.79
1694000 1598.8 1523.71 1504.96 4627.48
1696000 1599.48 1528.77 1502.23 4630.48
1698000 1599.12 1533.98 1500.54 4633.63
1700000 1602.61 1537.12 1500.54 4640.27
1702000 1599.11 1539.52 1503.08 4641.71
1704000 1602.97 1537.86 1502.07 4642.9
1706000 1602.58 1540.55 1504.66 4647.78
1708000 1605.73 1540.79 1507.15 4653.67
1710000 1611.22 1544.55 1513.68 4669.45
1712000 1610.37 1545.13 1514.35 4669.85
1714000 1611.84 1542.34 1512.16 4666.34
1716000 1609.43 1546.11 1515.47 4671.01
1718000 1612 1548.13 1513.93 4674.05
1720000 1613.59 1547.67 1516.82 4678.08
1722000 1617.14 1547.34 1517.08 4681.57
1724000 1616.42 1551.39 1521.14 4688.95
1726000 1619.71 1554.95 1524.33 4698.99
1728000 1617.84 1559.46 1527.86 4705.17
1730000 1620.13 1563.49 1530.98 4714.6
1732000 1623.54 1566.15 1529.51 4719.19
1734000 1627.87 1566.35 1536.17 4730.39
1736000 1627.52 1570.59 1539.23 4737.34
1738000 1631.89 1573.14 1544.6 4749.64
1740000 1633.3 1576.18 1543.32 4752.79
1742000 1634.65 1580.9 1543.23 4758.78
1744000 1638.4 1580.61 1544.23 4763.24
1746000 1639.09 1578.98 1544.42 4762.5
1748000 1639.13 1575.11 1546.2 4760.44
1750000 1641.95 1582.12 1548.4 4772.47
1752000 1643.53 1580.44 1548.57 4772.53
1754000 1645.82 1576.98 1552.54 4775.35
1756000 1649.74 1579.25 1556.05 4785.03
1758000 1649.67 1579.45 1558.49 4787.62
1760000 1649.64 1579.61 1559.67 4788.92
1762000 1656.57 1582.3 1562.06 4800.94
1764000 1657.18 1585.9 1566.91 4809.99
1766000 1658.77 1587.14 1571.19 4817.1
1768000 1667.9 1587.88 1570.04 4825.83
1770000 1668.19 1590.44 1573.94 4832.57
1772000 1670.28 1595.85 1577.01 4843.15
1774000 1672.5 1599.73 1580.68 4852.91
1776000 1672.87 1594.89 1581.37 4849.13
1778000 1671.91 1596.74 1582.38 4851.02
1780000 1675.8 1603.84 1585.57 4865.21
1782000 1679.93 1607.49 1585.39 4872.82
1784000 1681.34 1607.77 1589.59 4878.71
1786000 1683.9 1606.86 1586.8 4877.56
1788000 1685.31 1604.91 1589.74 4879.96
1790000 1691.88 1609.55 1589.69 4891.12
1792000 1690.3 1613.48 1589.78 4893.57
1794000 1692.27 1616.75 1596.46 4905.47
1796000 1691.74 1618.93 1599.32 4909.98
1798000 1695.21 1621.54 1604.14 4920.89
1800000 1694.98 1616.59 1607.52 4919.08
1802000 1697.92 1613.1 1609.5 4920.53
1804000 1701.1 1613.51 1605.15 4919.76
1806000 1701.15 1615.3 1606.97 4923.42
1808000 1700.6 1620.23 1610.04 4930.87
1810000 1707.77 1623.1 1610.42 4941.29
1812000 1706.64 1623.78 1610.65 4941.07
1814000 1711.99 1627.67 1614.41 4954.07
1816000 1713.33 1636.23 1623.3 4972.86
1818000 1712.21 1642.57 1622.69 4977.46
1820000 1716.46 1637.07 1627.17 4980.7
1822000 1723.86 1635.21 1627.94 4987.01
1824000 1727.3 1637.62 1628.97 4993.89
1826000 1728.58 1641.27 1628.11 4997.95
1828000 1730.04 1643.91 1627.6 5001.55
1830000 1734.38 1645.59 1626.73 5006.7
1832000 1735.64 1649.21 1632.44 5017.29
1834000 1741.75 1648.16 1637.15 5027.06
1836000 1744.36 1650 1637.53 5031.89
1838000 1746.26 1655.86 1635.9 5038.03
1840000 1749.38 1656.79 1641.07 5047.24
1842000 1747.35 1661.72 1642.32 5051.39
1844000 1748.49 1664.22 1647.15 5059.86
1846000 1749.86 1666.46 1645.34 5061.66
1848000 1748.76 1668.23 1649.01 5066
1850000 1747.45 1673.33 1652.78 5073.57
1852000 1747.16 1672.74 1655.66 5075.56
1854000 1749.31 1675.54 1656.55 5081.4
1856000 1754.47 1676.89 1653.13 5084.49
1858000 1752 1677.11 1661 5090.11
1860000 1753.84 1680.77 1661.77 5096.37
1862000 1753.71 1681.48 1661.28 5096.47
1864000 1756.63 1685.89 1662.9 5105.42
1866000 1753.39 1692.03 1662.73 5108.14
1868000 1755.61 1697.81 1661.4 5114.82
1870000 1756.3 1697.59 1664.38 5118.27
1872000 1762.39 1698.76 1662.17 5123.32
1874000 1763.63 1705.16 1663.37 5132.15
1876000 1769.05 1707.66 1662.98 5139.69
1878000 1768.96 1714.87 1664.86 5148.68
1880000 1775.17 1723.34 1663.01 5161.52
1882000 1773.8 1730.34 1660.56 5164.7
1884000 1770.75 1733.66 1656.86 5161.27
1886000 1770.27 1734.28 1656.83 5161.38
1888000 1775.57 1733.21 1656.81 5165.6
1890000 1773.4 1736.27 1662.03 5171.71
1892000 1776.24 1736.69 1668.59 5181.52
1894000 1782.14 1741.45 1666.55 5190.14
1896000 1782.8 1745.28 1666.65 5194.72
1898000 1784.04 1746.7 1669 5199.75
1900000 1779.14 1749.97 1673.23 5202.34
1902000 1787.6 1752.15 1674.46 5214.21
1904000 1787.98 1757.08 1675.59 5220.65
1906000 1794.22 1762.73 1677.26 5234.21
1908000 1791.92 1764.95 1675.36 5232.24
1910000 1792.53 1767.84 1675.51 5235.89
1912000 1795.84 1769.9 1678.28 5244.03
1914000 1802.34 1776.07 1677.33 5255.74
1916000 1802.21 1779.84 1677.56 5259.61
1918000 1804.13 1779.31 1679.58 5263.02
1920000 1806 1779.75 1680.44 5266.19
1922000 1804.61 1779.27 1679.95 5263.83
1924000 1804.86 1775.47 1679.91 5260.24
1926000 1804.02 1778.17 1680.99 5263.18
1928000 1811.59 1783.01 1687.37 5281.97
1930000 1817.77 1786.96 1685.82 5290.54
1932000 1819.17 1790.97 1691.91 5302.05
1934000 1825.43 1794.62 1689.59 5309.64
1936000 1825.24 1794.22 1691.98 5311.44
1938000 1829.52 1792.94 1695.51 5317.96
1940000 1836.96 1790.78 1701.02 5328.76
1942000 1842.29 1792.44 1702.27 5337
1944000 1844 1797.12 1703.95 5345.07
1946000 1846.42 1796.76 1702.62 5345.8
1948000 1850.94 1800.7 1708.18 5359.82
1950000 1850.65 1805.6 1712.66 5368.91
1952000 1855.74 1804.88 1716.11 5376.73
1954000 1859.07 1803.08 1718.62 5380.77
1956000 1860.09 1809.37 1725.63 5395.09
1958000 1864.66 1810.04 1724.83 5399.54
1960000 1866.66 1813.4 1724.52 5404.57
1962000 1867.33 1817.54 1728.94 5413.82
1964000 1870.07 1819.19 1735.47 5424.73
1966000 1872.8 1816.96 1739.77 5429.52
1968000 1873.26 1817.27 1744.41 5434.95
1970000 1874.59 1815.73 1746.57 5436.89
1972000 1876.4 1821.57 1749.37 5447.33
1974000 1873.6 1821.19 1754.24 5449.03
1976000 1881.72 1826.11 1762.83 5470.66
1978000 1883.65 1829.77 1763.44 5476.86
1980000 1888.5 1838.7 1765.34 5492.55
1982000 1886.99 1842.18 1765.11 5494.28
1984000 1889.76 1842.96 1766.31 5499.03
1986000 1893.27 1834.87 1764.53 5492.67
1988000 1895.89 1833.97 1766.92 5496.78
1990000 1891.11 1839.81 1771.38 5502.3
1992000 1893.28 1840.15 1775.11 5508.54
1994000 1892.79 1842.86 1773.64 5509.29
1996000 1894.28 1848 1773.94 5516.23
1998000 1897.77 1850.15 1778.88 5526.8
2000000 1903.74 1849.55 1781.38 5534.67
