0 1863496
2000 1861743.4
4000 1864335.5
6000 1866756.5
8000 1862918.3
10000 1866260.4
12000 1859588.6
14000 1869357.1
16000 1868696
18000 1874826.5
20000 1866702.5
22000 1868671.4
24000 1855211.4
26000 1857936.5
28000 1875001.3
30000 1864614
32000 1867113.2
34000 1870424.1
36000 1851677.8
38000 1861211.9
40000 1872649.9
42000 1852793.7
44000 1868201.3
46000 1868995.2
48000 1882331.9
50000 1854536.8
52000 1859202.7
54000 1859934
56000 1877757.5
58000 1859277.6
60000 1868825
62000 1881095.6
64000 1867496.8
66000 1865338
68000 1875253.7
70000 1871653.1
72000 1874240.4
74000 1861562.7
76000 1861600.7
78000 1864410.2
80000 1868953
82000 1852201.9
84000 1863704.8
86000 1866623.2
88000 1863034.9
90000 1860502.9
92000 1851519.3
94000 1857530
96000 1868319.3
98000 1863781.5
100000 1869141.6
102000 1859681.2
104000 1861549.9
106000 1865088.7
108000 1857601.9
110000 1876136
112000 1869647.8
114000 1872674.2
116000 1864494
118000 1865135.7
120000 1870496.9
122000 1860363.6
124000 1849569.3
126000 1859408.7
128000 1861065.5
130000 1873333.2
132000 1868940.7
134000 1860078.5
136000 1865947.4
138000 1867609.5
140000 1869112.7
142000 1862076.7
144000 1876289.5
146000 1867595.2
148000 1856629.2
150000 1869420
152000 1862162.6
154000 1863211.2
156000 1863304.1
158000 1875502.8
160000 1861936.3
162000 1860490.1
164000 1865914.1
166000 1859317.3
168000 1875260.8
170000 1865306.1
172000 1869408.9
174000 1863626.1
176000 1854083.5
178000 1861830.3
180000 1875517.8
182000 1867131.5
184000 1874047.2
186000 1877870
188000 1860710.7
190000 1864211.7
192000 1864780.3
194000 1858277.1
196000 1861642.3
198000 1869203.8
200000 1853226.3
202000 1861632.1
204000 1865897.1
206000 1863594.3
208000 1878027.6
210000 1870788.9
212000 1857437.8
214000 1866528.2
216000 1858857.8
218000 1868173.9
220000 1848443.3
222000 1871198.1
224000 1867980.1
226000 1867042.6
228000 1872130.6
230000 1874024.8
232000 1857638.8
234000 1853272
236000 1852041.5
238000 1869802.1
240000 1859649
242000 1880881.3
244000 1875181
246000 1838627
248000 1854845.2
250000 1861067.9
252000 1868242
254000 1863800.8
256000 1871876.1
258000 1858703.1
260000 1856181.3
262000 1884180.8
264000 1877405
266000 1867444.5
268000 1854114.6
270000 1859567.9
272000 1857890.7
274000 1862861.2
276000 1847947.5
278000 1860727.5
280000 1873788.1
282000 1849589.8
284000 1874727
286000 1860925.5
288000 1866213.5
290000 1871764.6
292000 1867329.2
294000 1859200.3
296000 1859090.4
298000 1859338.4
300000 1874648.5
302000 1848969.4
304000 1876346.6
306000 1864865.6
308000 1867668.6
310000 1863278.8
312000 1870411.8
314000 1873367.7
316000 1856703.4
318000 1860977.9
320000 1852663.7
322000 1868357.4
324000 1858179
326000 1848333.2
328000 1865476.6
330000 1867841
332000 1866914
334000 1870646.6
336000 1873744.9
338000 1866152.9
340000 1862686.5
342000 1869489.2
344000 1860584.3
346000 1858010.2
348000 1855210.4
350000 1854183.5
352000 1866012.2
354000 1861844.2
356000 1869133
358000 1878056
360000 1867127.1
362000 1865629.8
364000 1863915.2
366000 1859493.1
368000 1861578
370000 1871452.9
372000 1860839.7
374000 1857753
376000 1864238.6
378000 1861126.8
380000 1864216
382000 1861576.4
384000 1864700.6
386000 1855684.7
388000 1878857.7
390000 1863196.2
392000 1867979.7
394000 1866348.9
396000 1862875.6
398000 1870601.1
400000 1869534.3
402000 1874955.5
404000 1858175.4
406000 1861071.1
408000 1863514.9
410000 1852832.4
412000 1861208
414000 1863324
416000 1866401.6
418000 1865386.2
420000 1878030.6
422000 1861418.2
424000 1873714
426000 1877751.6
428000 1871445.4
430000 1865527.9
432000 1873413.3
434000 1869277.7
436000 1863037.6
438000 1860105.7
440000 1864674.2
442000 1866527.9
444000 1866849.5
446000 1866576.3
448000 1874068.5
450000 1864349.8
452000 1860855.7
454000 1859994.6
456000 1852179
458000 1862887.6
460000 1868346.4
462000 1858986
464000 1863851.9
466000 1866162.5
468000 1869227.7
470000 1865067.7
472000 1862891.2
474000 1868554.7
476000 1867365.5
478000 1850234
480000 1852958.6
482000 1873679.8
484000 1869274.6
486000 1847188.5
488000 1858784.4
490000 1858652.5
492000 1864857.2
494000 1859177.8
496000 1864440.2
498000 1871440.1
500000 1866923.6
502000 1844366.6
504000 1875488.1
506000 1860519.2
508000 1875269.1
510000 1854270.4
512000 1854441.6
514000 1858749
516000 1862795.1
518000 1870404.1
520000 1878784
522000 1872214.3
524000 1859492.3
526000 1856317.6
528000 1853618.3
530000 1876815.9
532000 1867859.8
534000 1868891.4
536000 1867104.9
538000 1863860.5
540000 1863399.7
542000 1864624.9
544000 1870527.9
546000 1851760
548000 1869439.3
550000 1865664.6
552000 1865463.8
554000 1873286
556000 1848899.4
558000 1859653.5
560000 1856037.9
562000 1863037.5
564000 1862906.6
566000 1870251.5
568000 1864949.6
570000 1858660.2
572000 1861585.7
574000 1863669.4
576000 1874980
578000 1875845.4
580000 1864854.2
582000 1876957
584000 1861396.5
586000 1870759.5
588000 1866939
590000 1858541.3
592000 1864384.3
594000 1860540.2
596000 1862121.9
598000 1861747.3
600000 1868725.2
602000 1868103
604000 1874961
606000 1859337.7
608000 1860543.3
610000 1853593.7
612000 1857783.7
614000 1867535.7
616000 1861743.9
618000 1860299.9
620000 1870080.5
622000 1860679.7
624000 1850586.3
626000 1879669.2
628000 1868570
630000 1863520.3
632000 1863246.1
634000 1864618.4
636000 1858614.2
638000 1863336.5
640000 1862952.2
642000 1860042.9
644000 1873598.8
646000 1867218.3
648000 1874350.9
650000 1860489.8
652000 1862296.4
654000 1875172
656000 1865549
658000 1861111.3
660000 1864503.4
662000 1863125.2
664000 1869566
666000 1853104.7
668000 1867583.2
670000 1858312.7
672000 1868096.3
674000 1858771.8
676000 1876810
678000 1865211.8
680000 1867304.7
682000 1866554.7
684000 1862301.7
686000 1864723.3
688000 1860419.2
690000 1854509.9
692000 1881823.3
694000 1871867
696000 1857833.8
698000 1869564.9
700000 1862872.9
702000 1860188.5
704000 1866392
706000 1862073.2
708000 1866338.7
710000 1867251.3
712000 1860547.2
714000 1872110.8
716000 1856579.4
718000 1857242.2
720000 1860497
722000 1863494.8
724000 1860307.5
726000 1857935.7
728000 1864975.4
730000 1867767.6
732000 1861717.1
734000 1863145.9
736000 1866337.6
738000 1852627.4
740000 1876721.4
742000 1858873.7
744000 1866717.9
746000 1860465.3
748000 1856704.8
750000 1842033.8
752000 1864792
754000 1855247.5
756000 1874047.2
758000 1855923.5
760000 1866966.8
762000 1856155.3
764000 1855202.7
766000 1858969.3
768000 1873340.3
770000 1866037.7
772000 1879158.5
774000 1866760.3
776000 1869371.6
778000 1854403.6
780000 1857003.8
782000 1869974
784000 1865659.8
786000 1859664.5
788000 1866916.3
790000 1862470.3
792000 1871571.1
794000 1868147.8
796000 1844106.5
798000 1866157.7
800000 1866179.1
802000 1862327.5
804000 1866585.2
806000 1864493.4
808000 1861185.5
810000 1863731.4
812000 1871300.4
814000 1853419
816000 1862434
818000 1861675
820000 1857913.7
822000 1869161.4
824000 1857509.9
826000 1860803.3
828000 1870184.2
830000 1856107.2
832000 1863246.7
834000 1873260.7
836000 1867709.9
838000 1866319.3
840000 1868195.6
842000 1869582
844000 1861373.1
846000 1861902.3
848000 1867174
850000 1866885.2
852000 1856247.1
854000 1865864.7
856000 1852966.9
858000 1856239.7
860000 1865036.5
862000 1863389.4
864000 1867792.7
866000 1854932.8
868000 1848392.1
870000 1864988.4
872000 1864831.2
874000 1868263.4
876000 1861168.2
878000 1861337.1
880000 1860990.6
882000 1853650.1
884000 1879961.8
886000 1856319.3
888000 1855806.5
890000 1853401.9
892000 1864566.3
894000 1858053.1
896000 1870975
898000 1863550.6
900000 1856315.7
902000 1870671.9
904000 1865975.2
906000 1868403.6
908000 1859356
910000 1863713.5
912000 1858845
914000 1871497.2
916000 1866936.9
918000 1869191.2
920000 1862276.4
922000 1865316.5
924000 1863404.6
926000 1870568.7
928000 1873473.9
930000 1870455.4
932000 1865699.1
934000 1874528
936000 1849805.9
938000 1869834.3
940000 1856520.5
942000 1862911.7
944000 1866004.2
946000 1875777.3
948000 1866474.8
950000 1864378.6
952000 1855971
954000 1859777.7
956000 1867824
958000 1865923.4
960000 1880461.4
962000 1864290.4
964000 1867252.8
966000 1862925.9
968000 1856552.1
970000 1856702.5
972000 1858845.8
974000 1879012.9
976000 1867141.8
978000 1871242.1
980000 1864765.1
982000 1857728
984000 1861513.6
986000 1859118.5
988000 1847059.6
990000 1868236.1
992000 1866363.3
994000 1860165.3
996000 1865814.7
998000 1858198.9
1000000 1852067.4
1002000 1873037.3
1004000 1854488.3
1006000 1868987.2
1008000 1853421.9
1010000 1869331.9
1012000 1863699
1014000 1868573.1
1016000 1874892.2
1018000 1856605.8
1020000 1871634.1
1022000 1867853
1024000 1873667.3
1026000 1862344.3
1028000 1864267.4
1030000 1867252.8
1032000 1883518.7
1034000 1860565.4
1036000 1864525.6
1038000 1868987.2
1040000 1860725.9
1042000 1852024.2
1044000 1852679.3
1046000 1869095.6
1048000 1864009.6
1050000 1874521.8
1052000 1856455.5
1054000 1878688.3
1056000 1870858.2
1058000 1859089
1060000 1854431.5
1062000 1860935.8
1064000 1863266.6
1066000 1870094.6
1068000 1863504.5
1070000 1857306.1
1072000 1865003.5
1074000 1855991.8
1076000 1865532
1078000 1874041.9
1080000 1866836.2
1082000 1862199
1084000 1874876.3
1086000 1863685.8
1088000 1861798.4
1090000 1859809.1
1092000 1866379.1
1094000 1847757.9
1096000 1866960.9
1098000 1862997.8
1100000 1870139.7
1102000 1859954.3
1104000 1863393.3
1106000 1861975.9
1108000 1875693
1110000 1863560
1112000 1861943.8
1114000 1864828.5
1116000 1870168.6
1118000 1873920.1
1120000 1878786
1122000 1867675.8
1124000 1869592.4
1126000 1862702.5
1128000 1869571.2
1130000 1862103.2
1132000 1862680.3
1134000 1862523.2
1136000 1860020.6
1138000 1859241.8
1140000 1853010
1142000 1873457.3
1144000 1862920.7
1146000 1867280.4
1148000 1869456.4
1150000 1853728.2
1152000 1857169.1
1154000 1865451.5
1156000 1859552.2
1158000 1856674.3
1160000 1868058.4
1162000 1859097.4
1164000 1862078
1166000 1860111.1
1168000 1869220.6
1170000 1857468.6
1172000 1860235.6
1174000 1851034
1176000 1856716.3
1178000 1862031.9
1180000 1868502.3
1182000 1862455.9
1184000 1871763.7
1186000 1865789.5
1188000 1871338.3
1190000 1866696.5
1192000 1857440.5
1194000 1860835.3
1196000 1857328.5
1198000 1861897.3
1200000 1870687.2
1202000 1869164.4
1204000 1859388.4
1206000 1855118.2
1208000 1874452.7
1210000 1865071.3
1212000 1866526.3
1214000 1864526.6
1216000 1866066.3
1218000 1859743.3
1220000 1861476.9
1222000 1859968.6
1224000 1863103
1226000 1858192.6
1228000 1868524.4
1230000 1868186.1
1232000 1883553.3
1234000 1858364.3
1236000 1873597.5
1238000 1859339.2
1240000 1873139.3
1242000 1873047.3
1244000 1859072.3
1246000 1858029.7
1248000 1868750.3
1250000 1870097.4
1252000 1852543.1
1254000 1857823.1
1256000 1855317.2
1258000 1856698
1260000 1867824.2
1262000 1869561.5
1264000 1867015.9
1266000 1860787
1268000 1862888.5
1270000 1859736.9
1272000 1860663.7
1274000 1858818.8
1276000 1866165.9
1278000 1866532.6
1280000 1859182.7
1282000 1863220.9
1284000 1869045.3
1286000 1869375.5
1288000 1868856.5
1290000 1855362.1
1292000 1870081.4
1294000 1867568.1
1296000 1862233.5
1298000 1871955.9
1300000 1860369.9
1302000 1870523.2
1304000 1872314.9
1306000 1857677.3
1308000 1865312.6
1310000 1860278
1312000 1854792.3
1314000 1857986.4
1316000 1872449.5
1318000 1867647.5
1320000 1869204.2
1322000 1865638.2
1324000 1855829.2
1326000 1856116.2
1328000 1866668.7
1330000 1862693.5
1332000 1851350.4
1334000 1852486.7
1336000 1862268.1
1338000 1870489.8
1340000 1855827
1342000 1853474.9
1344000 1863805.7
1346000 1867508.5
1348000 1858076.1
1350000 1874599.3
1352000 1865262.8
1354000 1862710.6
1356000 1879170.6
1358000 1868550.4
1360000 1870908.6
1362000 1865955.4
1364000 1869602.7
1366000 1866935.6
1368000 1864958.8
1370000 1861355.2
1372000 1859559.7
1374000 1861408.6
1376000 1868165.5
1378000 1864744.5
1380000 1859378.9
1382000 1866273.9
1384000 1866520.2
1386000 1862511.1
1388000 1861769.3
1390000 1864006.7
1392000 1877652.7
1394000 1861465.9
1396000 1869811.8
1398000 1852664.3
1400000 1862297.9
1402000 1851125.4
1404000 1855931
1406000 1863060.5
1408000 1876899.9
1410000 1860711.4
1412000 1868717.5
1414000 1861698.1
1416000 1869851.7
1418000 1866947.4
1420000 1862706.2
1422000 1861667.8
1424000 1864761.6
1426000 1849839.1
1428000 1871769.1
1430000 1860725.9
1432000 1871347.3
1434000 1863977.6
1436000 1864811.1
1438000 1874608.5
1440000 1867936.4
1442000 1866435.1
1444000 1863111.8
1446000 1863038.1
1448000 1864203.4
1450000 1854987.7
1452000 1860848.8
1454000 1873600.2
1456000 1869755.5
1458000 1864026.4
1460000 1861258.7
1462000 1864411.6
1464000 1865823.1
1466000 1861135.8
1468000 1854547.8
1470000 1868667.3
1472000 1853793.1
1474000 1863108.8
1476000 1870025.1
1478000 1855588.2
1480000 1863755.9
1482000 1860508.3
1484000 1852613.9
1486000 1848535.1
1488000 1866414.7
1490000 1852916.9
1492000 1866278.9
1494000 1856452.2
1496000 1854389.5
1498000 1858606.2
1500000 1861166.8
1502000 1859752.2
1504000 1863247.3
1506000 1869478.3
1508000 1871887.1
1510000 1857689.4
1512000 1861114.9
1514000 1868075.9
1516000 1864639.1
1518000 1858170.9
1520000 1871332.6
1522000 1861465.3
1524000 1866428.9
1526000 1857644.9
1528000 1861184
1530000 1860486.2
1532000 1856831.6
1534000 1854079.4
1536000 1871139.8
1538000 1872917
1540000 1851510.4
1542000 1857702.2
1544000 1865252.1
1546000 1867789.9
1548000 1881229.9
1550000 1873482.1
1552000 1856505.3
1554000 1863499.8
1556000 1846108.5
1558000 1858233.4
1560000 1864023.4
1562000 1874833.3
1564000 1869352.6
1566000 1866395.8
1568000 1856366.3
1570000 1851049.9
1572000 1855820
1574000 1868784.1
1576000 1867090.6
1578000 1867520
1580000 1865862.2
1582000 1861601.4
1584000 1860662.6
1586000 1862499.4
1588000 1868465.5
1590000 1869066.5
1592000 1881347.3
1594000 1856465.2
1596000 1869349.7
1598000 1866434.1
1600000 1860047.1
1602000 1862371.2
1604000 1865499.4
1606000 1875444.5
1608000 1852615.4
1610000 1881916.9
1612000 1863369.7
1614000 1861937.4
1616000 1869565.6
1618000 1866308.5
1620000 1867818.5
1622000 1851655.1
1624000 1860620.3
1626000 1857914.7
1628000 1860989.8
1630000 1869918.7
1632000 1881205.1
1634000 1859240.4
1636000 1860727.2
1638000 1863266.9
1640000 1858737.3
1642000 1862717.6
1644000 1879640
1646000 1858756.8
1648000 1871323.5
1650000 1868671.2
1652000 1861258.9
1654000 1861026.5
1656000 1863530.5
1658000 1863919.6
1660000 1862182
1662000 1855541.4
1664000 1850440
1666000 1874304.7
1668000 1865063.1
1670000 1868892.1
1672000 1874127.5
1674000 1861934.9
1676000 1853860.8
1678000 1859175.8
1680000 1862523.5
1682000 1860651
1684000 1858329.8
1686000 1851617.7
1688000 1855355.2
1690000 1858701.1
1692000 1866454.7
1694000 1875929.8
1696000 1855845.5
1698000 1863681.9
1700000 1872358.1
1702000 1860110.1
1704000 1866245.8
1706000 1874476.3
1708000 1870165.1
1710000 1865435.5
1712000 1856821.2
1714000 1856675.9
1716000 1866392.5
1718000 1861924.4
1720000 1874145.8
1722000 1864401.6
1724000 1864387.7
1726000 1862140
1728000 1873352.4
1730000 1847092.3
1732000 1861070.2
1734000 1876078.9
1736000 1861769.4
1738000 1863789
1740000 1875807.5
1742000 1861027
1744000 1861851.5
1746000 1862242.5
1748000 1854287.6
1750000 1864954.7
1752000 1868652.6
1754000 1873257.8
1756000 1853668.5
1758000 1868438.7
1760000 1859302.1
1762000 1857496.8
1764000 1850648
1766000 1864831
1768000 1864788.4
1770000 1858740.2
1772000 1862755
1774000 1865428.5
1776000 1861566.1
1778000 1874259
1780000 1863000.4
1782000 1861282.1
1784000 1860885.2
1786000 1855392.3
1788000 1875753
1790000 1868007.3
1792000 1864685.2
1794000 1878249.8
1796000 1863365
1798000 1860104.3
1800000 1865682.1
1802000 1868624
1804000 1849945.3
1806000 1857027
1808000 1857257.3
1810000 1864586.1
1812000 1863752.5
1814000 1861470.3
1816000 1861597
1818000 1858143.3
1820000 1855264.7
1822000 1870043.7
1824000 1867318.4
1826000 1842706.9
1828000 1867225.7
1830000 1857590.8
1832000 1862510.1
1834000 1859630.8
1836000 1869460.7
1838000 1859337.6
1840000 1864873.8
1842000 1849328.6
1844000 1875089.7
1846000 1857531.1
1848000 1866540.4
1850000 1858837.5
1852000 1861875.9
1854000 1874658
1856000 1860936.3
1858000 1876337.8
1860000 1856959
1862000 1869856.1
1864000 1860958.2
1866000 1864997.2
1868000 1863115.7
1870000 1855827.9
1872000 1858436.1
1874000 1869327.2
1876000 1881262.5
1878000 1864016.4
1880000 1867004.8
1882000 1868167
1884000 1854447.1
1886000 1864168
1888000 1866730.9
1890000 1852867.2
1892000 1846581.3
1894000 1866529.6
1896000 1867613.5
1898000 1864027.2
1900000 1857320.7
1902000 1871287.8
1904000 1870629.1
1906000 1860588
1908000 1865083.2
1910000 1862012.4
1912000 1864308.7
1914000 1855906.2
1916000 1874070.8
1918000 1875330.5
1920000 1863726.4
1922000 1859130.4
1924000 1859273.2
1926000 1867270.5
1928000 1860431.4
1930000 1872323.5
1932000 1853692
1934000 1865757.6
1936000 1860043.9
1938000 1867781.4
1940000 1852238.4
1942000 1865312
1944000 1866955.2
1946000 1881150
1948000 1858758.4
1950000 1855802.5
1952000 1853805.5
1954000 1853981.4
1956000 1865318.5
1958000 1860692.1
1960000 1866792.2
1962000 1861431.8
1964000 1859354.8
1966000 1862535.7
1968000 1876864.9
1970000 1857691.7
1972000 1859403.7
1974000 1861873.7
1976000 1857803.4
1978000 1871277.6
1980000 1869328
1982000 1850498.4
1984000 1875302.3
1986000 1863223.7
1988000 1875726.1
1990000 1865603.5
1992000 1860174.6
1994000 1874101
1996000 1871693.5
1998000 1869744.3
2000000 1865519.1
