# Time-averaged data for fix savemsd
# TimeStep c_msd[1] c_msd[2] c_msd[3] c_msd[4]
0 1.15079e-29 1.18694e-31 5.14586e-30 1.67724e-29
2000 3.82367 3.8735 3.90012 11.5973
4000 8.01647 7.53722 7.30947 22.8632
6000 11.3263 11.0175 11.4493 33.7932
8000 14.5629 15.0708 14.9098 44.5435
10000 17.8061 18.6471 17.5052 53.9584
12000 20.9412 23.9981 21.513 66.4524
14000 23.6393 26.9621 25.0067 75.6081
16000 27.0022 29.4777 28.8267 85.3066
18000 30.0551 32.5527 33.106 95.7138
20000 34.1173 37.0006 35.479 106.597
22000 38.3884 40.1039 39.8982 118.39
24000 43.1753 42.8016 44.4269 130.404
26000 48.7693 45.4991 48.8298 143.098
28000 53.7183 49.1825 51.6495 154.55
30000 56.715 54.1519 55.6605 166.527
32000 58.8658 57.1048 58.197 174.168
34000 63.2496 60.2299 61.1207 184.6
36000 66.8179 64.276 64.8916 195.985
38000 70.5163 69.0379 68.4382 207.992
40000 72.7342 72.7545 73.672 219.161
42000 76.8771 76.0607 77.7667 230.705
44000 80.1449 80.4514 81.8415 242.438
46000 85.9274 85.4494 85.5291 256.906
48000 89.2297 90.3463 88.8644 268.44
50000 92.5032 92.0328 92.3708 276.907
52000 95.7268 94.7259 97.3647 287.817
54000 98.6266 97.6524 100.562 296.841
56000 102.559 102.015 103.968 308.542
58000 107.59 107.295 107.391 322.276
60000 113.114 110.295 109.373 332.782
62000 116.399 113.154 112.865 342.418
64000 118.572 116.145 116.999 351.715
66000 120.382 120.257 121.961 362.6
68000 124.865 123.933 123.38 372.178
70000 129.761 127.128 127.214 384.103
72000 131.94 128.756 131.002 391.698
74000 133.412 132.16 136.17 401.742
76000 137.131 137.659 140.682 415.472
78000 142.71 142.824 144.643 430.177
80000 145.869 146.211 149.149 441.229
82000 147.504 151.342 152.943 451.789
84000 150.178 154.381 157.562 462.121
86000 154.868 158.791 160.188 473.847
88000 157.912 161.525 164.3 483.737
90000 161.362 164.001 168.501 493.863
92000 163.696 169.968 171.458 505.121
94000 166.881 174.216 174.749 515.847
96000 168.721 180.018 175.927 524.665
98000 173.627 182.268 178.936 534.83
100000 176.777 187.717 184.084 548.578
102000 180.884 190.504 188.617 560.006
104000 185.748 193.113 193.764 572.626
106000 189.874 198.251 197.101 585.226
108000 194.685 202.304 204.311 601.3
110000 197.863 205.084 209.273 612.22
112000 202.53 209.221 213.251 625.002
114000 207.64 214.317 216.217 638.175
116000 212.193 221.032 219.117 652.342
118000 216.394 224.897 222.191 663.482
120000 220.34 227.155 223.212 670.707
122000 222.781 230.304 228.152 681.237
124000 227.708 231.974 234.624 694.306
126000 231.029 237.388 237.142 705.558
128000 236.859 241.158 238.811 716.828
130000 240.376 244.247 241.008 725.63
132000 246.698 247.412 245.014 739.125
134000 249.311 249.425 250.659 749.395
136000 253.311 253.969 252.333 759.613
138000 254.092 255.878 254.221 764.191
140000 258.004 258.856 258.864 775.723
142000 262.813 262.871 264.301 789.986
144000 265.369 266.954 270.073 802.396
146000 270.981 271.085 272.268 814.334
148000 275.351 277.852 274.21 827.413
150000 280.147 276.813 276.585 833.545
152000 282.374 276.832 281.514 840.719
154000 286.134 278.086 284.922 849.142
156000 289.324 283.965 287.805 861.094
158000 295.134 288.809 293.147 877.09
160000 298.93 290.184 298.17 887.284
162000 300.119 294.686 300.479 895.284
164000 304.664 299.622 303.291 907.577
166000 308.917 302.298 310.575 921.79
168000 314.163 309.431 315.123 938.717
170000 317.476 315.348 318.229 951.054
172000 321.298 319.679 321.022 961.999
174000 325.873 323.904 325.823 975.6
176000 328.151 323.363 325.92 977.434
178000 333.289 325.679 330.101 989.069
180000 337.677 328.946 334.109 1000.73
182000 341.357 333.555 338.443 1013.35
184000 343.059 333.059 342.828 1018.95
186000 347.122 336.153 348.183 1031.46
188000 354.371 340.569 353.318 1048.26
190000 356.971 345.536 360.055 1062.56
192000 359.26 348.839 362.569 1070.67
194000 365.133 354.39 367.221 1086.74
196000 367.577 357.84 372.087 1097.5
198000 370.995 362.809 374.73 1108.53
200000 372.565 364.727 379.261 1116.55
202000 376.679 370.466 381.407 1128.55
204000 379.582 377.849 386.196 1143.63
206000 380.676 379.883 388.857 1149.42
208000 385.895 380.681 394.268 1160.84
210000 387.327 386.486 395.219 1169.03
212000 391.308 389.843 398.813 1179.96
214000 394.757 399.343 403.442 1197.54
216000 398.447 400.849 404.009 1203.31
218000 399.908 399.786 408.125 1207.82
220000 404.697 406.505 413.758 1224.96
222000 412.492 408.195 417.497 1238.18
224000 411.586 413.422 422.893 1247.9
226000 418.502 418.202 429.675 1266.38
228000 425.975 420.232 433.386 1279.59
230000 426.626 423.047 439.439 1289.11
232000 428.879 425.3 442.472 1296.65
234000 431.07 429.242 445.68 1305.99
236000 430.816 432.564 448.642 1312.02
238000 435 437.211 450.243 1322.45
240000 438.402 438.418 452.148 1328.97
242000 442.407 443.208 455.686 1341.3
244000 444.025 447.458 457.164 1348.65
246000 444.98 450.76 459.31 1355.05
248000 447.033 453.831 461.234 1362.1
250000 449.946 455.594 463.656 1369.2
252000 453.076 459.688 465.311 1378.07
254000 454.475 462.349 467.719 1384.54
256000 459.474 463.997 470.067 1393.54
258000 464.414 466.772 473.61 1404.8
260000 468.64 468.971 481.624 1419.24
262000 468.417 474.331 483.066 1425.81
264000 473.091 479.618 487.853 1440.56
266000 476.768 482.598 492.6 1451.97
268000 479.798 485.974 494.329 1460.1
270000 486.289 489.184 497.56 1473.03
272000 489.293 494.039 497.034 1480.37
274000 491.907 496.681 501.071 1489.66
276000 493.477 496.271 505.813 1495.56
278000 496.518 498.738 510.914 1506.17
280000 501.337 502.694 514.574 1518.6
282000 507.711 506.008 516.167 1529.89
284000 512.822 504.946 523.512 1541.28
286000 515.836 508.296 529.171 1553.3
288000 519.638 511.39 531.643 1562.67
290000 520.297 512.758 534.751 1567.81
292000 522.859 516.735 536.87 1576.46
294000 527.204 519.955 539.104 1586.26
296000 529.515 523.714 540.608 1593.84
298000 533.911 527.402 543.794 1605.11
300000 538.077 528.06 546.405 1612.54
302000 539.853 531.987 549.147 1620.99
304000 542.007 537.465 552.295 1631.77
306000 542.197 539.895 556.795 1638.89
308000 545.042 539.287 558.046 1642.37
310000 548.781 544.442 561.228 1654.45
312000 552.142 547.78 563.439 1663.36
314000 556.04 555.154 565.135 1676.33
316000 561.166 558.041 566.216 1685.42
318000 567.022 562.93 570.088 1700.04
320000 573.958 567.906 571.847 1713.71
322000 579.91 567.402 577.376 1724.69
324000 584.998 569.237 580.914 1735.15
326000 587.756 573.504 581.525 1742.79
328000 592.335 575.505 584.413 1752.25
330000 595.7 578.813 588.255 1762.77
332000 598.459 584.172 590.6 1773.23
334000 603.644 583.971 590.885 1778.5
336000 601.362 587.168 593.647 1782.18
338000 604.057 589.089 597.599 1790.74
340000 607.9 594.124 598.24 1800.26
342000 610.965 597.687 604.564 1813.22
344000 609.669 598.153 607.268 1815.09
346000 611.101 599.63 610.719 1821.45
348000 613.955 606.231 611.565 1831.75
350000 620.727 613.861 614.987 1849.57
352000 624.348 618.168 620.664 1863.18
354000 628.39 624.84 625.046 1878.28
356000 631.544 626.942 625.723 1884.21
358000 632.214 633.188 628.757 1894.16
360000 636.922 636.911 631.366 1905.2
362000 644.204 639.434 635.184 1918.82
364000 648.395 642.737 634.627 1925.76
366000 654.6 645.587 638.572 1938.76
368000 654.867 647.092 643.595 1945.55
370000 657.155 652.823 646.122 1956.1
372000 660.668 652.126 650.147 1962.94
374000 663.103 656.123 655.488 1974.71
376000 667.972 659.675 657.549 1985.2
378000 675.76 662.86 661.618 2000.24
380000 681.8 667.623 664.984 2014.41
382000 686.889 671.352 668.368 2026.61
384000 684.774 676.93 676.628 2038.33
386000 687.914 679.752 674.472 2042.14
388000 692.232 684.283 680.562 2057.08
390000 695.86 692.795 685.107 2073.76
392000 697.8 690.962 686.826 2075.59
394000 698.39 694.165 693.966 2086.52
396000 700.488 698.332 698.391 2097.21
398000 705.864 704.984 700.082 2110.93
400000 705.775 708.015 702.319 2116.11
402000 716.423 711.016 706.272 2133.71
404000 718.253 712.535 707.577 2138.36
406000 717.266 713.341 708.098 2138.7
408000 719.752 713.704 711.722 2145.18
410000 725.259 715.984 716.491 2157.73
412000 730.403 716.873 724.273 2171.55
414000 734.655 721.095 733.045 2188.79
416000 741.78 725.643 738.128 2205.55
418000 748.632 728.779 742.474 2219.89
420000 752.398 730.435 749.948 2232.78
422000 759.714 740.022 752.415 2252.15
424000 763.823 745.366 758.481 2267.67
426000 767.909 745.72 769.832 2283.46
428000 772.856 752.807 775.127 2300.79
430000 774.961 756.421 784.658 2316.04
432000 779.156 757.906 793.876 2330.94
434000 782.276 759.113 794.272 2335.66
436000 786.307 761.937 801.875 2350.12
438000 791.848 767.437 804.324 2363.61
440000 797.438 769.528 811.027 2377.99
442000 800.155 771.089 818.562 2389.8
444000 805.233 772.444 823.53 2401.21
446000 807.08 777.028 823.529 2407.64
448000 811.001 783.165 828.085 2422.25
450000 815.247 786.067 832.987 2434.3
452000 821.684 794.992 841.51 2458.19
454000 820.385 797.692 845.687 2463.76
456000 817.664 800.747 847.902 2466.31
458000 826.361 800.726 848.885 2475.97
460000 830.831 803.455 851.903 2486.19
462000 840.979 804.752 856.347 2502.08
464000 843.461 810.827 859.649 2513.94
466000 846.731 810.732 862.898 2520.36
468000 847.924 818.484 863.367 2529.77
470000 853.217 824.119 873.029 2550.37
472000 860.341 834.18 875.352 2569.87
474000 862.84 836.965 881.633 2581.44
476000 863.953 842.589 879.799 2586.34
478000 870.398 849.362 883.916 2603.68
480000 875.967 853.317 888.485 2617.77
482000 879.38 855.372 892.532 2627.28
484000 881.973 861.82 897.898 2641.69
486000 881.631 863.476 900.773 2645.88
488000 881.446 865.321 902.843 2649.61
490000 883.097 865.987 904.652 2653.74
492000 888.766 867.474 913.106 2669.35
494000 891.514 869.983 925.16 2686.66
496000 894.293 873.658 925.258 2693.21
498000 898.855 876.124 930.814 2705.79
500000 894.547 881.559 931.458 2707.56
502000 895.954 883.752 933.317 2713.02
504000 901.335 882.626 936.257 2720.22
506000 904.306 889.731 939.282 2733.32
508000 911.234 894.112 939.812 2745.16
510000 917.055 896.475 940.429 2753.96
512000 922.972 900.136 942.581 2765.69
514000 924.804 905.184 943.332 2773.32
516000 925.187 909.988 948.279 2783.45
518000 929.795 915.631 948.013 2793.44
520000 932.734 921.643 952.588 2806.96
522000 938.85 920.412 955.653 2814.92
524000 940.218 924.469 954.111 2818.8
526000 948.303 925.828 956.46 2830.59
528000 949.116 932.607 961.653 2843.38
530000 952.215 938.604 961.198 2852.02
532000 955.268 939.663 964.516 2859.45
534000 960.537 941.659 964.691 2866.89
536000 962.061 945.049 966.511 2873.62
538000 967.533 951.456 970.285 2889.27
540000 972.627 954.136 973.662 2900.43
542000 977.1 955.318 972.226 2904.64
544000 976.791 961.331 975.01 2913.13
546000 987.412 964.8 984.264 2936.48
548000 988.847 975.999 989.675 2954.52
550000 992.021 978.558 994.862 2965.44
552000 993.5 981.367 1000.69 2975.56
554000 995.23 981.413 1011.39 2988.03
556000 998.365 988.624 1017.2 3004.18
558000 998.853 996.904 1017.19 3012.95
560000 1005.22 1002.84 1021.87 3029.93
562000 1008.24 1006.93 1024.46 3039.62
564000 1011.46 1013.99 1031.75 3057.2
566000 1020.65 1023.07 1031.95 3075.67
568000 1025.92 1022.95 1035.39 3084.26
570000 1031.67 1027.97 1042.01 3101.65
572000 1034.25 1030.6 1044.27 3109.12
574000 1036.89 1031.56 1050.24 3118.7
576000 1034.55 1034.25 1061.52 3130.31
578000 1036.4 1035.3 1063.41 3135.11
580000 1040.38 1037.73 1067.86 3145.96
582000 1042.36 1039.93 1068.73 3151.02
584000 1046.18 1040.32 1073.44 3159.93
586000 1050.17 1045.76 1076.75 3172.69
588000 1062.12 1048.42 1080.28 3190.81
590000 1067.85 1051.37 1084.83 3204.04
592000 1071.31 1064.29 1081.42 3217.02
594000 1073.32 1067.2 1088.82 3229.34
596000 1080.85 1068.44 1089.8 3239.1
598000 1082.59 1073.45 1091.24 3247.28
600000 1081.54 1078.29 1096.64 3256.47
602000 1085.24 1082.55 1097.09 3264.88
604000 1087.74 1083.16 1105.2 3276.11
606000 1089.73 1087.22 1107.5 3284.45
608000 1091.27 1087.81 1114.49 3293.57
610000 1088.61 1087.46 1120.4 3296.46
612000 1090.28 1086.04 1126.8 3303.12
614000 1102.5 1087.6 1126.08 3316.17
616000 1105.98 1093.97 1130.32 3330.27
618000 1106.87 1096.43 1134.59 3337.9
620000 1105.85 1094.62 1141.46 3341.93
622000 1109.51 1100.11 1149.71 3359.34
624000 1113.27 1105.32 1155.83 3374.42
626000 1117.72 1102.55 1163.47 3383.74
628000 1123.24 1104.77 1168.47 3396.48
630000 1130.4 1113.6 1172.61 3416.6
632000 1136.77 1119.91 1172.94 3429.62
634000 1136.64 1119.97 1176.82 3433.42
636000 1140.71 1119.84 1182.2 3442.76
638000 1146.45 1123.55 1184.06 3454.06
640000 1151.25 1127.07 1186.34 3464.66
642000 1153.48 1123.78 1188.03 3465.29
644000 1162.01 1126.85 1193.99 3482.84
646000 1173.07 1126.15 1191.84 3491.06
648000 1176.66 1134.07 1192.45 3503.17
650000 1181.16 1138.89 1193.53 3513.57
652000 1188.59 1138.21 1193.61 3520.41
654000 1192.91 1138.46 1199.3 3530.68
656000 1199.23 1134.49 1202.65 3536.38
658000 1203.38 1134.55 1205.88 3543.81
660000 1210.09 1136.6 1207.19 3553.88
662000 1219.45 1134.51 1210.59 3564.56
664000 1217.94 1135.16 1212.1 3565.21
666000 1224.63 1130.71 1218.09 3573.43
668000 1227.07 1133.7 1225.94 3586.7
670000 1236.39 1140.23 1229.03 3605.66
672000 1241.07 1143.56 1232.39 3617.02
674000 1246.67 1144.8 1241.12 3632.59
676000 1248.87 1147.42 1242.35 3638.64
678000 1252.45 1148.09 1245.24 3645.79
680000 1247.14 1147.22 1243.35 3637.71
682000 1249.76 1149.48 1250.32 3649.55
684000 1249.17 1152.29 1254.87 3656.32
686000 1250.46 1156.86 1259.57 3666.89
688000 1249.06 1165.74 1265.76 3680.56
690000 1256.37 1171.02 1272.29 3699.68
692000 1261.31 1176.1 1264.91 3702.32
694000 1261.51 1181.78 1274.23 3717.52
696000 1269.44 1186.79 1273.04 3729.28
698000 1272.82 1189.92 1277.52 3740.26
700000 1270.32 1195.95 1287.49 3753.77
702000 1267.5 1205.17 1288.97 3761.63
704000 1276.14 1209.5 1289.69 3775.33
706000 1278.6 1213.31 1294.77 3786.68
708000 1281.59 1223.61 1300.84 3806.04
710000 1286.94 1228.63 1303.1 3818.67
712000 1291.19 1229.35 1308.73 3829.26
714000 1291.58 1233.43 1306.9 3831.91
716000 1297.74 1236.88 1311.97 3846.6
718000 1300.01 1250.59 1313.28 3863.89
720000 1303.4 1253.8 1310 3867.2
722000 1305.4 1259.18 1309.56 3874.14
724000 1307.9 1260.47 1317.55 3885.92
726000 1318.01 1263.05 1320.15 3901.21
728000 1327.37 1263.26 1321.96 3912.59
730000 1331.81 1268.39 1329.5 3929.7
732000 1331.51 1273.31 1335.39 3940.21
734000 1334.06 1278.08 1335.74 3947.88
736000 1342.23 1281.1 1338.26 3961.59
738000 1344.23 1282.28 1340.97 3967.49
740000 1344.05 1286.59 1354.24 3984.88
742000 1341.54 1293.83 1353.98 3989.34
744000 1343.72 1297.9 1360.49 4002.1
746000 1344.8 1298.4 1362.02 4005.22
748000 1351.79 1301.12 1370.51 4023.42
750000 1351.65 1301.67 1378.07 4031.39
752000 1352.51 1307.95 1380.87 4041.33
754000 1355.65 1310.96 1384.7 4051.31
756000 1363.89 1314.82 1388.72 4067.44
758000 1368.52 1317.33 1393.82 4079.67
760000 1371.27 1325.62 1396.52 4093.41
762000 1375.41 1329.31 1397.53 4102.25
764000 1383.67 1329.61 1400.57 4113.85
766000 1392.78 1331.15 1402.23 4126.16
768000 1397.21 1339.64 1400.47 4137.31
770000 1400.88 1348.41 1407.25 4156.54
772000 1400.27 1355.3 1410.82 4166.39
774000 1402.7 1362.46 1419.51 4184.68
776000 1403.56 1363.87 1421.48 4188.9
778000 1407.46 1366.73 1425.94 4200.12
780000 1411.42 1364.52 1425.7 4201.64
782000 1411.19 1368.01 1428.51 4207.71
784000 1416.51 1374.22 1433.07 4223.8
786000 1424.16 1374.19 1435.12 4233.47
788000 1424.28 1380.44 1446.17 4250.89
790000 1430.31 1385.56 1452.07 4267.94
792000 1433.4 1392.33 1457.65 4283.38
794000 1431.1 1400.73 1460.15 4291.98
796000 1434.46 1407.99 1463.49 4305.94
798000 1436.28 1407.65 1469.16 4313.09
800000 1441.05 1413.1 1470.82 4324.97
802000 1445.86 1418.31 1477.44 4341.6
804000 1448.62 1423.05 1478.78 4350.44
806000 1449.47 1429.26 1485.47 4364.2
808000 1444.55 1428.62 1486.42 4359.6
810000 1447.07 1433.18 1490.77 4371.02
812000 1451.7 1437.91 1493.87 4383.48
814000 1457.5 1441.4 1502.92 4401.82
816000 1457.84 1447.34 1502.12 4407.3
818000 1454.85 1450.99 1502.6 4408.44
820000 1457.26 1455.54 1507.47 4420.27
822000 1463.62 1462.83 1509.21 4435.66
824000 1467.67 1468.41 1509.71 4445.8
826000 1466.85 1474.82 1514.36 4456.03
828000 1474.89 1478.01 1522.51 4475.41
830000 1475.03 1479.25 1528.49 4482.77
832000 1477.52 1478.97 1540.65 4497.13
834000 1479.31 1483.62 1545.72 4508.66
836000 1486.14 1483.73 1547.73 4517.59
838000 1495 1489.98 1549.73 4534.71
840000 1494.21 1493.5 1555.88 4543.58
842000 1494.09 1496.47 1560.09 4550.65
844000 1495.9 1505.72 1563.21 4564.83
846000 1506.39 1508.77 1562.86 4578.02
848000 1503.35 1510.42 1563.66 4577.42
850000 1507.78 1513.93 1562.03 4583.74
852000 1514.79 1518.76 1568.96 4602.51
854000 1511.24 1520.9 1575.18 4607.33
856000 1518.56 1527.67 1574.9 4621.12
858000 1525.88 1530.13 1577.97 4633.97
860000 1537.79 1528.97 1578.68 4645.45
862000 1548.21 1525.75 1580.31 4654.27
864000 1557.03 1529.17 1584.7 4670.89
866000 1563.19 1529.65 1588.94 4681.79
868000 1563.21 1529.28 1594.75 4687.24
870000 1566.52 1532.75 1588.42 4687.68
872000 1574.4 1535.45 1587.72 4697.58
874000 1577.67 1541.75 1591.09 4710.51
876000 1579.26 1545.55 1591.56 4716.37
878000 1577.98 1552.25 1593.44 4723.66
880000 1577.62 1556.35 1596.72 4730.69
882000 1577.77 1558.65 1592.62 4729.05
884000 1578.31 1564.53 1594.05 4736.9
886000 1577.44 1569.4 1596.15 4742.99
888000 1579.36 1570.87 1600.08 4750.31
890000 1580.06 1573.27 1603 4756.33
892000 1580.96 1570.63 1604.74 4756.33
894000 1585.59 1577.73 1609.7 4773.02
896000 1587.73 1579.96 1608.65 4776.34
898000 1594.25 1584.46 1611 4789.7
900000 1598.48 1582.53 1613.74 4794.76
902000 1596.44 1589.35 1619.04 4804.84
904000 1610.85 1591.28 1619.91 4822.04
906000 1614.78 1588.82 1619.66 4823.26
908000 1615.58 1590.38 1627.25 4833.21
910000 1619.32 1593.53 1627.78 4840.63
912000 1616.69 1593.3 1634.68 4844.67
914000 1627.16 1599.52 1638.96 4865.63
916000 1632.77 1598.82 1642.42 4874.01
918000 1635.83 1599.15 1649.32 4884.3
920000 1646.41 1608.22 1646.16 4900.79
922000 1643.1 1616.4 1658.17 4917.66
924000 1649.34 1613.94 1659.01 4922.29
926000 1653.71 1613.88 1654.12 4921.71
928000 1655.46 1608.17 1660.38 4924.01
930000 1664.05 1611.59 1666.21 4941.85
932000 1662.13 1614.23 1675.28 4951.63
934000 1662.59 1622.41 1676.79 4961.79
936000 1664.78 1628.68 1681.16 4974.62
938000 1669.45 1631.29 1688.72 4989.46
940000 1678.66 1632.2 1692.27 5003.13
942000 1677.15 1634.72 1700.23 5012.1
944000 1678.61 1636.06 1700.47 5015.14
946000 1682.35 1639.28 1702.27 5023.91
948000 1688.51 1643.63 1700.11 5032.25
950000 1692.12 1647.77 1709.6 5049.49
952000 1697.43 1646.84 1720.38 5064.65
954000 1701.16 1649.14 1724.87 5075.17
956000 1696.78 1648.36 1729.33 5074.47
958000 1703.22 1654.98 1729.01 5087.21
960000 1703.8 1655.19 1731.05 5090.04
962000 1710.74 1660.88 1731.96 5103.58
964000 1718.46 1667.98 1737.36 5123.8
966000 1714.79 1674.21 1745.67 5134.68
968000 1724.46 1681.63 1749.25 5155.34
970000 1729.1 1686.57 1754.35 5170.02
972000 1731.16 1683.81 1764.47 5179.45
974000 1734.06 1688.71 1767.37 5190.14
976000 1741.55 1693.98 1773.01 5208.54
978000 1744.66 1690.72 1779.76 5215.14
980000 1750.95 1695.5 1785 5231.46
982000 1762.63 1701.65 1787.22 5251.5
984000 1772.21 1714.2 1797.32 5283.73
986000 1773.4 1716.88 1799.52 5289.8
988000 1779.84 1717.76 1800.63 5298.23
990000 1785.21 1719.14 1804.97 5309.33
992000 1788.04 1719.89 1808.69 5316.61
994000 1785.24 1723.76 1810.42 5319.43
996000 1787.32 1731.55 1810.56 5329.43
998000 1780.36 1732.65 1809.8 5322.81
1000000 1778.35 1735.79 1815.26 5329.4
1002000 1793.2 1739.51 1815.99 5348.7
1004000 1795.36 1741.3 1820.14 5356.8
1006000 1797.27 1749.35 1824.14 5370.76
1008000 1798.28 1753.95 1830.78 5383.01
1010000 1808.62 1756.58 1829.71 5394.91
1012000 1814.26 1761.81 1833.59 5409.67
1014000 1815.98 1768.26 1835.26 5419.5
1016000 1818.84 1773.21 1846.75 5438.8
1018000 1827.1 1775.02 1849.33 5451.46
1020000 1829.51 1772.32 1855.82 5457.65
1022000 1832.74 1780.26 1855.97 5468.97
1024000 1839.41 1783.1 1859.66 5482.17
1026000 1838.51 1783.74 1859.53 5481.78
1028000 1841.54 1785.48 1862.05 5489.08
1030000 1848.57 1799.13 1861.7 5509.41
1032000 1846.02 1808.16 1871.87 5526.06
1034000 1850.76 1813 1882.72 5546.49
1036000 1862.03 1818.7 1888.52 5569.24
1038000 1870.07 1824.9 1894.45 5589.42
1040000 1869.69 1826.86 1889.31 5585.86
1042000 1878.07 1827.61 1894.71 5600.39
1044000 1873.4 1830.88 1900.51 5604.79
1046000 1889.28 1838.36 1901.21 5628.85
1048000 1890.07 1845.66 1907.9 5643.63
1050000 1896.63 1847.1 1901.87 5645.6
1052000 1899.72 1844.02 1907.96 5651.71
1054000 1898.72 1841.52 1914.71 5654.96
1056000 1897.46 1851.48 1918.59 5667.53
1058000 1902.66 1857.29 1927.28 5687.23
1060000 1905.03 1865.18 1929.32 5699.53
1062000 1904.65 1867.91 1937.05 5709.61
1064000 1912.05 1873.75 1934.24 5720.05
1066000 1917.3 1877.88 1932.29 5727.47
1068000 1924.2 1885.17 1933.84 5743.2
1070000 1925 1885.6 1942.25 5752.85
1072000 1925.47 1889.32 1948.63 5763.42
1074000 1928.72 1886.28 1948.22 5763.22
1076000 1933.39 1880.01 1953.47 5766.87
1078000 1938.17 1876.9 1955.4 5770.47
1080000 1944.89 1882.93 1959.49 5787.32
1082000 1944.19 1881.73 1968.24 5794.15
1084000 1945.53 1890.55 1971.52 5807.6
1086000 1948.79 1888.82 1982.6 5820.21
1088000 1955.13 1890.51 1975.28 5820.92
1090000 1959.53 1888.02 1980.99 5828.54
1092000 1968.97 1892.04 1989.53 5850.55
1094000 1978.25 1897.26 1984.15 5859.67
1096000 1976.74 1897.95 1982.82 5857.51
1098000 1987.21 1900.49 1989.79 5877.49
1100000 1994.99 1906.56 1999.65 5901.21
1102000 1994.07 1918.82 2005.83 5918.72
1104000 1992.34 1924.82 2005.49 5922.65
1106000 1993.93 1928.07 2005.26 5927.25
1108000 1999.14 1928.38 2014.03 5941.56
1110000 2004.17 1933.29 2021 5958.45
1112000 2013.32 1937.22 2018.65 5969.19
1114000 2010.35 1937.58 2025.3 5973.23
1116000 2017.89 1941.9 2018.6 5978.39
1118000 2026.53 1941.26 2028.2 5995.99
1120000 2029.71 1941.42 2029.87 6001
1122000 2033.96 1946.74 2043.15 6023.85
1124000 2038.87 1955.78 2046.71 6041.36
1126000 2035.75 1957.02 2048.23 6041
1128000 2044.22 1964.15 2051.75 6060.11
1130000 2040.3 1973 2055.4 6068.7
1132000 2041.59 1980.65 2067.61 6089.84
1134000 2048.95 1981.89 2071.57 6102.42
1136000 2056.2 1989.66 2079.04 6124.9
1138000 2061.68 1997.21 2084.13 6143.02
1140000 2072.78 1997.21 2088.99 6158.97
1142000 2075.78 2009.86 2093.26 6178.91
1144000 2073.79 2006.71 2098.11 6178.62
1146000 2083.89 2013.16 2102.02 6199.07
1148000 2087.27 2012.76 2101.45 6201.48
1150000 2086.07 2020.48 2112.4 6218.96
1152000 2085.07 2027.81 2116.75 6229.63
1154000 2089.34 2031.36 2117.7 6238.4
1156000 2100.23 2038.31 2121.72 6260.27
1158000 2108.25 2039.78 2128.41 6276.44
1160000 2118.52 2049.27 2126.13 6293.92
1162000 2116.34 2057.39 2136.44 6310.18
1164000 2118.9 2061.88 2136.29 6317.07
1166000 2121.86 2064.01 2131.19 6317.06
1168000 2126.56 2071.56 2139.28 6337.41
1170000 2130.85 2069.82 2136.71 6337.38
1172000 2131.6 2071.09 2143.41 6346.1
1174000 2138.84 2075.42 2144.68 6358.94
1176000 2137.87 2076.77 2157.07 6371.71
1178000 2144.39 2079.56 2163.82 6387.77
1180000 2146.82 2082.25 2168.16 6397.23
1182000 2147.31 2080.77 2172.52 6400.59
1184000 2151.54 2083.27 2179.58 6414.39
1186000 2153.37 2090.33 2185.91 6429.61
1188000 2152.16 2091.85 2186.47 6430.48
1190000 2154.07 2097.31 2190.42 6441.8
1192000 2160.17 2105.41 2190.95 6456.53
1194000 2156.49 2115.87 2197.11 6469.47
1196000 2163.68 2128.27 2196.19 6488.15
1198000 2159.84 2126.83 2203.77 6490.44
1200000 2167.85 2140.4 2217.07 6525.32
1202000 2174.85 2146.35 2222.48 6543.67
1204000 2182.55 2150.67 2232.18 6565.4
1206000 2187.29 2146.13 2245.39 6578.81
1208000 2192.48 2148.59 2245.38 6586.44
1210000 2195.12 2151.75 2252.94 6599.81
1212000 2198.96 2155.75 2251.14 6605.84
1214000 2201.13 2165.18 2255.55 6621.85
1216000 2198.7 2164.01 2254.91 6617.61
1218000 2194.38 2166.35 2255.32 6616.06
1220000 2198.93 2161.14 2257.51 6617.58
1222000 2198.38 2164.87 2259.53 6622.78
1224000 2199.57 2166.74 2269.01 6635.32
1226000 2200.54 2172.54 2274.08 6647.17
1228000 2201.45 2172.46 2276.29 6650.2
1230000 2206.5 2175.91 2279.88 6662.29
1232000 2209.95 2182.56 2278.19 6670.7
1234000 2208.49 2187.07 2280.23 6675.8
1236000 2205.39 2197.79 2280.88 6684.06
1238000 2204.59 2201.63 2278.19 6684.4
1240000 2211.77 2203.14 2284.06 6698.97
1242000 2220.36 2203.37 2292.07 6715.8
1244000 2225.83 2209.47 2300.34 6735.64
1246000 2228.71 2220.11 2308.98 6757.8
1248000 2235.29 2231.35 2305.85 6772.5
1250000 2238.16 2230.14 2312.11 6780.41
1252000 2242.99 2237.56 2314.49 6795.03
1254000 2248.85 2241.3 2319.76 6809.91
1256000 2248.92 2251.14 2326.65 6826.71
1258000 2251.53 2251.47 2328.58 6831.58
1260000 2249.3 2252.68 2336.16 6838.15
1262000 2248.47 2259.73 2338.75 6846.95
1264000 2256.73 2267.34 2337.33 6861.39
1266000 2260.34 2277.22 2339.89 6877.45
1268000 2268.44 2277.62 2349.39 6895.45
1270000 2268.19 2284.9 2351.62 6904.71
1272000 2267.99 2287.93 2356.56 6912.47
1274000 2267.04 2297.81 2360.55 6925.4
1276000 2269.13 2299.45 2365.25 6933.83
1278000 2272.66 2296.97 2361.24 6930.86
1280000 2276.32 2297.67 2364.45 6938.44
1282000 2287.61 2300.56 2369.46 6957.62
1284000 2286.12 2307.25 2373.9 6967.27
1286000 2288.24 2311.48 2376.58 6976.3
1288000 2296.38 2312.42 2376.24 6985.03
1290000 2300.51 2306.28 2380.83 6987.61
1292000 2301.6 2310.91 2384.34 6996.85
1294000 2303.42 2304.57 2388.5 6996.49
1296000 2301.27 2304.4 2389.9 6995.57
1298000 2304.82 2309.15 2395.92 7009.89
1300000 2317.1 2312.3 2403.28 7032.68
1302000 2321.31 2316.27 2412.94 7050.52
1304000 2329.36 2320.38 2420.91 7070.65
1306000 2332.7 2316.07 2433.64 7082.41
1308000 2340.73 2319.57 2437.3 7097.6
1310000 2345.37 2320.89 2436.48 7102.74
1312000 2349.74 2331.71 2431.41 7112.86
1314000 2347.43 2339.64 2430 7117.07
1316000 2348.48 2345.92 2434.9 7129.3
1318000 2346.54 2352.73 2432.62 7131.9
1320000 2338.42 2359.34 2432.39 7130.15
1322000 2328.3 2369.8 2436.96 7135.05
1324000 2330.88 2371.95 2438.44 7141.26
1326000 2339.3 2374.32 2440.01 7153.63
1328000 2337.53 2384.76 2437.55 7159.84
1330000 2338.71 2385.82 2440.33 7164.86
1332000 2341.54 2380.47 2444.22 7166.23
1334000 2343.23 2386.74 2453.14 7183.12
1336000 2352.51 2391.6 2451.69 7195.8
1338000 2347.89 2399.21 2453.61 7200.71
1340000 2358.67 2411.41 2459.75 7229.83
1342000 2365.77 2410.11 2462.15 7238.03
1344000 2368.13 2413.81 2466.75 7248.69
1346000 2378.59 2425.14 2474.59 7278.32
1348000 2377.92 2432.11 2485.12 7295.15
1350000 2380.3 2430.76 2482.18 7293.23
1352000 2380.3 2436.38 2483.72 7300.39
1354000 2381.99 2445.08 2485.99 7313.05
1356000 2384.87 2448.95 2482.3 7316.12
1358000 2393.67 2442.66 2498.67 7335
1360000 2401.42 2448.96 2503.24 7353.62
1362000 2411.9 2453.39 2502.24 7367.53
1364000 2421.62 2453.19 2499.06 7373.87
1366000 2422.31 2464.32 2510.98 7397.61
1368000 2423.99 2468.89 2510.19 7403.06
1370000 2425.28 2467.76 2516.63 7409.67
1372000 2433.77 2477.11 2521.43 7432.31
1374000 2439.39 2477.31 2519.47 7436.17
1376000 2443.73 2485.72 2521.13 7450.58
1378000 2443.55 2487.07 2518.79 7449.4
1380000 2451.31 2489.28 2529.21 7469.8
1382000 2452.96 2490.52 2537.2 7480.68
1384000 2459.93 2490.77 2542.85 7493.55
1386000 2471 2491.79 2543.65 7506.44
1388000 2473.8 2491.72 2545.88 7511.4
1390000 2477.23 2486.39 2541.59 7505.21
1392000 2481.21 2486.82 2549.72 7517.75
1394000 2481.79 2491.89 2552.65 7526.33
1396000 2480.6 2490.2 2554.82 7525.62
1398000 2475.5 2493.6 2555.42 7524.52
1400000 2480.62 2500.37 2561.12 7542.11
1402000 2491.26 2501.84 2562.11 7555.21
1404000 2496.48 2508.45 2563.51 7568.44
1406000 2499.7 2507.52 2573.94 7581.16
1408000 2505 2507.91 2571.53 7584.44
1410000 2513.75 2506.26 2586.95 7606.96
1412000 2516.79 2509.88 2595.97 7622.65
1414000 2520.12 2509.7 2600.36 7630.18
1416000 2527.06 2527.46 2603.35 7657.86
1418000 2526.43 2533.82 2606.89 7667.14
1420000 2527.61 2539.8 2606.31 7673.72
1422000 2537.33 2555.08 2600.6 7693.01
1424000 2547.88 2558.39 2602.39 7708.67
1426000 2554.77 2565.66 2603.72 7724.15
1428000 2555.34 2564.79 2610.92 7731.05
1430000 2557.54 2574.89 2610.06 7742.49
1432000 2557.7 2576.3 2616.49 7750.49
1434000 2556.55 2574.77 2618.98 7750.3
1436000 2559.66 2584.06 2626.65 7770.37
1438000 2563.17 2580.36 2624.16 7767.69
1440000 2571.01 2577.95 2631.9 7780.86
1442000 2569.8 2585.27 2629.77 7784.83
1444000 2569.74 2589.38 2636.08 7795.2
1446000 2575.64 2596.59 2656.18 7828.41
1448000 2577.39 2602.57 2663.81 7843.77
1450000 2575.44 2602.03 2666.57 7844.05
1452000 2570.15 2602.63 2663.77 7836.54
1454000 2566.93 2601.3 2659.58 7827.81
1456000 2563.18 2617.69 2671.12 7852
1458000 2562.17 2614.98 2671.13 7848.28
1460000 2571.63 2620.44 2674.1 7866.17
1462000 2579.17 2618.62 2669.3 7867.09
1464000 2577.45 2626.54 2674.86 7878.86
1466000 2584.89 2640.63 2689.16 7914.68
1468000 2588.58 2642.18 2701.49 7932.25
1470000 2595.95 2643.9 2709.9 7949.75
1472000 2596.64 2648.06 2710.55 7955.24
1474000 2586.73 2653.58 2721.26 7961.57
1476000 2593.51 2653.37 2721.96 7968.85
1478000 2602.2 2647.86 2720.63 7970.69
1480000 2605.82 2649.53 2720.15 7975.5
1482000 2613.03 2655.98 2724.86 7993.86
1484000 2624.11 2656.66 2728.19 8008.96
1486000 2625.31 2662.33 2736.97 8024.62
1488000 2638.43 2672.81 2743.16 8054.4
1490000 2634.91 2676.19 2738.09 8049.2
1492000 2640 2676.2 2742.97 8059.17
1494000 2646.35 2679.25 2738.92 8064.51
1496000 2651.66 2685.94 2734.94 8072.55
1498000 2656.55 2685.76 2732.38 8074.69
1500000 2657.9 2686.06 2727.86 8071.82
1502000 2657.28 2694.78 2734.47 8086.53
1504000 2664.4 2693.84 2734.94 8093.18
1506000 2665.95 2693.27 2737.54 8096.76
1508000 2676.72 2703.82 2738.76 8119.31
1510000 2680.41 2711.43 2743.48 8135.32
1512000 2681.15 2718.87 2750.02 8150.03
1514000 2686.33 2713.65 2751.73 8151.71
1516000 2695.56 2712.68 2756.02 8164.26
1518000 2697.02 2710.21 2756.79 8164.02
1520000 2700.28 2715.33 2761.88 8177.49
1522000 2714.82 2720.29 2766.08 8201.19
1524000 2716.43 2720.23 2758.73 8195.4
1526000 2722.54 2723.64 2756.66 8202.84
1528000 2721.5 2734.49 2762.54 8218.52
1530000 2727.51 2740.21 2763.94 8231.66
1532000 2727.35 2745 2765.6 8237.94
1534000 2734.59 2744.91 2769.25 8248.75
1536000 2739.28 2747.56 2773.99 8260.83
1538000 2739.21 2757.5 2777.86 8274.56
1540000 2744.63 2758.47 2775.49 8278.59
1542000 2744.89 2763.02 2773.81 8281.71
1544000 2746.05 2768.59 2768.51 8283.16
1546000 2750.32 2774.37 2774.55 8299.24
1548000 2758.43 2782.98 2775.26 8316.66
1550000 2762.99 2779.47 2780.66 8323.11
1552000 2768.01 2777.84 2779.48 8325.33
1554000 2772.28 2779.53 2785.3 8337.11
1556000 2775.41 2783.51 2789.4 8348.32
1558000 2773.04 2801.4 2798.76 8373.2
1560000 2775.88 2805.01 2799.83 8380.73
1562000 2780.78 2813.92 2804.55 8399.26
1564000 2784.58 2819.76 2806.08 8410.42
1566000 2784.95 2829.72 2805.79 8420.46
1568000 2788.4 2841.98 2806.74 8437.12
1570000 2788.41 2842.76 2809.03 8440.2
1572000 2791.44 2845.96 2813.77 8451.17
1574000 2791.19 2845.07 2820.54 8456.79
1576000 2797.41 2849.46 2828.48 8475.36
1578000 2811 2846.49 2830.17 8487.66
1580000 2810.46 2851.98 2831.34 8493.78
1582000 2811.79 2853.19 2836.24 8501.22
1584000 2815.52 2862.11 2837.57 8515.2
1586000 2820.31 2873.42 2835.99 8529.72
1588000 2819.44 2879.7 2842.21 8541.35
1590000 2826.22 2887.18 2847.29 8560.68
1592000 2823.3 2896.41 2857.89 8577.61
1594000 2820.73 2893.41 2860.86 8575
1596000 2820.03 2892.86 2864.96 8577.84
1598000 2816.97 2889.57 2866.74 8573.28
1600000 2820.17 2895.43 2873.54 8589.14
1602000 2831.74 2909.72 2878.13 8619.58
1604000 2836.66 2905.48 2875.13 8617.27
1606000 2841.6 2910.19 2873.74 8625.52
1608000 2847.62 2912.63 2879.68 8639.93
1610000 2856.03 2913.13 2888.81 8657.98
1612000 2865.33 2920.15 2889.88 8675.35
1614000 2865.92 2916.37 2905.22 8687.51
1616000 2860.76 2918.56 2910.27 8689.59
1618000 2876.34 2928.75 2912.12 8717.21
1620000 2873.27 2939.56 2911.09 8723.92
1622000 2872.39 2935.93 2912.58 8720.9
1624000 2877.49 2936.93 2915.6 8730.02
1626000 2876.15 2937.57 2911.16 8724.89
1628000 2887.92 2944.8 2916.04 8748.76
1630000 2885.44 2945.65 2919.22 8750.31
1632000 2893.33 2946.08 2919.47 8758.88
1634000 2913.11 2949.85 2912.14 8775.11
1636000 2909.85 2950.72 2914.69 8775.25
1638000 2915.23 2956.17 2911.09 8782.49
1640000 2915.95 2960.48 2910.33 8786.75
1642000 2919.88 2962.58 2921.89 8804.35
1644000 2929.51 2957.74 2921.08 8808.34
1646000 2934.72 2960.83 2920.2 8815.75
1648000 2926.02 2962.94 2926.62 8815.58
1650000 2930.48 2962.67 2925.54 8818.7
1652000 2930.62 2953.1 2933.24 8816.95
1654000 2937.41 2961.88 2942.29 8841.57
1656000 2944.59 2967.36 2943.38 8855.33
1658000 2949.97 2968.58 2941.57 8860.12
1660000 2959.62 2967.1 2959.98 8886.7
1662000 2961.09 2967.78 2957.51 8886.38
1664000 2966.69 2971.33 2965.6 8903.62
1666000 2971.86 2968.27 2976.73 8916.85
1668000 2968.29 2960.26 2997.28 8925.83
1670000 2974 2965.41 3000.79 8940.21
1672000 2970.55 2972.38 3001.45 8944.39
1674000 2975.64 2981.57 3009.38 8966.59
1676000 2980.44 2997.15 3017.98 8995.57
1678000 2984.89 3000.37 3017.68 9002.94
1680000 2987.11 3006.84 3023.82 9017.77
1682000 2994.86 3012.94 3026.17 9033.97
1684000 3003.75 3016.14 3028.48 9048.36
1686000 3004.08 3017.91 3031.76 9053.75
1688000 3010.18 3014.04 3030.92 9055.14
1690000 3008.8 3021.75 3035.49 9066.04
1692000 3003.31 3023.59 3032.26 9059.16
1694000 3017.88 3025.48 3038.97 9082.32
1696000 3018.21 3027.9 3043.3 9089.41
1698000 3021.48 3029.66 3058.9 9110.04
1700000 3029.32 3026.52 3062.66 9118.51
1702000 3027.31 3030.78 3063.01 9121.1
1704000 3040.5 3038.49 3072.57 9151.56
1706000 3046.91 3042.41 3081.12 9170.44
1708000 3054.67 3046.49 3073.86 9175.02
1710000 3057.62 3053.52 3084.1 9195.23
1712000 3071.14 3051.53 3093.58 9216.25
1714000 3073.42 3057.42 3105.83 9236.67
1716000 3077.11 3061.9 3114.59 9253.6
1718000 3080.14 3067.32 3127.71 9275.18
1720000 3085.91 3070.14 3121.74 9277.8
1722000 3087.97 3073.69 3138.92 9300.58
1724000 3083.43 3081.99 3136.99 9302.41
1726000 3096.56 3081.79 3131.92 9310.27
1728000 3097.58 3083.42 3134.52 9315.52
1730000 3095.11 3089.99 3134.74 9319.84
1732000 3100.79 3099.35 3139.46 9339.6
1734000 3113.12 3104.69 3141.37 9359.18
1736000 3127.84 3105.39 3151.01 9384.24
1738000 3123.82 3108.6 3150.86 9383.28
1740000 3133.43 3107.99 3149.74 9391.17
1742000 3134.92 3105.63 3150.62 9391.17
1744000 3137.36 3103.31 3151.45 9392.12
1746000 3140.64 3107.34 3148.3 9396.28
1748000 3152.95 3122.2 3150.63 9425.78
1750000 3148.13 3121.57 3158.18 9427.89
1752000 3161.61 3126.58 3164.32 9452.51
1754000 3162.78 3135.99 3167.26 9466.03
1756000 3159.89 3132.08 3169.59 9461.56
1758000 3168.66 3129.78 3170.08 9468.52
1760000 3176.72 3137.08 3169.32 9483.12
1762000 3180.43 3136.58 3171.66 9488.67
1764000 3185.15 3137.21 3175.71 9498.06
1766000 3189.75 3141.28 3175.96 9506.99
1768000 3185.67 3142.19 3179.86 9507.72
1770000 3194.46 3138.46 3181.41 9514.33
1772000 3196.86 3134.91 3189.43 9521.2
1774000 3204.62 3149.1 3185.43 9539.15
1776000 3209.92 3152.37 3188.44 9550.73
1778000 3212.72 3163.25 3196.69 9572.66
1780000 3206.77 3174.52 3200.34 9581.63
1782000 3208.59 3179.2 3203.17 9590.96
1784000 3217.19 3182.78 3211.35 9611.31
1786000 3221.85 3184.22 3217.02 9623.1
1788000 3231.77 3183.97 3212.99 9628.72
1790000 3230.79 3192.73 3215.13 9638.65
1792000 3224.23 3200.34 3215.38 9639.95
1794000 3234.54 3205.59 3223.14 9663.28
1796000 3244.24 3212.88 3237.18 9694.29
1798000 3244.43 3218.37 3234.48 9697.28
1800000 3241.12 3217.59 3241.68 9700.4
1802000 3245.8 3229.2 3243.41 9718.42
1804000 3246.74 3227.39 3237.85 9711.98
1806000 3243.33 3242.07 3243.9 9729.3
1808000 3233.81 3241.29 3253.35 9728.45
1810000 3245 3243.56 3259.01 9747.57
1812000 3249.82 3242.28 3262.27 9754.37
1814000 3257.3 3249.7 3262.66 9769.66
1816000 3260.82 3257.22 3267.67 9785.71
1818000 3270.92 3258.23 3274.85 9804
1820000 3269.36 3270.59 3277.71 9817.66
1822000 3275.66 3277.13 3275.91 9828.7
1824000 3271.16 3284.09 3279.85 9835.11
1826000 3276.4 3292.17 3283.1 9851.68
1828000 3281.11 3295.64 3291.99 9868.74
1830000 3277.49 3299.08 3296.39 9872.95
1832000 3282.84 3300.1 3303.75 9886.69
1834000 3294.61 3310.41 3315.81 9920.82
1836000 3298.11 3315.91 3313.45 9927.47
1838000 3309.57 3322.28 3323.22 9955.07
1840000 3309.26 3332.37 3336 9977.63
1842000 3307.7 3343.33 3338.27 9989.31
1844000 3313.17 3347.77 3345.39 10006.3
1846000 3322.42 3349.29 3344.68 10016.4
1848000 3324.05 3353.73 3346.47 10024.2
1850000 3334.6 3363.04 3359.36 10057
1852000 3338.3 3367.51 3356.46 10062.3
1854000 3337.6 3370.28 3367.43 10075.3
1856000 3340.48 3382.62 3375.77 10098.9
1858000 3354.6 3391.66 3375.72 10122
1860000 3367.12 3399.24 3372.31 10138.7
1862000 3376.63 3409.3 3385.71 10171.6
1864000 3380.1 3408.58 3382.65 10171.3
1866000 3378.55 3412.76 3392.03 10183.3
1868000 3386.13 3406.73 3399.82 10192.7
1870000 3391.98 3403.68 3406.85 10202.5
1872000 3398.99 3397.46 3411.42 10207.9
1874000 3403.69 3401.12 3412.69 10217.5
1876000 3399.96 3415.47 3415.85 10231.3
1878000 3401.04 3424.68 3420.23 10246
1880000 3397.53 3420.6 3434.17 10252.3
1882000 3402.32 3424.61 3440.86 10267.8
1884000 3401.44 3419.66 3439.66 10260.8
1886000 3408.07 3421.09 3448.97 10278.1
1888000 3416.12 3428.04 3445.08 10289.2
1890000 3411.79 3436.07 3448.14 10296
1892000 3416.29 3436.59 3448.53 10301.4
1894000 3416.82 3440.48 3456.85 10314.2
1896000 3414.74 3445.08 3462.51 10322.3
1898000 3424.51 3443.17 3461.93 10329.6
1900000 3428.06 3445.47 3464.26 10337.8
1902000 3436.47 3445.73 3465.76 10348
1904000 3437.71 3457.55 3459.19 10354.5
1906000 3446.79 3460.37 3465.48 10372.6
1908000 3451.15 3467.23 3470.43 10388.8
1910000 3458.57 3472.31 3476.07 10406.9
1912000 3473.31 3473.83 3479.58 10426.7
1914000 3473.25 3482.23 3479.45 10434.9
1916000 3472.88 3484.13 3477.62 10434.6
1918000 3475.62 3492.63 3471.5 10439.8
1920000 3475.49 3493.62 3468.53 10437.6
1922000 3474.94 3490.16 3472.07 10437.2
1924000 3467.82 3487.85 3474 10429.7
1926000 3461.49 3487.48 3472.12 10421.1
1928000 3471.97 3491.38 3479.83 10443.2
1930000 3472.65 3488.28 3482.99 10443.9
1932000 3474.58 3488.95 3485.16 10448.7
1934000 3479.53 3490.99 3484.33 10454.9
1936000 3489.29 3499.42 3491.37 10480.1
1938000 3493.4 3501.55 3500.82 10495.8
1940000 3502.42 3499.34 3499.69 10501.4
1942000 3499.83 3514.83 3506.47 10521.1
1944000 3503.63 3531.96 3513.87 10549.5
1946000 3507.73 3533.73 3521.96 10563.4
1948000 3507.6 3541.63 3533.08 10582.3
1950000 3503.29 3549.52 3529.59 10582.4
1952000 3500.03 3547.03 3520.23 10567.3
1954000 3494.03 3546.56 3517.73 10558.3
1956000 3494.95 3556.33 3515.8 10567.1
1958000 3501.56 3552.09 3521.48 10575.1
1960000 3497.61 3561.76 3523.73 10583.1
1962000 3503.86 3564.41 3531.81 10600.1
1964000 3502.52 3566.37 3543.82 10612.7
1966000 3508.79 3568.83 3547.64 10625.3
1968000 3525.94 3574.69 3558.8 10659.4
1970000 3526.81 3573.05 3565.42 10665.3
1972000 3526.79 3583.79 3564.62 10675.2
1974000 3529.48 3591.98 3561.4 10682.9
1976000 3541.31 3596.54 3558.42 10696.3
1978000 3544.81 3595.68 3557.06 10697.5
1980000 3555.38 3599.35 3558.31 10713
1982000 3562.87 3617.84 3560.07 10740.8
1984000 3563.14 3622.08 3569.45 10754.7
1986000 3565.84 3626.34 3579.4 10771.6
1988000 3573.42 3628.06 3585.6 10787.1
1990000 3584.71 3628.06 3586.55 10799.3
1992000 3583.48 3636.83 3582.9 10803.2
1994000 3588.22 3641.26 3581.69 10811.2
1996000 3587.15 3642.78 3592.23 10822.2
1998000 3596.47 3643.77 3603.37 10843.6
2000000 3602.13 3653.11 3614.02 10869.3
