# integrated auto-correlation of: jx jy jz avg
0 0 0 0 0
0.00505051 0.00082292 0.000819284 0.000816678 0.000819627
0.010101 0.00158266 0.0015751 0.00157009 0.00157595
0.0151515 0.00223964 0.00222773 0.00222073 0.00222937
0.020202 0.00278382 0.00276724 0.00275877 0.00276994
0.0252525 0.00322559 0.00320425 0.00319472 0.00320819
0.030303 0.00358388 0.00355803 0.00354749 0.00356314
0.0353535 0.003878 0.0038481 0.00383614 0.00385408
0.040404 0.00412378 0.00409036 0.00407611 0.00409675
0.0454545 0.0043328 0.00429632 0.00427869 0.0043026
0.0505051 0.00451314 0.00447406 0.00445194 0.00447971
0.0555556 0.00467043 0.00462938 0.00460185 0.00463389
0.0606061 0.00480872 0.00476656 0.00473294 0.00476941
0.0656566 0.00493085 0.00488866 0.00484856 0.00488936
0.0707071 0.00503888 0.00499776 0.00495106 0.0049959
0.0757576 0.00513433 0.00509524 0.00504207 0.00509054
0.0808081 0.0052185 0.00518219 0.00512285 0.00517451
0.0858586 0.00529266 0.00525968 0.0051946 0.00524898
0.0909091 0.00535807 0.00532892 0.00525858 0.00531519
0.0959596 0.00541592 0.00539124 0.0053161 0.00537442
0.10101 0.00546721 0.00544784 0.00536833 0.00542779
0.106061 0.00551279 0.00549961 0.0054162 0.0054762
0.111111 0.00555333 0.00554716 0.00546037 0.00552029
0.116162 0.0055894 0.00559082 0.00550127 0.00556049
0.121212 0.00562152 0.00563079 0.00553911 0.00559714
0.126263 0.00565029 0.00566725 0.00557402 0.00563052
0.131313 0.00567631 0.00570033 0.00560607 0.0056609
0.136364 0.0057002 0.00573013 0.00563529 0.00568854
0.141414 0.00572244 0.00575683 0.00566178 0.00571368
0.146465 0.00574334 0.00578071 0.00568566 0.00573657
0.151515 0.00576303 0.00580216 0.0057072 0.00575747
0.156566 0.00578148 0.00582166 0.0057268 0.00577664
0.161616 0.00579854 0.00583957 0.00574492 0.00579434
0.166667 0.00581401 0.00585614 0.00576203 0.00581073
0.171717 0.00582774 0.00587153 0.00577847 0.00582591
0.176768 0.00583968 0.00588577 0.00579441 0.00583995
0.181818 0.00584994 0.0058988 0.00580987 0.00585287
0.186869 0.0058587 0.00591046 0.00582475 0.00586464
0.191919 0.00586614 0.00592059 0.00583891 0.00587521
0.19697 0.00587238 0.00592921 0.00585217 0.00588459
0.20202 0.00587751 0.00593655 0.00586442 0.00589283
0.207071 0.00588163 0.00594295 0.00587559 0.00590006
0.212121 0.00588487 0.00594875 0.00588576 0.00590646
0.217172 0.00588742 0.00595418 0.00589509 0.00591223
0.222222 0.0058894 0.00595935 0.00590381 0.00591752
0.227273 0.00589092 0.00596429 0.00591215 0.00592245
0.232323 0.00589206 0.00596901 0.00592037 0.00592715
0.237374 0.00589296 0.00597346 0.00592872 0.00593171
0.242424 0.00589373 0.00597754 0.00593745 0.00593624
0.247475 0.0058945 0.00598103 0.00594667 0.00594073
0.252525 0.00589529 0.0059836 0.00595633 0.00594507
0.257576 0.00589612 0.00598499 0.00596617 0.00594909
0.262626 0.00589701 0.00598508 0.00597578 0.00595263
0.267677 0.00589802 0.00598401 0.00598473 0.00595559
0.272727 0.00589925 0.00598206 0.00599267 0.00595799
0.277778 0.00590077 0.00597956 0.00599945 0.00595993
0.282828 0.00590256 0.00597679 0.00600516 0.0059615
0.287879 0.00590448 0.00597391 0.00601002 0.0059628
0.292929 0.00590632 0.00597103 0.00601428 0.00596388
0.29798 0.00590792 0.00596816 0.00601814 0.00596474
0.30303 0.00590921 0.00596511 0.00602166 0.00596533
0.308081 0.00591018 0.00596156 0.00602478 0.00596551
0.313131 0.00591094 0.00595718 0.00602736 0.00596516
0.318182 0.00591171 0.00595175 0.00602924 0.00596423
0.323232 0.00591272 0.00594525 0.00603029 0.00596276
0.328283 0.00591421 0.00593784 0.00603052 0.00596085
0.333333 0.00591626 0.00592979 0.00602997 0.00595867
0.338384 0.00591885 0.00592146 0.00602881 0.00595637
0.343434 0.00592193 0.00591319 0.00602727 0.00595413
0.348485 0.00592543 0.0059052 0.00602572 0.00595212
0.353535 0.00592924 0.00589764 0.0060245 0.00595046
0.358586 0.00593321 0.00589052 0.00602385 0.0059492
0.363636 0.00593722 0.00588379 0.00602385 0.00594829
0.368687 0.00594122 0.00587736 0.0060244 0.00594766
0.373737 0.00594529 0.00587113 0.00602523 0.00594722
0.378788 0.00594964 0.00586503 0.00602601 0.00594689
0.383838 0.00595459 0.00585904 0.00602642 0.00594669
0.388889 0.00596048 0.00585317 0.00602626 0.00594664
0.393939 0.00596749 0.00584745 0.00602551 0.00594681
0.39899 0.00597558 0.00584194 0.00602436 0.00594729
0.40404 0.00598454 0.00583668 0.00602316 0.00594813
0.409091 0.00599408 0.0058316 0.00602227 0.00594932
0.414141 0.0060039 0.00582651 0.00602194 0.00595078
0.419192 0.00601372 0.00582112 0.00602218 0.00595234
0.424242 0.0060234 0.00581517 0.00602288 0.00595382
0.429293 0.00603298 0.0058086 0.0060238 0.00595513
0.434343 0.00604265 0.00580149 0.0060247 0.00595628
0.439394 0.0060526 0.00579401 0.00602537 0.00595733
0.444444 0.00606287 0.00578631 0.00602555 0.00595825
0.449495 0.0060733 0.00577859 0.00602505 0.00595898
0.454545 0.00608364 0.00577106 0.0060237 0.00595947
0.459596 0.00609367 0.00576394 0.00602149 0.0059597
0.464646 0.00610326 0.00575739 0.00601856 0.00595974
0.469697 0.0061123 0.00575149 0.00601524 0.00595968
0.474747 0.00612068 0.00574625 0.00601193 0.00595962
0.479798 0.00612831 0.00574158 0.00600903 0.00595964
0.484848 0.0061351 0.00573731 0.00600678 0.00595973
0.489899 0.00614099 0.00573316 0.00600526 0.0059598
0.494949 0.00614594 0.00572883 0.0060044 0.00595972
0.5 0.00614994 0.00572407 0.00600413 0.00595938
