# Time-averaged data for fix savemsd
# TimeStep c_msd[1] c_msd[2] c_msd[3] c_msd[4]
0 6.07715e-32 1.49591e-32 1.58941e-32 9.16247e-32
2000 3.97304 4.32698 3.89124 12.1913
4000 8.27352 8.27911 8.21192 24.7646
6000 12.2942 12.4759 12.776 37.5461
8000 16.1071 16.5006 17.6307 50.2384
10000 19.9511 21.136 21.4778 62.5649
12000 23.9922 26.1957 26.3868 76.5746
14000 27.7031 30.2657 30.4386 88.4074
16000 32.5177 34.8512 34.6658 102.035
18000 36.7052 38.1624 39.005 113.873
20000 40.6785 42.1828 42.3099 125.171
22000 44.6847 45.837 46.241 136.763
24000 48.6165 50.088 50.4519 149.156
26000 52.2033 54.9959 54.9067 162.106
28000 57.1519 58.7365 58.7673 174.656
30000 62.4624 62.1107 63.1895 187.763
32000 67.5233 67.4264 67.9357 202.885
34000 70.6413 71.5078 73.155 215.304
36000 75.6435 74.753 77.4327 227.829
38000 79.624 78.6382 82.3159 240.578
40000 84.7207 82.7827 86.1867 253.69
42000 89.4056 87.1828 89.077 265.665
44000 94.1872 90.9591 93.6286 278.775
46000 97.4936 94.0688 98.8276 290.39
48000 101.517 96.8417 103.038 301.397
50000 106.637 100.82 108.177 315.634
52000 110.226 105.512 112.369 328.107
54000 114.015 109.103 117.542 340.66
56000 119.24 113.438 122.147 354.825
58000 123.257 117.882 125.112 366.25
60000 126.884 123.067 129.405 379.356
62000 131.652 127.696 134.196 393.545
64000 135.742 132.897 138.19 406.829
66000 139.598 136.285 143.239 419.122
68000 142.78 139.716 149.237 431.734
70000 146.922 144.469 153.463 444.855
72000 151.728 149.403 157.738 458.869
74000 156.181 151.618 160.67 468.469
76000 160.151 154.556 163.488 478.195
78000 163.97 158.304 169.138 491.412
80000 169.926 162.071 174.132 506.129
82000 174.075 165.642 177.268 516.985
84000 176.799 170.908 179.667 527.375
86000 180.706 175.963 182.711 539.38
88000 183.338 179.683 187.464 550.485
90000 186.481 182.176 190.903 559.56
92000 189.846 186.948 194.472 571.266
94000 194.02 190.313 197.311 581.644
96000 198.319 196.81 200.785 595.914
98000 201.342 201.804 203.073 606.22
100000 204.932 205.926 207.689 618.547
102000 210.709 209.651 212.984 633.344
104000 213.944 212.717 214.738 641.398
106000 219.39 216.604 219.245 655.239
108000 222.104 221.859 224.347 668.31
110000 227.383 226.669 228.606 682.658
112000 233.151 231.949 232.64 697.739
114000 237.324 236.023 236.219 709.566
116000 240.04 240.827 238.552 719.419
118000 245.746 244.03 242.134 731.91
120000 249.937 250.791 245.697 746.424
122000 254.087 253.87 249.192 757.15
124000 259.269 258.293 254.546 772.108
126000 264.602 263.103 259.714 787.419
128000 268.79 266.344 263.065 798.198
130000 273.835 269.34 265.424 808.599
132000 278.569 274.527 270.021 823.116
134000 282.344 279.746 274.325 836.414
136000 289.056 283.599 279.201 851.856
138000 294.619 287.101 282.504 864.224
140000 299.924 290.86 287.785 878.57
142000 303.866 295.117 291.739 890.722
144000 307.791 296.781 295.906 900.477
146000 314.971 298.836 301.002 914.809
148000 319.949 302.232 302.985 925.166
150000 322.079 308.432 307.655 938.166
152000 326.178 313.567 312.581 952.326
154000 332.467 316.156 317.554 966.177
156000 336.799 321.549 322.257 980.606
158000 339.508 323.735 326.642 989.885
160000 346.51 331.991 332.072 1010.57
162000 347.905 337.931 335.093 1020.93
164000 352.665 341.817 340.928 1035.41
166000 355.794 346.506 343.782 1046.08
168000 359.772 350.971 346.266 1057.01
170000 366.366 354.561 350.036 1070.96
172000 370.447 358.217 355.126 1083.79
174000 374.41 362.919 361.047 1098.38
176000 380.252 368.251 366.057 1114.56
178000 383.849 372.003 369.399 1125.25
180000 386.606 373.191 373.276 1133.07
182000 389.977 377.326 375.529 1142.83
184000 393.761 383.812 379.739 1157.31
186000 396.945 390.133 383.553 1170.63
188000 401.538 394.03 386.778 1182.35
190000 405.289 399.167 389.422 1193.88
192000 410.805 400.682 393.281 1204.77
194000 417.149 407.286 396.953 1221.39
196000 420.47 412.984 401.291 1234.74
198000 426.493 418.523 404.635 1249.65
200000 431.822 422.372 408.505 1262.7
202000 435.134 429.043 413.746 1277.92
204000 439.914 433.063 419.645 1292.62
206000 443.606 434.537 424.002 1302.14
208000 447.539 439.498 426.701 1313.74
210000 452.838 441.205 432.266 1326.31
212000 455.237 442.781 437.344 1335.36
214000 458.357 447.628 442.137 1348.12
216000 462.316 453.116 445.529 1360.96
218000 467.306 458.288 450.398 1375.99
220000 470.585 462.101 456.102 1388.79
222000 474.83 463.825 461.794 1400.45
224000 479.313 468.77 464.089 1412.17
226000 481.962 471.673 468.317 1421.95
228000 486.392 478.975 472.279 1437.65
230000 489.199 482.825 473.793 1445.82
232000 494.661 484.774 478.771 1458.21
234000 498.714 489.133 483.007 1470.85
236000 501.168 493.001 487.512 1481.68
238000 506.653 499.243 493.911 1499.81
240000 512.34 501.914 495.615 1509.87
242000 517.204 504.506 498.225 1519.93
244000 522.759 508.068 502.265 1533.09
246000 525.906 514.549 508.774 1549.23
248000 527.595 517.162 514.842 1559.6
250000 531.225 520.575 519.826 1571.63
252000 536.093 521.983 525.168 1583.24
254000 543.321 525.728 529.446 1598.49
256000 547.095 534.569 534.714 1616.38
258000 550.547 539.804 538.942 1629.29
260000 552.982 542.004 541.627 1636.61
262000 557.547 546.568 542.525 1646.64
264000 560.284 550.877 548.71 1659.87
266000 563.971 553.118 549.813 1666.9
268000 569.108 556.581 552.881 1678.57
270000 573.423 559.863 557.546 1690.83
272000 576.792 565.285 566.2 1708.28
274000 580.59 571.335 570.65 1722.58
276000 584.857 574.617 574.779 1734.25
278000 587.434 580.505 580.813 1748.75
280000 595.201 585.359 583.468 1764.03
282000 599.983 589.199 585.891 1775.07
284000 605.725 590.64 591.069 1787.43
286000 609.879 595.709 596.783 1802.37
288000 614.766 601.745 604.056 1820.57
290000 619.185 606.128 606.648 1831.96
292000 622.192 610.815 612.502 1845.51
294000 627.269 613.156 615.438 1855.86
296000 631.529 620.918 620.706 1873.15
298000 636.144 620.577 626.041 1882.76
300000 642.444 621.585 630.54 1894.57
302000 646.065 626.063 633.369 1905.5
304000 649.43 628.953 639.055 1917.44
306000 654.531 632.603 643.062 1930.2
308000 654.109 634.385 645.397 1933.89
310000 658.636 639.402 652.17 1950.21
312000 663.442 645.83 657.275 1966.55
314000 670.269 654.165 661.303 1985.74
316000 674.932 657.69 662.716 1995.34
318000 675.912 661.199 665.653 2002.76
320000 683.43 667.836 671.033 2022.3
322000 688.692 672.271 673.44 2034.4
324000 695.314 677.919 675.923 2049.16
326000 696.982 676.817 681.719 2055.52
328000 703.168 681.107 684.527 2068.8
330000 708.053 686.881 686.292 2081.23
332000 710.962 689.746 689.731 2090.44
334000 714.994 696.333 691.98 2103.31
336000 713.989 702.268 694.198 2110.45
338000 719.696 705.762 697.834 2123.29
340000 722.26 711.383 700.945 2134.59
342000 725.466 717.649 703.973 2147.09
344000 731.261 723.49 710.286 2165.04
346000 735.086 726.387 716.461 2177.93
348000 740.559 732.906 721.403 2194.87
350000 742.95 734.069 723.788 2200.81
352000 748.322 739.257 726.912 2214.49
354000 751.431 742.769 733.46 2227.66
356000 757.225 745.528 739.823 2242.58
358000 759.496 748.646 742.974 2251.12
360000 765.577 754.618 748.423 2268.62
362000 772.421 760.899 752.24 2285.56
364000 776.516 765.151 751.323 2292.99
366000 781.358 768.915 757.315 2307.59
368000 785.01 770.583 763.515 2319.11
370000 790.652 776.802 769.45 2336.9
372000 790.609 781.023 773.138 2344.77
374000 796.63 786.067 777.909 2360.61
376000 798.367 790.329 779.025 2367.72
378000 802.338 793.357 782.641 2378.34
380000 807.384 798.821 783.839 2390.04
382000 810.377 802.75 785.819 2398.95
384000 816.711 808.812 788.346 2413.87
386000 822.025 812.572 795.218 2429.82
388000 830.911 815.234 798.22 2444.36
390000 831.218 819.707 804.267 2455.19
392000 833.715 822.913 806.082 2462.71
394000 837.871 829.126 808.618 2475.61
396000 837.226 833.516 811.426 2482.17
398000 844.456 840.564 814.62 2499.64
400000 848.88 847.986 817.931 2514.8
402000 854.006 853.914 826.191 2534.11
404000 860.136 858.136 830.266 2548.54
406000 861.821 863.432 832.92 2558.17
408000 867.179 868.087 835.279 2570.54
410000 870.565 876.99 840.24 2587.79
412000 873.831 881.856 847.264 2602.95
414000 877.506 883.825 850.386 2611.72
416000 879.315 887.963 849.064 2616.34
418000 880.191 893.886 852.619 2626.7
420000 885.132 899.713 855.836 2640.68
422000 891.873 905.111 861.222 2658.21
424000 894.041 909.214 866.28 2669.54
426000 897.526 912.607 869.639 2679.77
428000 902.439 916.464 878.094 2697
430000 904.913 922.219 880.671 2707.8
432000 906.874 923.613 883.918 2714.41
434000 911.752 928.503 889.792 2730.05
436000 913.849 935.196 893.375 2742.42
438000 920.344 936.47 897.158 2753.97
440000 927.079 940.395 899.011 2766.49
442000 935.75 944.831 904.885 2785.47
444000 939.675 950.253 909.079 2799.01
446000 944.937 952.707 916.628 2814.27
448000 949.84 952.874 922.241 2824.95
450000 949.928 956.06 930.148 2836.14
452000 954.047 959.323 937.128 2850.5
454000 958.702 962.248 945.016 2865.97
456000 958.223 965.786 944.321 2868.33
458000 960.782 972.41 949.01 2882.2
460000 961.603 976.582 949.322 2887.51
462000 966.04 977.584 953.118 2896.74
464000 972.234 982.719 955.477 2910.43
466000 976.419 990.557 958.666 2925.64
468000 986.695 991.767 962.698 2941.16
470000 989.109 998.253 965.414 2952.78
472000 997.541 999.366 968.73 2965.64
474000 1003.24 1002.84 972.563 2978.65
476000 1005.74 1006.54 972.26 2984.55
478000 1013.85 1011.27 980.543 3005.67
480000 1021.13 1018.68 986.581 3026.39
482000 1023.64 1023.9 990.166 3037.7
484000 1027.27 1028.79 994.302 3050.36
486000 1027.88 1032.81 996.192 3056.88
488000 1033.69 1036.09 1002.93 3072.71
490000 1038.31 1038.88 1005.29 3082.48
492000 1043.42 1042.96 1011.99 3098.37
494000 1051.32 1048.35 1013.98 3113.65
496000 1056.96 1050.68 1018.75 3126.39
498000 1056.33 1053.56 1019.8 3129.7
500000 1062.19 1054.88 1022.38 3139.45
502000 1065.43 1054.88 1027.33 3147.65
504000 1068.09 1060.56 1032.08 3160.72
506000 1073.03 1065.26 1035.64 3173.93
508000 1082.24 1066.54 1041.71 3190.49
510000 1080.27 1069.23 1042.29 3191.79
512000 1086.18 1075.36 1046.47 3208
514000 1087.67 1077.52 1052.04 3217.23
516000 1092.3 1079.87 1053.37 3225.54
518000 1096.78 1084.23 1055.16 3236.17
520000 1105.77 1086.51 1060.46 3252.74
522000 1109.75 1092.94 1065.39 3268.08
524000 1113.29 1101.93 1075.95 3291.17
526000 1117.21 1106.46 1080.88 3304.54
528000 1124.23 1108.77 1088.9 3321.91
530000 1126.83 1110.12 1092.5 3329.45
532000 1134.91 1113.07 1096.27 3344.25
534000 1144.36 1115.41 1100.23 3360
536000 1148.07 1123.46 1099.78 3371.31
538000 1155.55 1127.68 1104.41 3387.64
540000 1156.18 1131.27 1108.18 3395.63
542000 1159.33 1136.77 1111.98 3408.08
544000 1165.93 1139.46 1117.99 3423.37
546000 1171.54 1144.32 1122.56 3438.42
548000 1173.92 1147.99 1127.48 3449.39
550000 1182.28 1155.35 1135.35 3472.98
552000 1184.68 1157.55 1138.82 3481.06
554000 1189.41 1161.97 1142.34 3493.71
556000 1197.01 1169.03 1144.61 3510.65
558000 1203.01 1170.86 1146.37 3520.23
560000 1208.67 1169.74 1151.28 3529.69
562000 1214.49 1176.26 1155.07 3545.81
564000 1223.9 1179.23 1159.4 3562.52
566000 1231.4 1185.3 1161.03 3577.73
568000 1233.04 1191.18 1168.22 3592.45
570000 1237.2 1194.34 1170.87 3602.42
572000 1244.18 1196.69 1171.64 3612.52
574000 1250.4 1198.2 1176.25 3624.86
576000 1255.98 1206.81 1178.16 3640.95
578000 1264.98 1212.47 1180.79 3658.25
580000 1267.37 1218 1193.1 3678.47
582000 1269.99 1222.27 1198.97 3691.23
584000 1275.44 1225.14 1200.42 3701
586000 1282.18 1226.07 1207.46 3715.71
588000 1284.01 1231.47 1209.29 3724.78
590000 1286.28 1233.62 1214.31 3734.2
592000 1290.81 1238.26 1220.4 3749.47
594000 1298.12 1243.87 1223.75 3765.74
596000 1301.11 1251.54 1227.55 3780.19
598000 1304.36 1255.08 1232.2 3791.63
600000 1311.14 1260.65 1240.51 3812.3
602000 1318.43 1264.44 1243.92 3826.79
604000 1321.97 1266.44 1243.81 3832.22
606000 1326.51 1273.16 1245.92 3845.58
608000 1332.25 1273.66 1248.35 3854.25
610000 1335.29 1279.61 1250.01 3864.91
612000 1340.66 1282.96 1253.87 3877.48
614000 1350.57 1286.37 1259.18 3896.13
616000 1351.71 1288.33 1265.42 3905.46
618000 1358.72 1296.15 1268.43 3923.3
620000 1364.22 1301.64 1278.26 3944.13
622000 1375.04 1309.77 1282.53 3967.34
624000 1384.26 1310.51 1287.56 3982.33
626000 1387.15 1316.37 1294.63 3998.15
628000 1387.31 1319.33 1299.77 4006.4
630000 1390.26 1325.09 1305.11 4020.47
632000 1393.61 1326.28 1307.93 4027.82
634000 1393.22 1331.17 1308.27 4032.66
636000 1401.26 1332.76 1317.96 4051.98
638000 1404.97 1330.62 1320.23 4055.82
640000 1407.76 1334.56 1320.28 4062.6
642000 1416.98 1336.9 1326.16 4080.04
644000 1425.48 1340.49 1323.51 4089.48
646000 1429.48 1351.51 1325.25 4106.25
648000 1437.38 1354.21 1328.14 4119.74
650000 1440.26 1352.63 1332.65 4125.54
652000 1441.61 1357.41 1335.98 4135
654000 1446.21 1360.89 1337.45 4144.55
656000 1455.28 1367.15 1339.07 4161.51
658000 1456.17 1375.46 1347.76 4179.4
660000 1462.8 1380.28 1353.82 4196.91
662000 1470.94 1383.02 1361.16 4215.12
664000 1478.11 1386.21 1364.42 4228.75
666000 1481.06 1390.2 1370.2 4241.46
668000 1488.94 1393.51 1378.28 4260.72
670000 1495.3 1396.2 1378.97 4270.47
672000 1499.66 1400.11 1385.03 4284.8
674000 1505.58 1403.9 1388.25 4297.73
676000 1505.61 1408.25 1393.62 4307.48
678000 1510.6 1419.51 1401.04 4331.15
680000 1514.21 1425.09 1403.25 4342.54
682000 1515.58 1427.7 1406.07 4349.34
684000 1517.46 1427.16 1407.9 4352.53
686000 1521.42 1429.71 1411.74 4362.87
688000 1528.04 1435.57 1413.39 4376.99
690000 1537.71 1442.11 1417.64 4397.45
692000 1542.1 1445.6 1423.01 4410.71
694000 1550.68 1453.27 1427.77 4431.72
696000 1549.56 1457.34 1433.23 4440.14
698000 1559.04 1458.73 1436.53 4454.3
700000 1564.24 1467.94 1442.63 4474.81
702000 1570.97 1471.34 1449.01 4491.33
704000 1572.75 1475.52 1453.42 4501.69
706000 1572.74 1479.39 1461.43 4513.56
708000 1575.52 1484.38 1466.55 4526.45
710000 1577.12 1489.38 1467.47 4533.97
712000 1584.15 1491.47 1470.54 4546.15
714000 1593.3 1490.39 1479.96 4563.64
716000 1598.26 1494.23 1478.65 4571.14
718000 1599.21 1496.18 1481.14 4576.54
720000 1605.9 1500.45 1482.53 4588.88
722000 1613.09 1508.31 1487.23 4608.63
724000 1614.57 1511.47 1492.43 4618.47
726000 1621.58 1513.45 1496.92 4631.95
728000 1625.78 1514.02 1500.13 4639.93
730000 1629.13 1515.59 1504.54 4649.27
732000 1629.65 1521.01 1508.92 4659.57
734000 1631 1526.61 1513.72 4671.33
736000 1637.43 1531.15 1508.83 4677.4
738000 1641.05 1533.45 1510.63 4685.14
740000 1647 1536.93 1523.08 4707.02
742000 1653.73 1539.98 1532.21 4725.92
744000 1654.16 1542.55 1534.96 4731.67
746000 1658.08 1548.54 1538.28 4744.9
748000 1666.03 1554.81 1544.62 4765.46
750000 1671.08 1554.58 1550.45 4776.11
752000 1668.16 1562.9 1553.8 4784.86
754000 1670.74 1569.95 1560.75 4801.44
756000 1675.56 1573.71 1563.89 4813.16
758000 1682.34 1578.33 1565.71 4826.37
760000 1687.11 1581.15 1567.38 4835.64
762000 1693.16 1582.47 1571.71 4847.34
764000 1699.3 1588.95 1574.76 4863.01
766000 1705.87 1591.04 1581.14 4878.05
768000 1708.23 1595.09 1583.8 4887.11
770000 1709.99 1602.26 1584.79 4897.04
772000 1714.62 1608.21 1590.33 4913.17
774000 1723.91 1614.58 1598.46 4936.95
776000 1723.83 1619 1603.84 4946.67
778000 1730.04 1623.1 1603.78 4956.92
780000 1736.99 1624.72 1609.87 4971.57
782000 1739.31 1630.84 1613.11 4983.26
784000 1742.84 1636.48 1616.43 4995.75
786000 1748.49 1645.56 1619.68 5013.73
788000 1753.54 1649.58 1626.08 5029.2
790000 1762.38 1650.36 1631.34 5044.08
792000 1762.67 1655.69 1634.49 5052.85
794000 1770.45 1664.64 1639.63 5074.72
796000 1771.76 1663.03 1643.17 5077.96
798000 1774.05 1667.81 1649.22 5091.08
800000 1781.69 1672.75 1648.39 5102.83
802000 1785.15 1675.93 1648.35 5109.43
804000 1790.22 1680.75 1651.38 5122.36
806000 1794.25 1684.76 1653.44 5132.46
808000 1799.37 1685.84 1657.67 5142.88
810000 1805.6 1691.95 1665.41 5162.96
812000 1813.81 1700.44 1669.49 5183.75
814000 1820.96 1703.58 1678 5202.54
816000 1819.58 1704.65 1679 5203.23
818000 1822.89 1704.71 1682.77 5210.38
820000 1826 1709.83 1684.68 5220.51
822000 1826.6 1717.06 1689.87 5233.53
824000 1831.79 1720.56 1691.78 5244.14
826000 1836.14 1727.1 1695.8 5259.04
828000 1835.99 1732.19 1697.44 5265.61
830000 1843.69 1731.66 1704.09 5279.44
832000 1844.18 1740.05 1713.76 5297.99
834000 1850.68 1740.41 1717.5 5308.59
836000 1857.75 1743.37 1718.55 5319.67
838000 1861.63 1748.68 1719.56 5329.88
840000 1867.23 1748.58 1720.65 5336.46
842000 1871.03 1753.59 1718.54 5343.16
844000 1871.14 1761.14 1723.04 5355.32
846000 1874.68 1767.11 1724.32 5366.11
848000 1876.54 1773.26 1732.67 5382.47
850000 1880.24 1777.57 1734.78 5392.58
852000 1884.53 1783.15 1736.8 5404.49
854000 1885.95 1782.58 1742.01 5410.54
856000 1893.03 1785.13 1747.42 5425.57
858000 1903.33 1791.55 1754.48 5449.35
860000 1906.27 1796.91 1761.87 5465.05
862000 1912.54 1802 1763.78 5478.33
864000 1917.92 1806.85 1767.27 5492.03
866000 1924.73 1813.6 1778.05 5516.38
868000 1933.72 1814.79 1789.83 5538.34
870000 1938.64 1825.09 1789.23 5552.95
872000 1948.28 1830.5 1797.41 5576.2
874000 1952.81 1836.32 1800.48 5589.61
876000 1953.97 1843.73 1808.81 5606.51
878000 1960.66 1845.77 1819.54 5625.96
880000 1967.16 1849.65 1823.72 5640.53
882000 1966.95 1849.86 1823.96 5640.77
884000 1971.23 1859.11 1824.49 5654.83
886000 1976.97 1862.7 1829.58 5669.25
888000 1978.31 1872.13 1834.89 5685.33
890000 1984.69 1881.24 1844.35 5710.28
892000 1984.35 1885.64 1849.13 5719.11
894000 1986.12 1886.49 1849.21 5721.82
896000 1990.3 1887.98 1852.34 5730.63
898000 1993.76 1897.57 1855.09 5746.43
900000 2000.94 1902.96 1857.13 5761.02
902000 2007.69 1904.45 1858.46 5770.6
904000 2004.72 1907.61 1862.35 5774.68
906000 2016.51 1912.95 1866.42 5795.88
908000 2021.73 1920.52 1869.64 5811.89
910000 2027.36 1927.71 1877.29 5832.36
912000 2031.8 1931.31 1874.27 5837.38
914000 2036.37 1934.64 1879.3 5850.31
916000 2036.43 1942.24 1882.76 5861.43
918000 2042.56 1951.14 1888.5 5882.2
920000 2044.79 1954.02 1890.93 5889.74
922000 2045.65 1961.23 1891.56 5898.43
924000 2047.91 1964.74 1894.39 5907.04
926000 2054.22 1977.27 1893.19 5924.68
928000 2057.71 1984.24 1899.77 5941.72
930000 2064.6 1989.03 1905.95 5959.58
932000 2075.32 1997.11 1910.08 5982.52
934000 2075.11 2000.68 1915.36 5991.15
936000 2082.79 2000.68 1916.91 6000.37
938000 2086.44 2004.93 1918.2 6009.56
940000 2095.2 2007.37 1923.36 6025.94
942000 2098.31 2013.24 1927.9 6039.45
944000 2102.99 2018.54 1936.83 6058.36
946000 2104.59 2017.29 1941.7 6063.59
948000 2113.72 2019.29 1939.07 6072.08
950000 2117.35 2017.75 1943.3 6078.4
952000 2123.79 2030.32 1952.73 6106.84
954000 2125.76 2040.47 1958.53 6124.76
956000 2127.29 2046.32 1958.63 6132.24
958000 2132.56 2051.43 1961.8 6145.79
960000 2138.97 2058.58 1968.14 6165.69
962000 2141.97 2056.63 1973.79 6172.38
964000 2141.77 2060.91 1980.14 6182.81
966000 2146.31 2063.33 1981.63 6191.26
968000 2147.24 2068.96 1982.27 6198.47
970000 2146.05 2073.62 1990.12 6209.78
972000 2148.99 2072.73 2000.6 6222.33
974000 2150.67 2071.11 2010.79 6232.56
976000 2153.3 2074.54 2014.89 6242.74
978000 2155.34 2077.21 2022.63 6255.19
980000 2162.75 2082.67 2028.07 6273.5
982000 2169.11 2077.83 2028.7 6275.64
984000 2170.19 2078.83 2036.1 6285.12
986000 2179.65 2084.94 2039.03 6303.63
988000 2181.02 2090.39 2042.32 6313.73
990000 2180.94 2093.82 2047.61 6322.37
992000 2184.21 2098.9 2046.65 6329.76
994000 2183.39 2110.91 2053.3 6347.6
996000 2186.92 2120.13 2057.66 6364.71
998000 2194.55 2118.17 2063.6 6376.32
1000000 2205.97 2123.3 2065.62 6394.89
1002000 2203.91 2130.61 2068.88 6403.4
1004000 2207.84 2135.2 2078.18 6421.23
1006000 2218.1 2135.49 2080.74 6434.34
1008000 2218.99 2140.65 2082.32 6441.96
1010000 2215.29 2143.05 2085.38 6443.72
1012000 2214.04 2148.62 2090.77 6453.43
1014000 2214.37 2150.98 2097.37 6462.72
1016000 2218.12 2151.14 2099.73 6468.99
1018000 2230.39 2156.48 2104.49 6491.36
1020000 2238.69 2166.49 2108.73 6513.91
1022000 2241.96 2175.54 2114.73 6532.23
1024000 2238.77 2186.05 2123.97 6548.78
1026000 2239.49 2190.11 2127.25 6556.85
1028000 2243.54 2197.61 2138.02 6579.18
1030000 2247.21 2200.84 2145.97 6594.02
1032000 2252.6 2209.48 2152.03 6614.12
1034000 2260.91 2214.39 2157.75 6633.05
1036000 2271.92 2219.04 2156.24 6647.21
1038000 2276.54 2224.59 2156.53 6657.65
1040000 2283.63 2226.02 2166.96 6676.61
1042000 2292.96 2232.05 2176.68 6701.69
1044000 2296.78 2231.98 2182.74 6711.51
1046000 2299.14 2242.3 2187.46 6728.9
1048000 2297.79 2248.43 2192.71 6738.93
1050000 2298.7 2251.58 2197.19 6747.46
1052000 2303.57 2256.6 2204.32 6764.49
1054000 2307.22 2265.12 2208.33 6780.66
1056000 2310.7 2268.35 2212.34 6791.39
1058000 2314.09 2271.26 2209.87 6795.23
1060000 2318.36 2276.95 2213.73 6809.04
1062000 2324.59 2278.54 2214.15 6817.27
1064000 2328.39 2279.37 2218.42 6826.19
1066000 2330.68 2277.86 2221.74 6830.28
1068000 2335.01 2286.18 2219.27 6840.46
1070000 2338.27 2292.55 2219.88 6850.71
1072000 2346.57 2297.76 2222.01 6866.34
1074000 2349.39 2299.47 2226.78 6875.64
1076000 2353.02 2305.63 2230.63 6889.27
1078000 2361.79 2311.02 2239.33 6912.14
1080000 2360.86 2312.36 2242.06 6915.28
1082000 2365.44 2316.12 2249.2 6930.77
1084000 2369.59 2321.73 2258.15 6949.47
1086000 2375.56 2325.03 2261.42 6962
1088000 2378.04 2332.68 2260.83 6971.55
1090000 2380.54 2331.92 2266.69 6979.16
1092000 2385.81 2336.84 2270.61 6993.26
1094000 2387.84 2334.91 2277.7 7000.45
1096000 2398.36 2338 2283.81 7020.17
1098000 2399.91 2343.61 2297.29 7040.82
1100000 2410.39 2349.23 2310.36 7069.98
1102000 2417.48 2358.69 2306 7082.16
1104000 2419.62 2364.96 2307.97 7092.54
1106000 2420.29 2360.93 2308.08 7089.31
1108000 2426.37 2364.25 2311.57 7102.19
1110000 2432.06 2369.92 2311.4 7113.38
1112000 2435.21 2377.4 2311.5 7124.11
1114000 2445.88 2386.44 2313.67 7145.99
1116000 2461.33 2385.85 2324.7 7171.87
1118000 2471.55 2391.69 2330.58 7193.81
1120000 2475.7 2388.65 2332.39 7196.74
1122000 2475.17 2392.32 2332.62 7200.11
1124000 2476.82 2390.06 2340.93 7207.8
1126000 2478.71 2394.29 2342.77 7215.76
1128000 2481.35 2396.34 2357.54 7235.23
1130000 2485.05 2401.84 2357.69 7244.59
1132000 2494.21 2408.95 2357.51 7260.66
1134000 2500.24 2417.86 2364.28 7282.38
1136000 2498.21 2423.59 2369.58 7291.37
1138000 2498.2 2426.78 2369.32 7294.3
1140000 2499.05 2440.74 2376.84 7316.62
1142000 2502.33 2447.35 2384.78 7334.47
1144000 2502.56 2450.81 2388.72 7342.08
1146000 2506.29 2459.47 2391.94 7357.7
1148000 2509.28 2461.08 2400.17 7370.53
1150000 2516.86 2461.63 2403.32 7381.82
1152000 2527.85 2458.44 2406.79 7393.08
1154000 2530.91 2459.52 2410.41 7400.84
1156000 2525.41 2468.86 2417.94 7412.21
1158000 2532.12 2472.73 2419.87 7424.72
1160000 2535.22 2473.41 2422.66 7431.28
1162000 2546.89 2477.72 2422.18 7446.78
1164000 2550.35 2476.46 2424.84 7451.65
1166000 2549.89 2480.96 2426.7 7457.55
1168000 2562.11 2483.73 2430.42 7476.26
1170000 2566.31 2489.37 2436.7 7492.38
1172000 2580.33 2499.76 2447.65 7527.74
1174000 2582.41 2502.46 2452.68 7537.55
1176000 2587.76 2506.01 2451.54 7545.3
1178000 2590.14 2510.95 2456.08 7557.18
1180000 2591.3 2514.64 2462.96 7568.9
1182000 2589.87 2516.51 2475.67 7582.05
1184000 2587.01 2520.25 2479.3 7586.56
1186000 2592.19 2522.15 2480.89 7595.22
1188000 2599.81 2524.36 2484.61 7608.78
1190000 2605.22 2531.9 2487.44 7624.57
1192000 2606.96 2531.95 2491.18 7630.09
1194000 2607.01 2538.2 2491.94 7637.16
1196000 2606.12 2541.01 2498.23 7645.36
1198000 2610.28 2540.39 2507.48 7658.15
1200000 2610.89 2547.06 2512.46 7670.41
1202000 2610.77 2550.53 2515.66 7676.96
1204000 2610.02 2552.25 2519.47 7681.74
1206000 2613.08 2559.9 2527.24 7700.22
1208000 2615.86 2563.82 2529.26 7708.93
1210000 2624.75 2572.43 2534.9 7732.09
1212000 2623.71 2580.73 2534.49 7738.92
1214000 2627.32 2581.9 2544.21 7753.43
1216000 2629.75 2586.95 2541.65 7758.35
1218000 2637.07 2585.79 2542.25 7765.11
1220000 2648.91 2590.57 2544.43 7783.91
1222000 2654.14 2595.82 2553.88 7803.84
1224000 2660.66 2603.27 2552.64 7816.57
1226000 2660.79 2609.83 2560.6 7831.22
1228000 2661.25 2610.76 2560.77 7832.78
1230000 2661.46 2617.01 2560.86 7839.33
1232000 2664.13 2617.66 2569.25 7851.04
1234000 2666.47 2624.44 2573.56 7864.47
1236000 2678.7 2628.6 2582.29 7889.59
1238000 2682.19 2631.72 2587 7900.91
1240000 2687.25 2635.66 2593.87 7916.78
1242000 2691.74 2644.31 2591.28 7927.33
1244000 2692.14 2639.15 2592.74 7924.03
1246000 2697.09 2648.57 2602.33 7947.98
1248000 2706.83 2649.83 2607.17 7963.82
1250000 2708.7 2656.47 2604.27 7969.44
1252000 2719.7 2658.92 2607.78 7986.4
1254000 2726.72 2670.26 2614.88 8011.87
1256000 2724.99 2679.09 2617.47 8021.55
1258000 2731.75 2677.93 2618.2 8027.88
1260000 2731.94 2678.17 2620.84 8030.95
1262000 2734.72 2683.2 2625.51 8043.43
1264000 2733.47 2692.69 2634.4 8060.56
1266000 2736.04 2699.56 2631.65 8067.25
1268000 2746.34 2709.27 2631.89 8087.5
1270000 2751.38 2713.56 2632.36 8097.3
1272000 2758.61 2716.39 2641.62 8116.62
1274000 2755.2 2723.85 2641.17 8120.21
1276000 2756.8 2732.74 2643.46 8133
1278000 2762.65 2734.14 2644.86 8141.65
1280000 2763.65 2737.78 2649.5 8150.93
1282000 2761.69 2740.58 2658.09 8160.36
1284000 2767.6 2743.38 2665.26 8176.24
1286000 2772.25 2746.68 2670.04 8188.98
1288000 2783.92 2751.39 2674.05 8209.36
1290000 2792.5 2752.75 2674.71 8219.96
1292000 2794.42 2757.25 2678.31 8229.98
1294000 2801.01 2760.53 2681.09 8242.63
1296000 2803.12 2765.9 2688.11 8257.13
1298000 2806.27 2772.8 2691.93 8271
1300000 2810.83 2775.45 2698.27 8284.55
1302000 2815.03 2779.69 2707.62 8302.34
1304000 2822.86 2788.85 2720.19 8331.9
1306000 2827.33 2793.16 2726.58 8347.07
1308000 2831.52 2802.18 2731.18 8364.88
1310000 2833.54 2810.34 2737.4 8381.28
1312000 2840.25 2809.51 2738.93 8388.7
1314000 2843.12 2814.73 2740.93 8398.78
1316000 2848.95 2821.66 2748.9 8419.51
1318000 2851.38 2823.27 2755.27 8429.92
1320000 2852.4 2823.94 2762.61 8438.95
1322000 2860.37 2830.75 2766.62 8457.74
1324000 2863.32 2833.99 2766.19 8463.49
1326000 2857.6 2838.38 2766.26 8462.24
1328000 2856.16 2842.51 2769.5 8468.17
1330000 2860.22 2846.51 2772.7 8479.44
1332000 2861.81 2859.09 2776.33 8497.24
1334000 2870.51 2861.33 2769.44 8501.28
1336000 2872.9 2866.89 2770.43 8510.21
1338000 2880.72 2873.61 2776.33 8530.66
1340000 2884.77 2881.33 2777.99 8544.09
1342000 2890.15 2882.44 2784.24 8556.83
1344000 2894.03 2878.89 2795.5 8568.43
1346000 2901.87 2887.2 2798.4 8587.46
1348000 2905.77 2891.26 2808.29 8605.32
1350000 2908.41 2894.31 2805.45 8608.18
1352000 2910.99 2901.9 2805.39 8618.29
1354000 2914.56 2901.68 2804.89 8621.12
1356000 2915.93 2908.31 2808.59 8632.83
1358000 2921.26 2905.71 2813.67 8640.64
1360000 2924.61 2917.02 2813.97 8655.6
1362000 2927.44 2923.01 2821.35 8671.8
1364000 2935.91 2925.85 2826.82 8688.58
1366000 2946.83 2936.48 2832.69 8716
1368000 2947.91 2940.59 2844.52 8733.02
1370000 2948.29 2943.76 2846.89 8738.94
1372000 2952.67 2940.67 2851.39 8744.72
1374000 2958.03 2943.6 2847.14 8748.76
1376000 2963.91 2942.32 2854.63 8760.86
1378000 2967.26 2945.92 2855.87 8769.05
1380000 2977.62 2950.13 2859.55 8787.3
1382000 2976.32 2953 2865.56 8794.89
1384000 2984.23 2958.96 2872.96 8816.15
1386000 2983.31 2957.85 2877.18 8818.35
1388000 2978.56 2959.94 2886.76 8825.26
1390000 2982.3 2958.92 2889.98 8831.2
1392000 2986.79 2964.4 2891.99 8843.18
1394000 2988.65 2972.37 2901.62 8862.65
1396000 2991.89 2967.38 2913.71 8872.98
1398000 2992.4 2973.53 2920.17 8886.1
1400000 2994.51 2976.59 2924.32 8895.41
1402000 2995.27 2977.85 2923.61 8896.72
1404000 2999.86 2987.24 2931.93 8919.03
1406000 2998.05 2991.55 2937.01 8926.6
1408000 3002.32 3002.41 2944.94 8949.67
1410000 3008.36 3011.54 2949.6 8969.51
1412000 3013.7 3022.27 2955.14 8991.11
1414000 3026.06 3027.94 2966.16 9020.17
1416000 3031.06 3035.08 2967.25 9033.39
1418000 3029.63 3039.11 2970.26 9039
1420000 3041.36 3040.6 2973.49 9055.45
1422000 3040.64 3042.91 2975.91 9059.46
1424000 3043.99 3044.58 2976.78 9065.35
1426000 3042.67 3052.4 2985.31 9080.37
1428000 3047.82 3055.08 2985.67 9088.56
1430000 3055.65 3059.06 2989.12 9103.84
1432000 3059.76 3071.38 2992.04 9123.18
1434000 3067.53 3077.49 2995.93 9140.96
1436000 3066.29 3079.83 3004.59 9150.71
1438000 3068.87 3072.97 3010.35 9152.19
1440000 3070.54 3080.2 3018.18 9168.92
1442000 3077.24 3085.09 3021.56 9183.9
1444000 3079.71 3089.8 3024.95 9194.46
1446000 3079.84 3097.47 3029.7 9207.02
1448000 3091.58 3101.4 3037 9229.99
1450000 3099.51 3105.88 3036.14 9241.53
1452000 3108.11 3107.84 3040.52 9256.46
1454000 3117.2 3105.94 3044 9267.14
1456000 3124.59 3112.58 3046.65 9283.82
1458000 3131.78 3119.9 3046.46 9298.13
1460000 3139.22 3124.39 3051.01 9314.62
1462000 3139.68 3128.84 3059.17 9327.7
1464000 3148.72 3135.68 3061.49 9345.9
1466000 3151.64 3142.35 3062.65 9356.64
1468000 3153.36 3138.5 3063.63 9355.48
1470000 3150.22 3141.31 3069.91 9361.45
1472000 3153.27 3147.06 3077.96 9378.29
1474000 3152.41 3153.52 3083.74 9389.66
1476000 3158.21 3158.15 3085.11 9401.47
1478000 3156.6 3161.9 3089.76 9408.27
1480000 3152.04 3172.8 3097.56 9422.39
1482000 3152.86 3178.25 3101.08 9432.19
1484000 3154.41 3173.69 3108.35 9436.45
1486000 3152.55 3181.58 3111.5 9445.63
1488000 3153.98 3181.87 3118.79 9454.64
1490000 3157.52 3184.03 3118.96 9460.51
1492000 3163.63 3189.01 3120.2 9472.84
1494000 3161.62 3198.81 3133.71 9494.14
1496000 3163.85 3203.01 3145.7 9512.56
1498000 3167.68 3215.31 3144.2 9527.19
1500000 3169.85 3213.77 3147.1 9530.72
1502000 3171.55 3215.05 3156.2 9542.8
1504000 3180.28 3215.53 3161.75 9557.56
1506000 3178.73 3212.74 3162.25 9553.72
1508000 3181.02 3210.43 3160.76 9552.2
1510000 3182.63 3211.69 3163.11 9557.43
1512000 3185.15 3215.96 3167.95 9569.06
1514000 3188.62 3218.2 3172.41 9579.24
1516000 3195.9 3231.64 3179.56 9607.1
1518000 3195.63 3234.9 3181.84 9612.37
1520000 3196 3240.44 3185.47 9621.91
1522000 3198.16 3238.39 3192.7 9629.25
1524000 3199.64 3248.11 3193.82 9641.57
1526000 3199.3 3256.2 3200.03 9655.53
1528000 3210.97 3255.67 3201.45 9668.09
1530000 3218.27 3263.13 3206.95 9688.35
1532000 3218.61 3273.97 3217.07 9709.64
1534000 3228.11 3280.67 3224.5 9733.29
1536000 3230.97 3285.78 3223.62 9740.37
1538000 3239.33 3294.37 3224.17 9757.87
1540000 3245.35 3299.37 3227.91 9772.62
1542000 3253.22 3308.04 3236.42 9797.68
1544000 3253.67 3312.38 3244.3 9810.34
1546000 3256.97 3325.37 3249.94 9832.27
1548000 3262.74 3331.02 3254.83 9848.59
1550000 3268.12 3334.84 3261.49 9864.45
1552000 3267.77 3335.9 3267.3 9870.97
1554000 3264.87 3337.32 3271.77 9873.96
1556000 3262.37 3341.96 3279.66 9883.99
1558000 3272.2 3343.45 3288 9903.65
1560000 3279.47 3345.53 3287.3 9912.31
1562000 3285.28 3353.4 3293.07 9931.75
1564000 3288.31 3357.53 3291.33 9937.17
1566000 3297.23 3360.69 3295.3 9953.23
1568000 3299.03 3355.47 3300.68 9955.18
1570000 3301.05 3351.7 3308.87 9961.62
1572000 3309.06 3355.16 3311.71 9975.93
1574000 3313.49 3366.8 3329.79 10010.1
1576000 3320.09 3360.35 3338.19 10018.6
1578000 3325.48 3366.29 3344.4 10036.2
1580000 3331.38 3366.94 3343.84 10042.2
1582000 3330.42 3370.38 3349.09 10049.9
1584000 3332.49 3374.22 3355.5 10062.2
1586000 3334.23 3375.64 3362.35 10072.2
1588000 3334.76 3380.11 3370.43 10085.3
1590000 3348.76 3380.73 3370 10099.5
1592000 3352.13 3383.45 3375.43 10111
1594000 3353.62 3396.98 3391.71 10142.3
1596000 3363 3394.72 3401.23 10159
1598000 3373.87 3399.94 3411.45 10185.3
1600000 3380.59 3406.18 3408.3 10195.1
1602000 3383.63 3404.42 3411.38 10199.4
1604000 3387.27 3410.82 3408.32 10206.4
1606000 3399.23 3419.61 3409.34 10228.2
1608000 3404.72 3425.78 3415.29 10245.8
1610000 3407.21 3424.94 3415.6 10247.8
1612000 3414.58 3426.54 3413.26 10254.4
1614000 3421.17 3442.05 3420.32 10283.5
1616000 3425.44 3452.89 3419.76 10298.1
1618000 3427.16 3461.99 3429.58 10318.7
1620000 3429.04 3462.49 3437.92 10329.4
1622000 3432.05 3467.38 3447.69 10347.1
1624000 3442.83 3468.06 3455.16 10366.1
1626000 3447.13 3468.86 3446.82 10362.8
1628000 3458.11 3476.81 3442.16 10377.1
1630000 3460.25 3480.26 3442.65 10383.1
1632000 3461.1 3485.93 3443.66 10390.7
1634000 3456.51 3494.62 3449.65 10400.8
1636000 3458.08 3495.43 3453.75 10407.3
1638000 3463.33 3496.82 3462.14 10422.3
1640000 3469.94 3503.32 3461.45 10434.7
1642000 3473.59 3507.3 3467.84 10448.7
1644000 3477.34 3509.18 3468.58 10455.1
1646000 3479.06 3522.05 3477.42 10478.5
1648000 3485.06 3531.52 3483 10499.6
1650000 3497.81 3534.23 3486.26 10518.3
1652000 3501.89 3541.58 3485.33 10528.8
1654000 3510.19 3546.67 3494.23 10551.1
1656000 3513.11 3556.04 3496.73 10565.9
1658000 3524.33 3562.05 3503.71 10590.1
1660000 3526.69 3568.75 3505.5 10600.9
1662000 3537.58 3571.58 3514.32 10623.5
1664000 3539.05 3573.82 3514.67 10627.5
1666000 3546.08 3578.22 3514.68 10639
1668000 3550.57 3576.32 3517.94 10644.8
1670000 3554.8 3574.8 3517.38 10647
1672000 3559.85 3584.55 3523.15 10667.6
1674000 3561.75 3580.79 3523.43 10666
1676000 3566.56 3585.34 3520.22 10672.1
1678000 3569.03 3590.53 3519.61 10679.2
1680000 3568.61 3600.32 3519.58 10688.5
1682000 3574.74 3607.21 3526.95 10708.9
1684000 3584.64 3609.96 3529.1 10723.7
1686000 3588.1 3615.81 3529.96 10733.9
1688000 3591.3 3619.4 3532.08 10742.8
1690000 3598.14 3623.04 3537.96 10759.1
1692000 3610.65 3626.09 3539.9 10776.6
1694000 3618.7 3629.73 3536.89 10785.3
1696000 3620.69 3631.26 3548.93 10800.9
1698000 3622.3 3634.44 3549.1 10805.8
1700000 3625.01 3647.88 3554.17 10827.1
1702000 3629.13 3654.08 3565.2 10848.4
1704000 3635.88 3652.63 3571.71 10860.2
1706000 3640.56 3656.52 3576.03 10873.1
1708000 3646.04 3672.4 3577.38 10895.8
1710000 3650.28 3677.28 3577.72 10905.3
1712000 3657.35 3685.22 3579.98 10922.6
1714000 3662.16 3686.47 3589.62 10938.2
1716000 3670.15 3692.1 3598.13 10960.4
1718000 3674.45 3694.95 3606.01 10975.4
1720000 3673.43 3705.37 3609.26 10988.1
1722000 3676.26 3702.75 3608.84 10987.9
1724000 3684.77 3702.54 3614.56 11001.9
1726000 3686.02 3705.51 3623.73 11015.3
1728000 3691.33 3707.92 3629.2 11028.4
1730000 3691.02 3708.53 3629.06 11028.6
1732000 3690.53 3720.4 3629.2 11040.1
1734000 3702.06 3722.32 3626.67 11051.1
1736000 3706.08 3723.47 3626.27 11055.8
1738000 3709.8 3727.22 3633.42 11070.4
1740000 3717.17 3735.49 3637.96 11090.6
1742000 3726.44 3738.49 3644.16 11109.1
1744000 3738.12 3743.14 3645.06 11126.3
1746000 3735.32 3752.95 3652.4 11140.7
1748000 3741 3754.13 3660.06 11155.2
1750000 3740.68 3763.22 3664.84 11168.7
1752000 3738.94 3764.86 3678.84 11182.6
1754000 3735.25 3759.12 3674.29 11168.7
1756000 3736.15 3761.55 3679.27 11177
1758000 3738.22 3766.39 3683.93 11188.5
1760000 3736.7 3772.13 3687.47 11196.3
1762000 3737.67 3771.09 3690.82 11199.6
1764000 3739.14 3771.4 3698.26 11208.8
1766000 3741.99 3773.44 3703.15 11218.6
1768000 3751.11 3775.57 3705.55 11232.2
1770000 3757.45 3782.14 3713.41 11253
1772000 3757.17 3782.64 3725.23 11265
1774000 3762.75 3792.08 3733.7 11288.5
1776000 3755.39 3796.97 3740.24 11292.6
1778000 3759.32 3802.73 3743.96 11306
1780000 3770.82 3808.08 3755.52 11334.4
1782000 3770.93 3809.56 3763.25 11343.7
1784000 3779.66 3811.09 3768.56 11359.3
1786000 3791.94 3817.32 3772.87 11382.1
1788000 3797.81 3821.22 3786.07 11405.1
1790000 3810.37 3827.13 3793.24 11430.7
1792000 3819.58 3831.17 3799.13 11449.9
1794000 3822.41 3833.23 3802 11457.6
1796000 3826.47 3838.73 3797.54 11462.7
1798000 3825.49 3849.09 3792.37 11467
1800000 3821.65 3860.47 3792.44 11474.6
1802000 3827.27 3870.42 3797.57 11495.3
1804000 3836.05 3871.75 3800.41 11508.2
1806000 3837.41 3873.86 3806.99 11518.3
1808000 3839.87 3883.32 3816.04 11539.2
1810000 3844.98 3889.38 3824.2 11558.6
1812000 3841.22 3888.66 3825.02 11554.9
1814000 3836.9 3893.71 3826.28 11556.9
1816000 3839.49 3898.02 3831.55 11569.1
1818000 3844.25 3906.55 3841.74 11592.5
1820000 3852.93 3908.24 3855.6 11616.8
1822000 3856.2 3913.46 3858.4 11628.1
1824000 3858.33 3909.49 3859.06 11626.9
1826000 3866.89 3910.47 3861.41 11638.8
1828000 3874.24 3916.77 3867.96 11659
1830000 3881.63 3919.46 3858.71 11659.8
1832000 3887.13 3924.87 3860.82 11672.8
1834000 3888.99 3927.35 3871.62 11688
1836000 3893.09 3934.99 3882.42 11710.5
1838000 3899.17 3944.57 3882.73 11726.5
1840000 3911.3 3947.53 3889.58 11748.4
1842000 3911.82 3948.31 3895.6 11755.7
1844000 3922.93 3952.98 3898.17 11774.1
1846000 3931.57 3959.5 3902.92 11794
1848000 3930.26 3961.9 3906.16 11798.3
1850000 3933.03 3962.05 3915.5 11810.6
1852000 3934.56 3961.86 3918.77 11815.2
1854000 3937.52 3972.82 3918.89 11829.2
1856000 3935.69 3975.16 3920.8 11831.6
1858000 3932.88 3979.78 3924.95 11837.6
1860000 3933.72 3984.85 3931.74 11850.3
1862000 3943.23 3991.31 3935.34 11869.9
1864000 3945.99 3999.32 3935.17 11880.5
1866000 3950.58 4007.53 3939.06 11897.2
1868000 3959.7 4012.16 3939.23 11911.1
1870000 3968.55 4012.53 3940.04 11921.1
1872000 3970.52 4023.57 3947.36 11941.4
1874000 3978.2 4024.07 3949.27 11951.5
1876000 3981.7 4028.31 3960.95 11971
1878000 3983.87 4033.1 3964.45 11981.4
1880000 3983.36 4025.35 3967.96 11976.7
1882000 3987.74 4030.52 3973.12 11991.4
1884000 3989.89 4029.75 3972.75 11992.4
1886000 3991.65 4032.58 3977.92 12002.2
1888000 3991.5 4044.69 3975.87 12012.1
1890000 3994.94 4057.42 3976.61 12029
1892000 4000.92 4062.38 3987.75 12051
1894000 4009.05 4066.94 3990.17 12066.2
1896000 4007.8 4073.1 3997.57 12078.5
1898000 4007.64 4068.61 4009.46 12085.7
1900000 4014.08 4070.68 4004.72 12089.5
1902000 4029.91 4071.88 4007.91 12109.7
1904000 4029.12 4072.57 4003.72 12105.4
1906000 4035.96 4079.02 4003.67 12118.7
1908000 4037.36 4083.1 4012.58 12133
1910000 4030.17 4091.53 4015.77 12137.5
1912000 4041.08 4097.19 4020.36 12158.6
1914000 4042.14 4102.45 4019.05 12163.6
1916000 4046.52 4109.19 4022.91 12178.6
1918000 4047.96 4108.12 4023.48 12179.6
1920000 4048.32 4116.49 4028.16 12193
1922000 4046.19 4120.54 4034.33 12201.1
1924000 4051.03 4130.78 4035.09 12216.9
1926000 4049.92 4137.52 4042.53 12230
1928000 4043.63 4142.41 4045.21 12231.3
1930000 4050.55 4147.55 4042.31 12240.4
1932000 4054.93 4148.5 4049.37 12252.8
1934000 4057.32 4155.18 4056.95 12269.5
1936000 4066.81 4155.2 4058.69 12280.7
1938000 4077.81 4160.84 4063.4 12302
1940000 4086.76 4161.78 4069.49 12318
1942000 4096.72 4172.62 4067.21 12336.6
1944000 4106.72 4171.89 4071.58 12350.2
1946000 4111.6 4177.2 4071.87 12360.7
1948000 4119.83 4185.02 4074.41 12379.3
1950000 4122.53 4192.05 4072.64 12387.2
1952000 4130.77 4194.05 4073.93 12398.8
1954000 4136.47 4199.86 4067.06 12403.4
1956000 4142.76 4206.59 4079.89 12429.2
1958000 4142.64 4207.42 4085.43 12435.5
1960000 4154.29 4209.34 4085.95 12449.6
1962000 4149.57 4209.79 4090.63 12450
1964000 4156.81 4213.05 4096.46 12466.3
1966000 4163.71 4217.06 4102.32 12483.1
1968000 4168.86 4222.2 4110.18 12501.2
1970000 4174.25 4233.47 4111.94 12519.7
1972000 4176.97 4242.46 4123.56 12543
1974000 4184.28 4239.41 4134.5 12558.2
1976000 4185.76 4252.37 4140.52 12578.7
1978000 4193.59 4258.58 4140.54 12592.7
1980000 4199.4 4273.06 4143.37 12615.8
1982000 4207.22 4283.08 4145.13 12635.4
1984000 4215.53 4292.58 4145.99 12654.1
1986000 4223.23 4298 4155.29 12676.5
1988000 4223.76 4300.66 4162.96 12687.4
1990000 4227.72 4309.03 4172.05 12708.8
1992000 4233.97 4317.5 4171.19 12722.7
1994000 4232.19 4316.2 4172.32 12720.7
1996000 4236.61 4320.77 4177.45 12734.8
1998000 4240.54 4321.74 4182.93 12745.2
2000000 4244.08 4321.51 4193.39 12759
