# auto-correlation of: jx jy jz avg
            0   1.4534e+08   1.4894e+08   1.4552e+08   1.4660e+08
   5.0505e-03   1.3771e+08   1.4130e+08   1.3778e+08   1.3893e+08
   1.0101e-02   1.1882e+08   1.2233e+08   1.1858e+08   1.1991e+08
   1.5152e-02   9.6460e+07   9.9845e+07   9.5966e+07   9.7424e+07
   2.0202e-02   7.6286e+07   7.9620e+07   7.5852e+07   7.7253e+07
   2.5253e-02   6.0279e+07   6.3744e+07   6.0337e+07   6.1453e+07
   3.0303e-02   4.8251e+07   5.2035e+07   4.9181e+07   4.9822e+07
   3.5354e-02   3.9323e+07   4.3505e+07   4.1326e+07   4.1385e+07
   4.0404e-02   3.2680e+07   3.7195e+07   3.5729e+07   3.5201e+07
   4.5455e-02   2.7742e+07   3.2428e+07   3.1634e+07   3.0601e+07
   5.0505e-02   2.4038e+07   2.8736e+07   2.8526e+07   2.7100e+07
   5.5556e-02   2.1110e+07   2.5740e+07   2.5983e+07   2.4277e+07
   6.0606e-02   1.8574e+07   2.3144e+07   2.3656e+07   2.1791e+07
   6.5657e-02   1.6245e+07   2.0773e+07   2.1381e+07   1.9466e+07
   7.0707e-02   1.4132e+07   1.8586e+07   1.9194e+07   1.7304e+07
   7.5758e-02   1.2331e+07   1.6609e+07   1.7173e+07   1.5371e+07
   8.0808e-02   1.0910e+07   1.4828e+07   1.5305e+07   1.3681e+07
   8.5859e-02   9.8498e+06   1.3163e+07   1.3526e+07   1.2180e+07
   9.0909e-02   9.0348e+06   1.1535e+07   1.1813e+07   1.0794e+07
   9.5960e-02   8.3172e+06   9.9574e+06   1.0211e+07   9.4954e+06
   1.0101e-01   7.5869e+06   8.5330e+06   8.7952e+06   8.3050e+06
   1.0606e-01   6.7900e+06   7.3476e+06   7.5947e+06   7.2441e+06
   1.1111e-01   5.9207e+06   6.4080e+06   6.5721e+06   6.3003e+06
   1.1616e-01   5.0002e+06   5.6871e+06   5.6661e+06   5.4511e+06
   1.2121e-01   4.0413e+06   5.1534e+06   4.8488e+06   4.6812e+06
   1.2626e-01   3.0620e+06   4.7135e+06   4.1184e+06   3.9647e+06
   1.3131e-01   2.1442e+06   4.2192e+06   3.4700e+06   3.2778e+06
   1.3636e-01   1.4398e+06   3.5934e+06   2.9058e+06   2.6463e+06
   1.4141e-01   1.0691e+06   2.9093e+06   2.4618e+06   2.1467e+06
   1.4646e-01   1.0029e+06   2.3273e+06   2.1580e+06   1.8294e+06
   1.5152e-01   1.0634e+06   1.9808e+06   1.9435e+06   1.6626e+06
   1.5657e-01   1.0444e+06   1.9188e+06   1.7359e+06   1.5664e+06
   1.6162e-01   8.5331e+05   2.1102e+06   1.4899e+06   1.4845e+06
   1.6667e-01   5.5629e+05   2.4864e+06   1.2015e+06   1.4147e+06
   1.7172e-01   2.6809e+05   2.9562e+06   8.8164e+05   1.3687e+06
   1.7677e-01   3.1247e+04   3.3976e+06   5.6332e+05   1.3307e+06
   1.8182e-01  -1.7201e+05   3.6877e+06   3.0880e+05   1.2748e+06
   1.8687e-01  -3.6030e+05   3.7861e+06   1.7113e+05   1.1990e+06
   1.9192e-01  -5.4890e+05   3.7470e+06   1.5029e+05   1.1161e+06
   1.9697e-01  -7.7712e+05   3.6313e+06   2.2971e+05   1.0280e+06
   2.0202e-01  -1.1023e+06   3.4578e+06   4.2283e+05   9.2609e+05
   2.0707e-01  -1.5455e+06   3.2538e+06   7.3386e+05   8.1405e+05
   2.1212e-01  -2.0333e+06   3.0727e+06   1.1047e+06   7.1471e+05
   2.1717e-01  -2.3973e+06   2.9382e+06   1.4283e+06   6.5640e+05
   2.2222e-01  -2.4738e+06   2.8087e+06   1.6185e+06   6.5114e+05
   2.2727e-01  -2.2346e+06   2.6250e+06   1.6719e+06   6.8743e+05
   2.3232e-01  -1.7986e+06   2.3854e+06   1.6448e+06   7.4388e+05
   2.3737e-01  -1.3234e+06   2.1477e+06   1.6130e+06   8.1241e+05
   2.4242e-01  -9.1886e+05   1.9554e+06   1.6465e+06   8.9434e+05
   2.4747e-01  -6.5872e+05   1.7925e+06   1.7707e+06   9.6814e+05
   2.5253e-01  -6.0265e+05   1.6177e+06   1.9596e+06   9.9155e+05
   2.5758e-01  -7.7473e+05   1.4052e+06   2.1932e+06   9.4122e+05
   2.6263e-01  -1.1122e+06   1.1595e+06   2.4539e+06   8.3375e+05
   2.6768e-01  -1.4685e+06   9.2606e+05   2.6471e+06   7.0154e+05
   2.7273e-01  -1.6981e+06   7.7374e+05   2.6120e+06   5.6255e+05
   2.7778e-01  -1.7293e+06   7.4444e+05   2.2614e+06   4.2550e+05
   2.8283e-01  -1.5769e+06   8.0862e+05   1.6872e+06   3.0630e+05
   2.8788e-01  -1.3372e+06   8.7061e+05   1.1239e+06   2.1912e+05
   2.9293e-01  -1.1605e+06   8.2490e+05   8.2031e+05   1.6158e+05
   2.9798e-01  -1.1592e+06   6.3876e+05   9.1354e+05   1.3103e+05
   3.0303e-01  -1.3139e+06   3.8070e+05   1.3877e+06   1.5152e+05
   3.0808e-01  -1.4990e+06   1.5449e+05   2.0998e+06   2.5176e+05
   3.1313e-01  -1.5665e+06   3.3496e+04   2.8162e+06   4.2773e+05
   3.1818e-01  -1.4013e+06   4.6730e+04   3.2822e+06   6.4252e+05
   3.2323e-01  -1.0003e+06   1.7042e+05   3.3454e+06   8.3851e+05
   3.2828e-01  -5.1349e+05   3.1620e+05   3.0183e+06   9.4033e+05
   3.3333e-01  -1.4632e+05   3.6920e+05   2.4267e+06   8.8319e+05
   3.3838e-01  -7.7951e+02   2.5854e+05   1.7323e+06   6.6337e+05
   3.4343e-01  -1.7531e+04  -1.1793e+04   1.0881e+06   3.5294e+05
   3.4848e-01  -6.1373e+04  -3.6688e+05   6.1720e+05   6.2980e+04
   3.5354e-01  -3.8294e+04  -6.9364e+05   4.0204e+05  -1.0996e+05
   3.5859e-01   6.0666e+04  -9.0378e+05   4.8764e+05  -1.1849e+05
   3.6364e-01   2.0342e+05  -9.7471e+05   8.5353e+05   2.7417e+04
   3.6869e-01   4.1299e+05  -9.4871e+05   1.3768e+06   2.8037e+05
   3.7374e-01   7.8016e+05  -9.0613e+05   1.8723e+06   5.8210e+05
   3.7879e-01   1.3376e+06  -9.0840e+05   2.1692e+06   8.6616e+05
   3.8384e-01   1.9799e+06  -9.5894e+05   2.1693e+06   1.0634e+06
   3.8889e-01   2.5096e+06  -1.0230e+06   1.9018e+06   1.1295e+06
   3.9394e-01   2.7505e+06  -1.0631e+06   1.5237e+06   1.0704e+06
   3.9899e-01   2.6367e+06  -1.0616e+06   1.2061e+06   9.2706e+05
   4.0404e-01   2.2256e+06  -1.0275e+06   1.0287e+06   7.4225e+05
   4.0909e-01   1.6424e+06  -9.8137e+05   9.8836e+05   5.4980e+05
   4.1414e-01   1.0135e+06  -9.3595e+05   1.0531e+06   3.7687e+05
   4.1919e-01   4.2363e+05  -9.1143e+05   1.1917e+06   2.3465e+05
   4.2424e-01  -9.2047e+04  -9.4717e+05   1.3510e+06   1.0393e+05
   4.2929e-01  -5.0832e+05  -1.0558e+06   1.4242e+06  -4.6635e+04
   4.3434e-01  -7.6879e+05  -1.1931e+06   1.2951e+06  -2.2228e+05
   4.3939e-01  -8.1985e+05  -1.3148e+06   9.1762e+05  -4.0567e+05
   4.4444e-01  -6.7420e+05  -1.4373e+06   3.5311e+05  -5.8613e+05
   4.4949e-01  -4.2460e+05  -1.6077e+06  -2.4470e+05  -7.5901e+05
   4.5455e-01  -1.9849e+05  -1.8314e+06  -6.9344e+05  -9.0777e+05
   4.5960e-01  -9.5165e+04  -2.0475e+06  -8.9376e+05  -1.0121e+06
   4.6465e-01  -1.3482e+05  -2.1883e+06  -8.9457e+05  -1.0726e+06
   4.6970e-01  -2.5513e+05  -2.2595e+06  -8.2453e+05  -1.1131e+06
   4.7475e-01  -3.6112e+05  -2.3396e+06  -7.6616e+05  -1.1556e+06
   4.7980e-01  -3.8797e+05  -2.5084e+06  -7.0270e+05  -1.1997e+06
   4.8485e-01  -3.5741e+05  -2.7826e+06  -5.7124e+05  -1.2371e+06
   4.8990e-01  -3.6377e+05  -3.0800e+06  -3.4593e+05  -1.2632e+06
   4.9495e-01  -4.8377e+05  -3.2528e+06  -4.6868e+04  -1.2611e+06
   5.0000e-01  -7.2163e+05  -3.2139e+06   3.0950e+05  -1.2087e+06
