# Time-averaged data for fix savemsd
# TimeStep c_msd[1] c_msd[2] c_msd[3] c_msd[4]
0 0 1.08907e-29 1.92486e-29 3.01392e-29
2000 3.96005 4.02269 3.92072 11.9035
4000 8.13138 8.34321 8.20434 24.6789
6000 12.6966 13.1821 12.1357 38.0144
8000 17.1365 16.5884 16.9011 50.626
10000 21.6129 20.5513 21.8786 64.0429
12000 25.7836 24.2931 25.8081 75.8848
14000 29.192 28.3347 31.1246 88.6512
16000 33.3217 32.8663 34.2111 100.399
18000 37.7752 37.233 37.8678 112.876
20000 41.885 41.9046 41.9025 125.692
22000 45.5902 45.2348 45.8104 136.635
24000 48.9861 49.8248 48.4615 147.272
26000 53.616 52.427 53.0514 159.094
28000 58.2236 57.1312 57.1465 172.501
30000 62.4733 61.6285 61.559 185.661
32000 66.1878 66.3606 66.2719 198.82
34000 69.4749 71.0757 70.7702 211.321
36000 72.6261 74.9283 76.7184 224.273
38000 77.7568 78.623 80.5307 236.91
40000 81.4257 84.1327 84.3202 249.879
42000 86.8013 89.6244 88.4484 264.874
44000 90.9706 95.1228 94.9178 281.011
46000 94.3425 99.5435 99.8389 293.725
48000 97.4772 104.105 100.347 301.929
50000 99.0183 107.634 105.416 312.068
52000 103.23 113.54 110.068 326.837
54000 106.723 118.905 114.539 340.167
56000 111.036 122.59 116.574 350.2
58000 115.025 126.39 120.666 362.08
60000 120.649 130.015 122.791 373.455
62000 122.507 135.953 127.659 386.12
64000 125.831 138.593 131.968 396.393
66000 131.528 142.155 134.407 408.09
68000 134.049 147.898 140.743 422.691
70000 138.554 151.991 143.777 434.322
72000 143.222 155.464 148.264 446.95
74000 147.109 158.736 152.592 458.437
76000 153.007 162.859 156.012 471.877
78000 154.934 166.792 162.174 483.9
80000 157.942 167.905 165.999 491.846
82000 161.927 171.662 171.315 504.903
84000 164.527 175.946 176.66 517.134
86000 168.602 180.62 180.07 529.292
88000 169.206 183.928 185.005 538.138
90000 172.086 186.852 188.018 546.956
92000 176.664 188.268 191.926 556.858
94000 183.239 193.168 196.77 573.177
96000 186.59 198.274 201.628 586.492
98000 191.097 200.332 205.44 596.869
100000 194.861 205.421 210.788 611.07
102000 200.336 207.499 214.691 622.526
104000 203.517 212.268 218.189 633.973
106000 207.28 217.122 223.215 647.617
108000 211.803 221.929 225.904 659.636
110000 215.005 228.23 231.165 674.4
112000 219.093 232.44 234.322 685.854
114000 224.133 237.803 237.988 699.923
116000 229.801 237.433 244.247 711.481
118000 231.384 241.772 246.885 720.04
120000 234.336 246.883 251.093 732.312
122000 239.958 250.276 257.227 747.46
124000 241.88 257.289 262.093 761.263
126000 246.547 259.738 266.104 772.39
128000 251.642 265.339 271.153 788.134
130000 256.911 269.515 275.974 802.4
132000 263.041 272.606 280.852 816.5
134000 267.025 276.272 286.447 829.743
136000 271.559 281.288 292.182 845.029
138000 275.136 286.193 296.901 858.231
140000 280.427 292.51 302.434 875.372
142000 284.514 297.764 306.845 889.123
144000 289.016 301.33 309.156 899.502
146000 292.54 305.811 312.94 911.291
148000 297.026 312.5 316.85 926.376
150000 302.04 317.531 322.47 942.041
152000 307.804 319.915 326.346 954.065
154000 316.439 322.933 328.994 968.366
156000 324.189 326.626 335.129 985.944
158000 327.207 329.338 339.139 995.684
160000 335.211 332.327 342.183 1009.72
162000 342.306 336.331 347.026 1025.66
164000 345.935 339.224 350.363 1035.52
166000 344.344 344.066 354.18 1042.59
168000 345.465 345.899 357.865 1049.23
170000 349.449 353.03 362.868 1065.35
172000 353.006 357.303 366.459 1076.77
174000 356.327 362.452 371.412 1090.19
176000 359.393 368.188 377.835 1105.42
178000 359.697 371.599 384.255 1115.55
180000 360.971 373.545 387.288 1121.8
182000 363.327 378.54 390.03 1131.9
184000 367.261 386.462 394.673 1148.4
186000 373.338 390.365 396.175 1159.88
188000 371.907 391.465 398.611 1161.98
190000 379.069 393.737 403.207 1176.01
192000 381.626 395.406 404.423 1181.46
194000 388.281 400.408 410.2 1198.89
196000 392.983 404.022 411.613 1208.62
198000 397.689 407.207 413.783 1218.68
200000 398.895 411.054 417.875 1227.82
202000 408 413.177 417.366 1238.54
204000 410.146 415.187 423.234 1248.57
206000 415.053 422.255 426.034 1263.34
208000 417.955 429.76 428.552 1276.27
210000 424.169 433.112 429.676 1286.96
212000 427.813 435.607 434.994 1298.41
214000 432.273 437.232 442.463 1311.97
216000 438.549 445.623 441.145 1325.32
218000 445.018 447.068 447.549 1339.63
220000 449.684 450.683 448.049 1348.42
222000 454.977 453.634 446.306 1354.92
224000 461.65 461.126 445.935 1368.71
226000 466.447 466.77 447.181 1380.4
228000 471.696 470.036 449.457 1391.19
230000 472.845 471.02 450.994 1394.86
232000 477.702 479.234 452.817 1409.75
234000 486.777 485.686 455.784 1428.25
236000 493.018 492.08 463.965 1449.06
238000 498.182 496.183 470.904 1465.27
240000 501.825 501.983 475.699 1479.51
242000 505.003 504.174 480.36 1489.54
244000 508.601 506.42 483.031 1498.05
246000 513.078 511.505 489.734 1514.32
248000 516.825 515.709 494.617 1527.15
250000 519.113 523.722 498.644 1541.48
252000 521.216 533.001 501.928 1556.15
254000 526.189 534.823 509.121 1570.13
256000 527.958 538.266 513.507 1579.73
258000 533.324 542.328 512.365 1588.02
260000 542.331 543.952 512.07 1598.35
262000 545.791 547.672 514.728 1608.19
264000 556.388 553.694 521.177 1631.26
266000 560.308 556.23 529.274 1645.81
268000 563.889 560.514 537.415 1661.82
270000 567.714 566.521 543.783 1678.02
272000 569.674 572.306 551.171 1693.15
274000 572.57 575.063 553.161 1700.79
276000 572.69 571.117 554.812 1698.62
278000 574.46 577.265 556.795 1708.52
280000 574.138 578.255 561.41 1713.8
282000 576.103 582.388 567.148 1725.64
284000 580.55 586.232 570.035 1736.82
286000 584.013 592.563 572.698 1749.27
288000 588.703 594.744 575.751 1759.2
290000 596.598 600.609 580.465 1777.67
292000 601.766 604.904 589.604 1796.27
294000 605.655 608.866 591.117 1805.64
296000 610.717 613.29 596.619 1820.63
298000 613.063 616.663 602.299 1832.03
300000 616.128 619.33 604.532 1839.99
302000 619.612 621.104 608.885 1849.6
304000 627.429 626.845 615.846 1870.12
306000 632.688 631.298 618.273 1882.26
308000 637.432 641.198 621.569 1900.2
310000 641.024 647.051 626.555 1914.63
312000 644.543 647.977 627.832 1920.35
314000 649.615 650.82 631.492 1931.93
316000 652.89 657.506 636.567 1946.96
318000 653.551 660.83 642.025 1956.41
320000 656.864 664.533 645.218 1966.62
322000 660.269 670.217 655.09 1985.58
324000 660.988 674.388 657.204 1992.58
326000 662.557 680.114 659.914 2002.58
328000 669.3 679.984 664.494 2013.78
330000 673.638 684.005 668.711 2026.35
332000 674.709 685.943 673.704 2034.36
334000 680.73 690.412 680.541 2051.68
336000 685.224 694.072 681.386 2060.68
338000 691.127 699.172 684.607 2074.91
340000 694.514 704.843 690.143 2089.5
342000 702.675 704.492 692.736 2099.9
344000 707.31 709.639 694.882 2111.83
346000 711.121 714.4 700.919 2126.44
348000 719.099 716.39 706.437 2141.93
350000 722.696 719.2 711.23 2153.13
352000 724.597 723.096 713.051 2160.74
354000 727.632 730.437 713.938 2172.01
356000 733.134 737.316 718.853 2189.3
358000 739.642 740.47 723.653 2203.76
360000 744.705 742.989 726.193 2213.89
362000 750.526 746.128 732.495 2229.15
364000 752.686 748.815 735.787 2237.29
366000 756.657 749.167 738.781 2244.6
368000 758.61 755.75 739.445 2253.81
370000 765.068 759.005 738.357 2262.43
372000 770.134 760.42 736.08 2266.63
374000 774.681 761.627 741.738 2278.05
376000 781.068 760.494 749.448 2291.01
378000 783.459 765.272 754.645 2303.38
380000 789.632 774.738 755.613 2319.98
382000 795.914 780.469 761.428 2337.81
384000 795.371 788.746 763.453 2347.57
386000 802.626 794.967 763.254 2360.85
388000 807.975 799.428 767.076 2374.48
390000 812.652 799.767 773.1 2385.52
392000 817.369 803.815 775.085 2396.27
394000 822.955 803.996 782.103 2409.05
396000 828.3 809.329 789.053 2426.68
398000 836.218 815.216 794.579 2446.01
400000 837.512 822.599 798.813 2458.92
402000 840.264 827.655 800.169 2468.09
404000 846.179 831.021 802.158 2479.36
406000 842.179 835.758 809.679 2487.62
408000 845.531 835.111 811.591 2492.23
410000 848.217 840.94 818.22 2507.38
412000 849.649 842.512 823.145 2515.31
414000 853.98 849.5 829.377 2532.86
416000 859.265 854.428 834.047 2547.74
418000 860.775 859.38 838.97 2559.13
420000 864.773 863.222 846.591 2574.59
422000 871.784 867.726 849.845 2589.35
424000 871.846 873.745 852.518 2598.11
426000 875.099 877.659 857.665 2610.42
428000 879.295 881.651 863.384 2624.33
430000 883.984 888.816 866.252 2639.05
432000 890.645 893.124 871.178 2654.95
434000 893.859 896.549 875.54 2665.95
436000 892.81 899.238 882.551 2674.6
438000 894.238 902.65 889.791 2686.68
440000 892.961 905.505 895.229 2693.69
442000 897.147 906.7 898.564 2702.41
444000 903.651 909.637 900.367 2713.66
446000 912.499 913.118 905.955 2731.57
448000 919.505 918.565 908.55 2746.62
450000 918.536 932.23 915.226 2765.99
452000 929.867 935.781 920.547 2786.19
454000 933.585 941.224 922.455 2797.26
456000 931.109 948.988 927.387 2807.48
458000 934.131 954.177 932.405 2820.71
460000 938.158 955.831 934.093 2828.08
462000 941.865 960.157 939.31 2841.33
464000 944.609 966.457 947.615 2858.68
466000 954.463 970.259 951.523 2876.24
468000 963.683 972.075 953.319 2889.08
470000 967.707 973.395 965.57 2906.67
472000 971.263 972.516 973.159 2916.94
474000 971.998 976.575 982.56 2931.13
476000 974.33 983.834 984.44 2942.6
478000 984.049 986.377 988.067 2958.49
480000 988.971 986.401 994.135 2969.51
482000 986.986 988.702 996.238 2971.93
484000 990.122 996.627 1003.12 2989.87
486000 995.027 998.379 1010.02 3003.43
488000 1000.35 1004.15 1011.39 3015.89
490000 1004.08 1009.39 1021.05 3034.52
492000 1005.49 1013.27 1031.63 3050.39
494000 1007.84 1016.2 1034.67 3058.7
496000 1015.01 1017.36 1036.46 3068.83
498000 1022.08 1019.29 1043.44 3084.8
500000 1025.89 1027.08 1043.81 3096.77
502000 1023.89 1033.01 1049.78 3106.69
504000 1024.42 1037.38 1051.45 3113.25
506000 1028.99 1040.56 1053.84 3123.4
508000 1026.43 1045.7 1059.17 3131.3
510000 1031.38 1051.56 1064.17 3147.11
512000 1035.01 1054.34 1071.97 3161.32
514000 1036.06 1062.06 1074.21 3172.34
516000 1040.51 1066.29 1075.45 3182.25
518000 1049.92 1065.49 1078.65 3194.07
520000 1054.91 1067.93 1082.35 3205.2
522000 1061.51 1080.76 1082.26 3224.53
524000 1066.7 1085.82 1086.97 3239.49
526000 1068.22 1091.96 1088.9 3249.09
528000 1076.9 1095.06 1096.13 3268.08
530000 1088.86 1107.63 1102.18 3298.66
532000 1091.14 1111.72 1110.44 3313.31
534000 1096.09 1118.76 1118.03 3332.88
536000 1099.33 1119.97 1115.95 3335.25
538000 1100.23 1122.42 1117.64 3340.29
540000 1101.25 1129.19 1120.21 3350.66
542000 1107.47 1137.88 1125.76 3371.12
544000 1112.84 1146.11 1133.34 3392.29
546000 1118.43 1153.62 1140.83 3412.87
548000 1124.52 1155.68 1147.44 3427.64
550000 1128.19 1158.17 1154.7 3441.06
552000 1137.7 1164.95 1150.98 3453.63
554000 1141.75 1171.22 1151.69 3464.66
556000 1147.47 1167.62 1150.85 3465.95
558000 1152.36 1170.58 1150.88 3473.82
560000 1158.3 1173.99 1157.7 3489.98
562000 1159.07 1175.52 1157.23 3491.82
564000 1159 1177.98 1159.07 3496.05
566000 1166.72 1182.8 1159.48 3509.01
568000 1168.41 1186.9 1168.98 3524.28
570000 1170.9 1187.25 1173.3 3531.45
572000 1170.87 1192.18 1180.27 3543.32
574000 1175.5 1193.47 1181.45 3550.41
576000 1181.71 1196.17 1185.39 3563.27
578000 1186.29 1193.73 1192.67 3572.68
580000 1188.29 1197.47 1200.16 3585.92
582000 1193.86 1196.53 1201.73 3592.13
584000 1197.14 1192.99 1205.5 3595.62
586000 1203.88 1195.96 1206.67 3606.52
588000 1206.72 1202.61 1217.09 3626.42
590000 1210.29 1209.28 1221.21 3640.79
592000 1215.89 1216.04 1229.36 3661.29
594000 1221.84 1218.72 1228.91 3669.47
596000 1226.44 1225.39 1237.84 3689.67
598000 1234.65 1229.38 1242.08 3706.1
600000 1235.51 1228.26 1241.48 3705.25
602000 1241.27 1234.55 1246.14 3721.96
604000 1245.73 1237.52 1249.73 3732.97
606000 1255.29 1240.17 1249.89 3745.34
608000 1269.11 1249.21 1251.73 3770.05
610000 1274.77 1260.64 1257.95 3793.36
612000 1276.97 1266.34 1261.26 3804.58
614000 1287.08 1273.04 1267.95 3828.07
616000 1290.91 1278.44 1269.13 3838.48
618000 1294.38 1279.9 1274.66 3848.94
620000 1295.02 1281.92 1285.72 3862.66
622000 1296.5 1282.65 1288.86 3868
624000 1299.23 1279.11 1292.84 3871.17
626000 1303.7 1283.49 1298.65 3885.84
628000 1304.67 1290.95 1299.51 3895.14
630000 1304.61 1294.26 1305.37 3904.23
632000 1308.98 1297.23 1318.86 3925.06
634000 1315.81 1297.01 1326.83 3939.65
636000 1318.68 1304.45 1333.96 3957.09
638000 1324.54 1310.1 1334.7 3969.34
640000 1325.14 1315.58 1338.9 3979.63
642000 1329.23 1321.97 1344.41 3995.61
644000 1334.96 1325.82 1345.93 4006.72
646000 1329.67 1329.15 1349.75 4008.57
648000 1338.38 1329.26 1350.51 4018.15
650000 1344.94 1334.75 1350.25 4029.94
652000 1349.71 1334.01 1348.31 4032.03
654000 1344.32 1342.85 1349.42 4036.58
656000 1344.06 1341.3 1354.35 4039.71
658000 1345.49 1340.31 1356.46 4042.26
660000 1354.02 1347.02 1362.42 4063.46
662000 1359.39 1350.36 1364.62 4074.37
664000 1360.77 1352.91 1366.93 4080.61
666000 1367.22 1354.57 1370.69 4092.48
668000 1367.86 1352.92 1372.43 4093.2
670000 1361.19 1354.65 1375.99 4091.83
672000 1366.31 1356.38 1377.83 4100.52
674000 1370.8 1357.15 1378.29 4106.23
676000 1375.33 1360.03 1382.57 4117.92
678000 1377.99 1370.63 1387.81 4136.43
680000 1380.27 1371.32 1391.65 4143.25
682000 1384.36 1380.29 1394.24 4158.89
684000 1388.74 1386.72 1400.14 4175.6
686000 1392.67 1391.36 1405.68 4189.71
688000 1394.21 1399.25 1404.55 4198.01
690000 1399.84 1407.6 1406.19 4213.63
692000 1397.01 1406.03 1408.11 4211.15
694000 1409.28 1412.94 1414.93 4237.15
696000 1411.51 1410.16 1415.99 4237.66
698000 1414.75 1414.76 1422.44 4251.95
700000 1416.55 1421.35 1431.22 4269.12
702000 1424.42 1418.32 1437.83 4280.57
704000 1437.32 1422.64 1443.08 4303.04
706000 1437.82 1428.57 1449.65 4316.04
708000 1445.57 1435.3 1449.24 4330.1
710000 1454.54 1446.47 1457.13 4358.14
712000 1455.35 1446.23 1461.67 4363.25
714000 1460.51 1450.16 1462.77 4373.44
716000 1461.75 1454.04 1463.29 4379.07
718000 1466.53 1458.44 1461.43 4386.4
720000 1472.21 1465.07 1468.26 4405.55
722000 1477.88 1469.28 1472.47 4419.63
724000 1481.74 1473.41 1475.1 4430.24
726000 1491 1475.9 1474.85 4441.75
728000 1491.71 1482.41 1482.95 4457.07
730000 1497.07 1490.86 1477.89 4465.83
732000 1498.62 1484.29 1485.28 4468.19
734000 1506.11 1492.73 1491.49 4490.33
736000 1511.2 1498.52 1491.7 4501.41
738000 1510.54 1509.27 1494.06 4513.87
740000 1507.15 1509.08 1497.11 4513.34
742000 1505.48 1509.47 1499.17 4514.11
744000 1509.89 1514.45 1501.03 4525.36
746000 1517.1 1514.04 1496.55 4527.7
748000 1518.86 1510.48 1504.74 4534.08
750000 1529.1 1513.36 1506.09 4548.55
752000 1533.01 1514.21 1517.63 4564.84
754000 1530.78 1522.37 1518.39 4571.53
756000 1535.26 1525.51 1520.41 4581.17
758000 1539.83 1524.65 1522.45 4586.93
760000 1533.92 1529.53 1529.42 4592.87
762000 1532.33 1537.95 1537.29 4607.57
764000 1537.41 1538.8 1540.05 4616.26
766000 1541.4 1546.83 1549.97 4638.2
768000 1542.97 1551.48 1548.26 4642.71
770000 1546.45 1556.1 1551.37 4653.92
772000 1550.64 1565.61 1553.14 4669.39
774000 1551.39 1569.06 1554.29 4674.74
776000 1557.16 1575.19 1561.28 4693.63
778000 1560.94 1584.2 1565.38 4710.52
780000 1572.18 1592.76 1572.29 4737.23
782000 1579.31 1598.45 1580.56 4758.32
784000 1581.04 1607.86 1582.39 4771.29
786000 1597.83 1619.24 1588.25 4805.32
788000 1597.57 1629.87 1591.19 4818.63
790000 1601.95 1638.2 1592.82 4832.97
792000 1610.33 1639.27 1601.57 4851.18
794000 1617.93 1644.51 1599.61 4862.04
796000 1617.95 1645.19 1600.79 4863.93
798000 1620.71 1649.57 1604.45 4874.74
800000 1620.23 1653.58 1614.92 4888.73
802000 1618.66 1663.82 1628.98 4911.45
804000 1620 1669.46 1629.99 4919.45
806000 1623.32 1675.31 1633.31 4931.94
808000 1627.85 1681.26 1643.61 4952.72
810000 1632.84 1687.32 1655.34 4975.5
812000 1636.44 1697.83 1659.78 4994.05
814000 1641.98 1701.63 1658.48 5002.09
816000 1648.25 1706.29 1660.74 5015.28
818000 1658.11 1719.46 1662.46 5040.03
820000 1658.23 1723.51 1673.97 5055.7
822000 1665.66 1726.43 1682.84 5074.92
824000 1664.61 1732.31 1689.82 5086.73
826000 1665.99 1725.95 1699.22 5091.16
828000 1680.06 1722.77 1699.47 5102.3
830000 1680.03 1733.05 1698.31 5111.39
832000 1682.6 1736.55 1705.61 5124.75
834000 1685.11 1741.02 1705.78 5131.92
836000 1689.1 1746.94 1709.62 5145.66
838000 1692.44 1754.64 1714.84 5161.92
840000 1695.46 1754.88 1722.1 5172.43
842000 1696.82 1763.38 1726.86 5187.06
844000 1703.77 1767.41 1722.69 5193.87
846000 1708.29 1769.13 1726.18 5203.59
848000 1716.9 1769.15 1734.32 5220.37
850000 1721.96 1770.53 1743.04 5235.53
852000 1729.87 1772.3 1751.64 5253.81
854000 1738.41 1778.32 1758.8 5275.53
856000 1738.49 1785.06 1757.73 5281.28
858000 1745.97 1790.44 1755.58 5291.99
860000 1750.52 1794.99 1754.77 5300.28
862000 1752.22 1799.8 1757.23 5309.26
864000 1752.89 1794.92 1762.31 5310.12
866000 1766.54 1803.03 1767.3 5336.87
868000 1770.22 1799.63 1772.68 5342.53
870000 1770.94 1797.74 1769.96 5338.64
872000 1774.73 1795.97 1774.93 5345.62
874000 1770.98 1798.98 1779.86 5349.82
876000 1773.33 1808.07 1779.56 5360.96
878000 1778.51 1817.6 1784.61 5380.72
880000 1773.84 1818.37 1792.49 5384.71
882000 1776.82 1825.7 1789.64 5392.17
884000 1779.4 1825.29 1795.53 5400.21
886000 1781.03 1824.41 1799.36 5404.81
888000 1781.78 1835.72 1799.05 5416.55
890000 1786.64 1842.74 1802.66 5432.04
892000 1791.94 1846.85 1806.08 5444.87
894000 1794.54 1850.44 1820.69 5465.67
896000 1806.04 1858.27 1820.83 5485.14
898000 1813.39 1857.77 1823.68 5494.84
900000 1820.64 1866.05 1828.69 5515.38
902000 1825.23 1869.37 1835.37 5529.97
904000 1830.11 1872.55 1834.62 5537.28
906000 1838.76 1875.77 1835.11 5549.64
908000 1848.52 1878.41 1841.08 5568.01
910000 1855.9 1882.56 1843.32 5581.78
912000 1861.99 1888.13 1848.17 5598.28
914000 1868.09 1887.37 1854.95 5610.41
916000 1875.79 1889.44 1857.99 5623.22
918000 1881.49 1896.21 1862.87 5640.57
920000 1891.06 1900.14 1873.82 5665.02
922000 1897.97 1900.04 1874.85 5672.86
924000 1899.47 1898.06 1878.42 5675.95
926000 1899.23 1905.62 1880.31 5685.15
928000 1898.8 1909.7 1883.12 5691.63
930000 1897.93 1924.34 1885.23 5707.51
932000 1898.31 1929.9 1892.31 5720.52
934000 1901.87 1936.6 1893.77 5732.24
936000 1905.6 1947.37 1897.48 5750.45
938000 1915.63 1950.9 1900.02 5766.55
940000 1921.51 1959.75 1900.65 5781.91
942000 1922.97 1962.4 1906.37 5791.74
944000 1929.98 1969.11 1914.8 5813.89
946000 1934.75 1969.55 1917.27 5821.57
948000 1939.81 1972.48 1925.08 5837.37
950000 1947.21 1982.7 1933.23 5863.15
952000 1952.51 1985.6 1941.3 5879.4
954000 1959.77 1980.88 1939.79 5880.44
956000 1961.33 1989.66 1937.46 5888.45
958000 1970.74 1993.94 1932.49 5897.18
960000 1965.84 1999.5 1936.51 5901.84
962000 1969.43 2005.47 1943.81 5918.71
964000 1973.56 1999.34 1959.1 5932.01
966000 1969.89 1999.01 1965.16 5934.06
968000 1977.66 2000.11 1970.75 5948.53
970000 1977.51 2005.52 1970.58 5953.61
972000 1989.87 2002.48 1960.87 5953.22
974000 1997.06 2012.73 1958.99 5968.77
976000 2001.69 2010.51 1963.21 5975.42
978000 2010.67 2019.41 1962.73 5992.81
980000 2013.32 2026.22 1966.32 6005.86
982000 2022.44 2030.15 1973.37 6025.97
984000 2023.94 2032.94 1975.36 6032.24
986000 2033.66 2036.66 1988.15 6058.47
988000 2031.23 2041.42 1998.34 6070.99
990000 2040.69 2053.21 2006.51 6100.41
992000 2043.23 2058.41 2009.92 6111.56
994000 2051.01 2061.96 2017.86 6130.84
996000 2057.77 2069.24 2029.7 6156.72
998000 2063.1 2069.15 2039.09 6171.35
1000000 2070.31 2077.89 2042.19 6190.39
1002000 2074.86 2079.93 2041.64 6196.43
1004000 2078.17 2082.09 2042.78 6203.04
1006000 2081.7 2088.75 2036.02 6206.47
1008000 2086.09 2093.74 2039.84 6219.67
1010000 2087.87 2102.48 2039.79 6230.14
1012000 2092.14 2099.23 2046.64 6238.01
1014000 2096.47 2109.4 2046.04 6251.92
1016000 2096.79 2113.45 2051.33 6261.57
1018000 2100.82 2123.54 2061.71 6286.07
1020000 2111.77 2132.13 2070.57 6314.47
1022000 2114.84 2134.53 2069.32 6318.68
1024000 2118.26 2139.36 2075.59 6333.21
1026000 2115.38 2143.64 2076.22 6335.24
1028000 2119.98 2149.71 2074.06 6343.76
1030000 2123.38 2159.97 2084.21 6367.56
1032000 2125.25 2164.66 2083.41 6373.31
1034000 2129.94 2167.71 2088.51 6386.15
1036000 2138.9 2173.25 2093.82 6405.96
1038000 2150.41 2177.79 2098.67 6426.88
1040000 2154.63 2179.29 2105.97 6439.89
1042000 2152.97 2176.57 2112.93 6442.47
1044000 2153.99 2175.93 2114.76 6444.68
1046000 2159.68 2179.22 2129.39 6468.29
1048000 2161.31 2187.9 2132.38 6481.59
1050000 2170.32 2191.72 2135.62 6497.66
1052000 2176.83 2197.46 2135.72 6510
1054000 2186.4 2203.32 2138.99 6528.7
1056000 2191.07 2204.93 2143.23 6539.23
1058000 2203.09 2208.62 2155.36 6567.06
1060000 2209.4 2210.76 2155.2 6575.37
1062000 2212.86 2202.48 2157.94 6573.28
1064000 2209.76 2213.08 2159.84 6582.68
1066000 2200.26 2215.51 2167.56 6583.33
1068000 2205.53 2212.54 2175.81 6593.87
1070000 2209.21 2217.06 2182 6608.28
1072000 2215.48 2219.69 2187.46 6622.62
1074000 2222.66 2220.64 2197.5 6640.81
1076000 2224.29 2223.25 2208.72 6656.25
1078000 2223.7 2220.99 2213.43 6658.12
1080000 2233.13 2231.86 2209.82 6674.8
1082000 2242.55 2234.74 2212.53 6689.82
1084000 2253.47 2245.56 2216.45 6715.48
1086000 2259.71 2250.58 2214.06 6724.35
1088000 2261.2 2261.02 2218.87 6741.1
1090000 2261.2 2263.43 2227.27 6751.91
1092000 2263.72 2260.93 2230.26 6754.91
1094000 2266.24 2266.4 2242.05 6774.69
1096000 2266.27 2269.29 2247.7 6783.27
1098000 2267.98 2271.37 2248.33 6787.68
1100000 2266.94 2276.86 2242.87 6786.67
1102000 2267.64 2270.84 2244.11 6782.6
1104000 2267.44 2271.7 2249.5 6788.64
1106000 2269.59 2273.97 2254.92 6798.49
1108000 2273.91 2281.08 2255.63 6810.61
1110000 2272.13 2280.57 2260.51 6813.21
1112000 2277.52 2289.13 2266.57 6833.22
1114000 2283.38 2300.36 2272.44 6856.18
1116000 2286.91 2301.95 2277.21 6866.07
1118000 2295.98 2310.79 2290.64 6897.4
1120000 2297.5 2308.07 2292.87 6898.44
1122000 2304.44 2309.25 2292 6905.69
1124000 2308.15 2309.49 2286.31 6903.95
1126000 2311.29 2314.44 2287.26 6912.99
1128000 2312.07 2325.77 2295.98 6933.82
1130000 2321.52 2337.29 2294.73 6953.54
1132000 2329.68 2347.24 2302.71 6979.63
1134000 2334.42 2357.22 2307.66 6999.31
1136000 2337.6 2351.98 2319.02 7008.6
1138000 2343.02 2359.37 2323.74 7026.13
1140000 2352.12 2363.77 2324.46 7040.35
1142000 2355.19 2369.65 2333.72 7058.56
1144000 2364.5 2377.34 2339.61 7081.45
1146000 2376.46 2382.25 2342.53 7101.24
1148000 2378.15 2384.26 2343.82 7106.22
1150000 2382.4 2390.11 2350.11 7122.62
1152000 2385.06 2401.78 2355.5 7142.34
1154000 2387.71 2410.9 2357.96 7156.58
1156000 2401.46 2416.02 2359.55 7177.04
1158000 2409.59 2424.49 2367.24 7201.32
1160000 2413.34 2437.74 2376.36 7227.45
1162000 2411.89 2446.61 2387.01 7245.51
1164000 2409.89 2451.7 2386.7 7248.29
1166000 2415.22 2469.05 2393.45 7277.72
1168000 2410.32 2471.85 2387.9 7270.07
1170000 2421.97 2474.85 2390.26 7287.08
1172000 2420.36 2482.31 2389.16 7291.84
1174000 2423.8 2491.98 2391.28 7307.06
1176000 2426.01 2492.71 2388.68 7307.4
1178000 2432.67 2492.76 2395.72 7321.15
1180000 2442.02 2494.68 2402.06 7338.76
1182000 2447.52 2503.49 2417.41 7368.41
1184000 2462.89 2499.98 2426.95 7389.82
1186000 2467.62 2501.46 2426.6 7395.67
1188000 2466.45 2498.95 2430.17 7395.57
1190000 2475.52 2510.98 2441.76 7428.27
1192000 2484.94 2512.34 2447.99 7445.27
1194000 2496.07 2517.42 2456.8 7470.29
1196000 2498.98 2520.15 2470.12 7489.25
1198000 2504.5 2524.98 2474.23 7503.7
1200000 2502.68 2523.56 2472.6 7498.85
1202000 2502.01 2520.44 2476.85 7499.3
1204000 2504.67 2524.47 2477.86 7507
1206000 2519.54 2523.4 2484.5 7527.45
1208000 2520.3 2527.96 2498.07 7546.33
1210000 2521.89 2528.56 2502.59 7553.04
1212000 2527.08 2531.7 2508 7566.79
1214000 2534.1 2534.02 2515.73 7583.86
1216000 2535.28 2535.55 2522.81 7593.64
1218000 2535.17 2551.58 2526.03 7612.78
1220000 2533.02 2550.03 2536.48 7619.53
1222000 2539.06 2547.14 2545.96 7632.16
1224000 2544.63 2548.11 2551.78 7644.51
1226000 2551.34 2556.73 2561.09 7669.15
1228000 2555.08 2564.24 2570.6 7689.91
1230000 2560.29 2569.96 2570.07 7700.32
1232000 2570.53 2578.31 2578.88 7727.71
1234000 2583.11 2587.53 2597.71 7768.35
1236000 2585.91 2595.41 2592.18 7773.5
1238000 2599.57 2599.5 2590.95 7790.02
1240000 2600.33 2605.83 2598.31 7804.47
1242000 2605.5 2616.06 2601.57 7823.12
1244000 2606.15 2613.53 2599.97 7819.66
1246000 2609.25 2620.28 2597.75 7827.28
1248000 2617.72 2623.3 2595.9 7836.92
1250000 2621.06 2627.76 2608.63 7857.45
1252000 2634.9 2645.43 2615.34 7895.67
1254000 2641.2 2656.96 2622.21 7920.38
1256000 2646.01 2668.94 2634.21 7949.16
1258000 2648.72 2665.69 2638.68 7953.09
1260000 2649.93 2661.22 2643.82 7954.97
1262000 2658.18 2677.3 2652.35 7987.83
1264000 2661.35 2681.6 2653.08 7996.03
1266000 2668.39 2688.08 2650.54 8007
1268000 2671.59 2693.56 2649.67 8014.81
1270000 2669.5 2698.23 2654.57 8022.31
1272000 2667.56 2695.76 2657.84 8021.16
1274000 2667.6 2701.08 2663.26 8031.94
1276000 2665.53 2707.29 2672.58 8045.41
1278000 2666.63 2704.99 2672.33 8043.96
1280000 2665.63 2713.59 2673.92 8053.14
1282000 2668.2 2726 2680.75 8074.94
1284000 2671.38 2727.53 2688.35 8087.25
1286000 2670.84 2729.17 2701.6 8101.61
1288000 2673.53 2728.5 2710.99 8113.02
1290000 2679.03 2738.52 2715.55 8133.1
1292000 2695.89 2736.86 2721.75 8154.5
1294000 2699.85 2737.15 2721.08 8158.08
1296000 2701.78 2751.19 2714.85 8167.82
1298000 2703.12 2755.46 2722.58 8181.17
1300000 2703.31 2761.96 2716.2 8181.46
1302000 2704.48 2764.24 2721.61 8190.33
1304000 2713.92 2770.98 2726.83 8211.73
1306000 2730.47 2770.3 2732.41 8233.18
1308000 2739.94 2776.57 2739.15 8255.66
1310000 2753.86 2779.45 2746.92 8280.22
1312000 2757.88 2793.21 2750.05 8301.15
1314000 2760.06 2789.27 2756.43 8305.77
1316000 2761.05 2786.45 2767.77 8315.27
1318000 2760.38 2789.73 2768.23 8318.34
1320000 2760.91 2785.22 2773.08 8319.21
1322000 2764.86 2780.12 2777.15 8322.14
1324000 2777.78 2776.79 2778.6 8333.16
1326000 2781.74 2776.62 2778.38 8336.74
1328000 2790.68 2776.57 2780.53 8347.78
1330000 2792.92 2774.82 2784.97 8352.72
1332000 2807.45 2784.37 2790.28 8382.1
1334000 2803.44 2788.82 2792.21 8384.47
1336000 2805.6 2791.47 2799.27 8396.34
1338000 2816.21 2783.38 2804.79 8404.38
1340000 2811.02 2796.2 2807.15 8414.37
1342000 2813.63 2799.89 2814.63 8428.15
1344000 2820.4 2812.49 2821.68 8454.57
1346000 2826.83 2815.19 2823.39 8465.42
1348000 2829.53 2820.29 2830.74 8480.56
1350000 2822.59 2821.07 2835.05 8478.71
1352000 2827.08 2823.03 2842.21 8492.31
1354000 2834.31 2825.12 2842.94 8502.37
1356000 2840.8 2828.77 2854.48 8524.05
1358000 2836.68 2837.02 2847.94 8521.64
1360000 2840.21 2844.87 2851.35 8536.43
1362000 2833.97 2853.44 2849.93 8537.34
1364000 2843.32 2863.35 2853.01 8559.68
1366000 2845.67 2867.99 2859.56 8573.21
1368000 2850.53 2867.45 2859.77 8577.75
1370000 2855 2872.04 2857.33 8584.37
1372000 2855.12 2881.43 2860.41 8596.97
1374000 2858.02 2887 2874.55 8619.57
1376000 2858.59 2888.34 2883.22 8630.16
1378000 2863.96 2893.41 2887.96 8645.33
1380000 2856.25 2912.68 2892.81 8661.75
1382000 2853.96 2919.3 2894.92 8668.18
1384000 2866.83 2922.79 2889.79 8679.41
1386000 2875.95 2929.87 2895.25 8701.07
1388000 2887.38 2937.09 2890.63 8715.1
1390000 2893.73 2944.94 2897.28 8735.95
1392000 2895.77 2952.89 2903.82 8752.49
1394000 2903.02 2961.39 2904.16 8768.56
1396000 2909.14 2961.27 2918.49 8788.9
1398000 2916.45 2958.24 2922.69 8797.38
1400000 2918.19 2962.59 2923.95 8804.74
1402000 2919.05 2959.98 2921.58 8800.62
1404000 2929.82 2966.37 2931.43 8827.62
1406000 2926.75 2961.68 2936.43 8824.86
1408000 2926.02 2967.54 2936.15 8829.71
1410000 2926.51 2963.67 2945.33 8835.51
1412000 2935.07 2974.3 2948.77 8858.13
1414000 2940.96 2982.75 2951.76 8875.47
1416000 2950.97 2992.38 2957.33 8900.68
1418000 2950.5 2985.13 2954.36 8889.99
1420000 2958.88 2992.42 2951.77 8903.07
1422000 2960.5 2993.88 2951.08 8905.46
1424000 2967.86 2997.57 2955.69 8921.12
1426000 2968.72 2999.46 2962.43 8930.61
1428000 2976.7 3006.51 2967.33 8950.54
1430000 2979.8 3002.63 2973.49 8955.92
1432000 2984.11 3001.64 2972.27 8958.01
1434000 2997.05 3010.8 2975.42 8983.27
1436000 3005.35 3014.21 2984.11 9003.67
1438000 3003.28 3018.43 2993 9014.71
1440000 3004.66 3019.86 2997.59 9022.11
1442000 3012.15 3024.67 3001.15 9037.97
1444000 3009.6 3030.72 3008.67 9048.99
1446000 3012.47 3028.41 3000 9040.87
1448000 3012.13 3038.23 2997.24 9047.6
1450000 3015.69 3032.54 2998.09 9046.31
1452000 3006.05 3027.82 2993.98 9027.84
1454000 3014.97 3032.08 2995.11 9042.16
1456000 3015.29 3035.46 2998.32 9049.07
1458000 3019.71 3037.93 3016.32 9073.95
1460000 3027.36 3047.66 3020.27 9095.29
1462000 3027.44 3055.81 3029.57 9112.82
1464000 3033.2 3062.42 3028.8 9124.42
1466000 3034.46 3063.12 3035.04 9132.62
1468000 3037.67 3080.07 3030.3 9148.04
1470000 3047.28 3077.2 3031.1 9155.58
1472000 3054.05 3081.41 3040.45 9175.9
1474000 3059.84 3091.53 3042.12 9193.49
1476000 3060.91 3100.43 3050.65 9212
1478000 3067.2 3102.27 3061.3 9230.77
1480000 3074.89 3102.95 3063.06 9240.9
1482000 3083.37 3111.54 3064.48 9259.39
1484000 3085.04 3113.2 3058.9 9257.14
1486000 3088.08 3110.44 3065.44 9263.95
1488000 3096.22 3121.82 3074.52 9292.57
1490000 3101.15 3130.53 3078.42 9310.1
1492000 3103.17 3142.06 3077.39 9322.63
1494000 3106.77 3153.98 3082.39 9343.14
1496000 3113.05 3159.26 3093.35 9365.67
1498000 3116.32 3166.22 3105.68 9388.22
1500000 3120.59 3166.58 3112.07 9399.24
1502000 3129.04 3177.45 3113.61 9420.11
1504000 3132.85 3176.18 3121.82 9430.85
1506000 3139.98 3187.78 3122.8 9450.55
1508000 3139.04 3191.2 3126.13 9456.36
1510000 3139.32 3200.24 3124.96 9464.52
1512000 3143.37 3208.17 3130.03 9481.57
1514000 3147.17 3217.93 3124.54 9489.64
1516000 3147.63 3216.25 3126.18 9490.06
1518000 3147.73 3214.7 3119.1 9481.53
1520000 3150.21 3212.58 3123.82 9486.61
1522000 3154.1 3227.46 3138.37 9519.94
1524000 3161.44 3229.32 3139.53 9530.3
1526000 3159.68 3234.4 3143.43 9537.5
1528000 3157.92 3243.77 3147.85 9549.54
1530000 3155.82 3238.6 3146.25 9540.66
1532000 3163.29 3244.43 3148.55 9556.27
1534000 3163.06 3248.67 3160.45 9572.18
1536000 3161.96 3242.78 3173.34 9578.07
1538000 3164.92 3245.41 3174.56 9584.9
1540000 3168.52 3252.06 3174.29 9594.86
1542000 3163.36 3249.04 3180.4 9592.8
1544000 3164.94 3263.18 3187.54 9615.66
1546000 3163.84 3257.47 3181.78 9603.09
1548000 3160.95 3262.56 3181.14 9604.65
1550000 3166.34 3262.51 3179.23 9608.08
1552000 3181.2 3273.69 3181.23 9636.12
1554000 3180.33 3273.65 3180.42 9634.4
1556000 3187 3280.63 3177.21 9644.84
1558000 3192.93 3288.76 3188.23 9669.91
1560000 3198.27 3298.84 3193.69 9690.8
1562000 3200.39 3309.97 3204.37 9714.73
1564000 3210.38 3315.73 3213.35 9739.46
1566000 3213.25 3322.49 3221.97 9757.71
1568000 3214.75 3322.77 3215.27 9752.8
1570000 3220.39 3334.22 3214.63 9769.24
1572000 3226.89 3337.17 3222.41 9786.47
1574000 3231.14 3349.36 3218.9 9799.4
1576000 3231.66 3351.63 3220.17 9803.46
1578000 3230.97 3351.79 3229.77 9812.53
1580000 3226.78 3361.54 3242.31 9830.62
1582000 3232.94 3368.71 3243.73 9845.37
1584000 3233.21 3367.36 3244.09 9844.66
1586000 3236.21 3365.37 3260.01 9861.58
1588000 3242.08 3378.83 3262.02 9882.92
1590000 3246.2 3394.83 3265.18 9906.21
1592000 3253.91 3403.97 3278.69 9936.57
1594000 3252.81 3406.3 3277.31 9936.43
1596000 3248.73 3410.55 3289.66 9948.93
1598000 3247.65 3410.55 3291.55 9949.75
1600000 3252.31 3412.22 3298.49 9963.02
1602000 3256.54 3425.77 3303.3 9985.61
1604000 3264.15 3425.31 3295.49 9984.95
1606000 3273.85 3428.4 3295.46 9997.71
1608000 3271.7 3432.13 3308.03 10011.9
1610000 3282.58 3442.4 3309.28 10034.3
1612000 3293.21 3446.19 3317.29 10056.7
1614000 3291.6 3442.79 3315.27 10049.7
1616000 3293.76 3442.78 3315.99 10052.5
1618000 3299.74 3439.01 3315.25 10054
1620000 3303.68 3445.01 3317.43 10066.1
1622000 3311.48 3443.37 3319.35 10074.2
1624000 3322.23 3440.95 3328.56 10091.7
1626000 3322.85 3450.53 3344.84 10118.2
1628000 3322.18 3447.75 3347.81 10117.7
1630000 3324.72 3444.87 3348 10117.6
1632000 3325.52 3443.15 3352.57 10121.2
1634000 3338.79 3445.86 3352.68 10137.3
1636000 3346.58 3456.55 3355.25 10158.4
1638000 3347.15 3462.01 3352.21 10161.4
1640000 3354.16 3462.99 3353.44 10170.6
1642000 3356.81 3469.6 3361.32 10187.7
1644000 3346.76 3469.56 3365.86 10182.2
1646000 3346.57 3475.61 3376.68 10198.9
1648000 3341.91 3479.06 3378.27 10199.2
1650000 3348.18 3488.47 3380.54 10217.2
1652000 3348.59 3495.54 3383.8 10227.9
1654000 3353.57 3494.53 3390.11 10238.2
1656000 3363.56 3491.73 3386.46 10241.8
1658000 3369.76 3512.35 3391.15 10273.3
1660000 3378.97 3525.03 3397.4 10301.4
1662000 3387.89 3524.77 3387.57 10300.2
1664000 3393.52 3509.6 3384.28 10287.4
1666000 3401.56 3523.08 3384.91 10309.6
1668000 3410.95 3521.86 3398.82 10331.6
1670000 3416.55 3525.4 3398.9 10340.9
1672000 3420.5 3529.74 3404.89 10355.1
1674000 3427.79 3528.71 3411.91 10368.4
1676000 3427.6 3533.58 3410.34 10371.5
1678000 3432.66 3540.93 3417.45 10391
1680000 3431.22 3536.03 3421.64 10388.9
1682000 3436.18 3539.34 3433.34 10408.9
1684000 3439.73 3533.88 3440.73 10414.3
1686000 3446.11 3536.05 3450.69 10432.9
1688000 3449.12 3547.71 3455.56 10452.4
1690000 3457.1 3557.67 3447.13 10461.9
1692000 3464.53 3565.22 3450.52 10480.3
1694000 3470.9 3560.7 3448.04 10479.6
1696000 3469.18 3554.24 3453.34 10476.8
1698000 3479.84 3557.67 3448.94 10486.5
1700000 3487.04 3568.5 3449.1 10504.6
1702000 3489.04 3564.68 3454.49 10508.2
1704000 3487.48 3574.74 3456.54 10518.8
1706000 3490.89 3581.8 3469.21 10541.9
1708000 3496.63 3591.61 3474.23 10562.5
1710000 3502.88 3597.24 3477.96 10578.1
1712000 3508.56 3602.61 3480.69 10591.9
1714000 3500.66 3611.37 3493.88 10605.9
1716000 3501.59 3616.31 3499.58 10617.5
1718000 3505.97 3627.51 3505.21 10638.7
1720000 3506.98 3633.72 3503.56 10644.3
1722000 3510.25 3652.93 3518.08 10681.3
1724000 3513.79 3654.78 3518.86 10687.4
1726000 3524.46 3652.35 3519.36 10696.2
1728000 3532.77 3660.56 3510.17 10703.5
1730000 3519.18 3662.14 3519.46 10700.8
1732000 3516.79 3666.31 3534.79 10717.9
1734000 3518.48 3665.81 3546.84 10731.1
1736000 3521.38 3669.3 3552.08 10742.8
1738000 3526.12 3663.95 3554.82 10744.9
1740000 3542.36 3669.23 3553.97 10765.5
1742000 3541.99 3673.22 3557.33 10772.5
1744000 3546.5 3692.19 3556.55 10795.2
1746000 3549.85 3696.37 3559.15 10805.4
1748000 3552.26 3697.27 3560.38 10809.9
1750000 3548.48 3704.41 3568.71 10821.6
1752000 3547.98 3711.73 3578.43 10838.1
1754000 3554.63 3700.98 3580.43 10836
1756000 3553.86 3701.47 3573.21 10828.5
1758000 3568.75 3712.32 3567.46 10848.5
1760000 3572.08 3698.81 3574.51 10845.4
1762000 3564.01 3707.63 3581.27 10852.9
1764000 3567.75 3713.95 3582.84 10864.5
1766000 3572.6 3714.86 3589.77 10877.2
1768000 3574.16 3720.36 3596.79 10891.3
1770000 3575.52 3709.49 3601.16 10886.2
1772000 3590.58 3716.58 3613.05 10920.2
1774000 3591.48 3713.01 3617.85 10922.3
1776000 3600.09 3718.13 3616.9 10935.1
1778000 3602.13 3717.01 3618.5 10937.6
1780000 3603.42 3720.15 3629.18 10952.7
1782000 3608.69 3724.66 3636.42 10969.8
1784000 3610.52 3735.54 3642.37 10988.4
1786000 3617.95 3737.2 3654.37 11009.5
1788000 3619.79 3741.85 3662.43 11024.1
1790000 3612.4 3741.44 3664.88 11018.7
1792000 3617.86 3743.79 3665.92 11027.6
1794000 3628.48 3741.68 3672.92 11043.1
1796000 3631.11 3760.9 3681.1 11073.1
1798000 3632.69 3770.85 3687.21 11090.8
1800000 3645.38 3776.66 3683.71 11105.8
1802000 3644.93 3777.76 3685.78 11108.5
1804000 3652.61 3774.03 3683.29 11109.9
1806000 3648.75 3775.9 3691.23 11115.9
1808000 3642.73 3781.14 3696.28 11120.1
1810000 3643.2 3778.49 3698.43 11120.1
1812000 3646.79 3777.25 3697.33 11121.4
1814000 3645.59 3786.95 3707.38 11139.9
1816000 3645.36 3782.38 3712.6 11140.3
1818000 3654.2 3787.53 3704.34 11146.1
1820000 3661.9 3795.49 3702.02 11159.4
1822000 3666.62 3793.35 3706.06 11166
1824000 3670.7 3802.31 3714.79 11187.8
1826000 3670.94 3804.82 3717.24 11193
1828000 3669.57 3803.85 3716.73 11190.1
1830000 3677.76 3812.79 3723.16 11213.7
1832000 3675.23 3820.73 3724.07 11220
1834000 3685.56 3825.6 3731.3 11242.5
1836000 3694.26 3825 3727.47 11246.7
1838000 3699.62 3823.44 3736.65 11259.7
1840000 3710.73 3830.72 3737.63 11279.1
1842000 3717.62 3842.75 3744.31 11304.7
1844000 3719.22 3836.42 3745.13 11300.8
1846000 3722.9 3846.47 3740.89 11310.3
1848000 3731.46 3857.66 3751.36 11340.5
1850000 3744.21 3861.28 3762.86 11368.4
1852000 3752.61 3868.86 3765.35 11386.8
1854000 3765.23 3875.93 3766.18 11407.3
1856000 3769.96 3873.18 3770.42 11413.6
1858000 3768.53 3891.81 3778.78 11439.1
1860000 3781.96 3902.73 3776.28 11461
1862000 3781.25 3907.89 3764.87 11454
1864000 3791.09 3917 3774.33 11482.4
1866000 3797.11 3928.1 3772.91 11498.1
1868000 3806.6 3944.9 3778.2 11529.7
1870000 3815.02 3954.2 3783.15 11552.4
1872000 3820.31 3965.95 3790.69 11577
1874000 3821.88 3972.19 3786.39 11580.5
1876000 3838.12 3967.64 3788.75 11594.5
1878000 3840.43 3969.41 3791.54 11601.4
1880000 3851.33 3975.57 3786.68 11613.6
1882000 3860.64 3977.78 3790.56 11629
1884000 3869.3 3987.64 3785.43 11642.4
1886000 3879.61 3983.71 3787.42 11650.8
1888000 3882.24 3980.06 3798.57 11660.9
1890000 3889.58 3980.84 3812.07 11682.5
1892000 3899.77 3981 3818.85 11699.6
1894000 3903.44 3987.3 3816.86 11707.6
1896000 3914.23 3987.43 3821.44 11723.1
1898000 3924.45 3994.56 3836.41 11755.4
1900000 3924.77 4006.25 3835.27 11766.3
1902000 3928.76 3991.77 3845.28 11765.8
1904000 3930.5 4001.56 3844.08 11776.1
1906000 3938.37 4001.11 3857.38 11796.9
1908000 3935.22 4007.48 3874.54 11817.2
1910000 3939.26 4020.26 3880.24 11839.8
1912000 3940.66 4024.27 3882.14 11847.1
1914000 3935.99 4019.68 3880.82 11836.5
1916000 3942.06 4017.93 3883.11 11843.1
1918000 3942.91 4027.9 3890.34 11861.1
1920000 3944.23 4034.5 3896.82 11875.6
1922000 3947.62 4038.73 3895.85 11882.2
1924000 3962.05 4032.26 3896.08 11890.4
1926000 3961.22 4037.46 3901.82 11900.5
1928000 3970.86 4036.41 3903.8 11911.1
1930000 3970.99 4049.09 3906.86 11926.9
1932000 3974.14 4040.44 3909.61 11924.2
1934000 3974.13 4038.81 3915.25 11928.2
1936000 3975.26 4046.31 3921.94 11943.5
1938000 3983.12 4054.74 3927.59 11965.4
1940000 3982.77 4051.76 3941.14 11975.7
1942000 3990.72 4057.77 3941.31 11989.8
1944000 3995.17 4060.37 3935.44 11991
1946000 4002.11 4055.9 3940.29 11998.3
1948000 4013.57 4066.86 3946.87 12027.3
1950000 4019.31 4070.12 3944.78 12034.2
1952000 4016.72 4076.29 3957.12 12050.1
1954000 4014.65 4070.63 3963.27 12048.6
1956000 4017.17 4076.01 3968.17 12061.3
1958000 4010.71 4082.78 3981.81 12075.3
1960000 4005.92 4096.89 3989.59 12092.4
1962000 4009.95 4104.47 3995.37 12109.8
1964000 4011.64 4105.2 3997.1 12113.9
1966000 4010.32 4107.7 3990.33 12108.4
1968000 4010.49 4101.87 3990.3 12102.6
1970000 4010.61 4100.01 3994.27 12104.9
1972000 4017.45 4099.28 3999.9 12116.6
1974000 4016.09 4102.62 4014.11 12132.8
1976000 4017.72 4099 4030.06 12146.8
1978000 4018.46 4107.34 4039.76 12165.6
1980000 4015.38 4114.32 4047.51 12177.2
1982000 4015.89 4114.1 4058.17 12188.2
1984000 4020.59 4122.62 4068.81 12212
1986000 4019.52 4120.76 4071.47 12211.8
1988000 4018.8 4127.16 4069.28 12215.2
1990000 4016.61 4127.61 4071.67 12215.9
1992000 4009.93 4136.03 4080.02 12226
1994000 4013.47 4139.78 4088.18 12241.4
1996000 4024.48 4149.51 4083.95 12257.9
1998000 4021.6 4153.97 4085.85 12261.4
2000000 4018.08 4163.31 4090.5 12271.9
