# Time-averaged data for fix savemsd
# TimeStep c_msd[1] c_msd[2] c_msd[3] c_msd[4]
0 1.82607e-33 0 2.19055e-29 2.19073e-29
2000 1.37966 1.43861 1.30813 4.1264
4000 2.69388 2.8168 2.59113 8.10181
6000 4.40667 4.25214 3.64924 12.308
8000 5.50486 5.26259 5.10886 15.8763
10000 6.82452 6.63777 6.44595 19.9082
12000 8.8077 8.04314 7.83699 24.6878
14000 10.5074 9.28788 9.34116 29.1364
16000 11.3079 10.5781 10.4797 32.3657
18000 12.6694 11.9596 11.5694 36.1985
20000 14.1381 12.9186 12.9501 40.0069
22000 15.6745 13.9673 13.9729 43.6147
24000 16.9081 14.7477 15.71 47.3659
26000 18.6928 16.0274 17.0483 51.7685
28000 20.357 17.484 18.1935 56.0345
30000 21.4959 18.5987 19.9124 60.007
32000 22.8724 19.871 21.8819 64.6253
34000 23.7533 21.0677 23.0307 67.8516
36000 25.1954 22.635 23.9943 71.8247
38000 26.9171 24.2077 25.5113 76.6361
40000 28.4252 25.8003 26.6877 80.9132
42000 29.8413 26.6791 27.7733 84.2937
44000 31.4488 28.5745 28.793 88.8163
46000 32.6064 30.2853 30.4992 93.3909
48000 33.563 31.5185 31.4261 96.5076
50000 35.4044 33.2022 32.6569 101.264
52000 37.0077 34.282 34.2266 105.516
54000 37.9882 35.4285 35.7665 109.183
56000 39.8745 36.3036 37.5978 113.776
58000 41.4075 37.261 39.0761 117.745
60000 42.3885 38.5361 40.5617 121.486
62000 43.9669 40.5888 42.0692 126.625
64000 45.2688 41.7128 42.4919 129.473
66000 47.0568 43.3439 44.1794 134.58
68000 47.7199 44.7498 45.4602 137.93
70000 49.8937 46.3703 46.7439 143.008
72000 52.4101 48.355 49.0603 149.825
74000 53.6003 49.2241 51.1484 153.973
76000 54.8074 50.6325 52.78 158.22
78000 55.5536 51.0117 54.4873 161.053
80000 56.5752 52.8394 55.3813 164.796
82000 57.3254 54.2268 56.5103 168.062
84000 58.3034 54.6263 58.578 171.508
86000 60.4871 55.366 59.8012 175.654
88000 61.0083 57.5183 60.1494 178.676
90000 62.8854 59.1088 61.832 183.826
92000 63.9068 60.4927 62.8687 187.268
94000 66.2623 60.9123 63.9186 191.093
96000 66.7453 62.4497 64.7836 193.979
98000 67.9714 63.0487 66.2186 197.239
100000 69.0263 65.022 66.8498 200.898
102000 70.5141 66.5196 68.8764 205.91
104000 70.8731 67.6091 70.6534 209.136
106000 71.7832 69.059 72.2229 213.065
108000 73.3379 70.4995 73.352 217.189
110000 74.5653 72.2021 75.0787 221.846
112000 75.2658 73.7826 76.599 225.648
114000 75.9859 74.9317 77.529 228.447
116000 77.9495 75.8418 78.9737 232.765
118000 79.0363 77.4668 80.5848 237.088
120000 80.5424 78.1914 81.9519 240.686
122000 81.9749 80.1762 82.3444 244.496
124000 84.546 80.6179 83.502 248.666
126000 86.4728 81.7184 84.4164 252.608
128000 88.8201 83.5087 86.1079 258.437
130000 91.4193 84.9115 87.1293 263.46
132000 92.9257 86.1616 87.7574 266.845
134000 94.5859 87.8741 89.3375 271.797
136000 96.9445 88.9505 90.0408 275.936
138000 97.894 89.8016 91.2225 278.918
140000 99.6278 90.639 93.3073 283.574
142000 101.319 92.1962 94.8636 288.378
144000 103.889 94.6831 95.9319 294.504
146000 105.755 95.9357 96.2263 297.917
148000 106.661 95.4199 98.0079 300.089
150000 108.127 96.7502 99.1088 303.986
152000 109.989 98.4943 100.633 309.116
154000 110.203 99.9605 101.971 312.134
156000 111.703 102.088 102.842 316.633
158000 112.77 104.219 104.161 321.151
160000 113.734 106.198 105.394 325.326
162000 115.233 107.668 107.262 330.163
164000 116.958 109.576 108.692 335.225
166000 118.208 110.423 111.941 340.572
168000 119.172 112.179 113.368 344.719
170000 118.233 113.275 115.131 346.639
172000 118.4 114.847 115.865 349.113
174000 120.31 116.084 116.973 353.367
176000 122.514 118.007 118.778 359.299
178000 124.376 120.35 120.903 365.628
180000 125.961 121.741 122.216 369.918
182000 127.274 123.877 124.803 375.953
184000 128.652 125.251 125.997 379.9
186000 130.318 125.684 127.398 383.4
188000 132.513 126.789 129.38 388.682
190000 134.511 128.086 131.176 393.773
192000 134.258 128.695 132.907 395.86
194000 135.48 129.976 134.72 400.176
196000 136.671 130.185 134.698 401.554
198000 137.449 130.775 135.91 404.134
200000 138.385 132.908 137.494 408.788
202000 139.568 133.08 139.023 411.671
204000 141.093 134.59 140.426 416.109
206000 142.204 136.183 141.877 420.264
208000 144.963 138.792 141.771 425.526
210000 146.761 139.619 142.892 429.271
212000 149.446 141.881 144.53 435.857
214000 151.221 142.532 146.828 440.581
216000 153.728 144.316 149.037 447.081
218000 154.766 145.724 150.861 451.352
220000 155.393 148.602 152.408 456.402
222000 156.413 150.729 154.942 462.083
224000 157.002 152.482 155.879 465.363
226000 158.93 154.791 157.245 470.966
228000 159.532 155.827 158.602 473.961
230000 161.756 158.103 160.421 480.28
232000 162.662 160.823 161.463 484.947
234000 163.39 162.736 162.246 488.373
236000 163.433 163.804 163.081 490.318
238000 164.965 165.216 163.33 493.51
240000 165.638 166.801 164.825 497.264
242000 166.924 167.741 165.777 500.441
244000 166.947 170.338 168.163 505.449
246000 168.349 171.6 170.473 510.421
248000 170.149 172.279 171.621 514.049
250000 171.105 174.159 172.823 518.088
252000 175.298 176.047 175.236 526.581
254000 176.23 176.59 178.455 531.276
256000 177.436 176.824 179.724 533.983
258000 177.292 177.534 181.952 536.778
260000 178.976 178.718 183.429 541.123
262000 180.007 181.039 185.225 546.27
264000 180.099 181.063 186.828 547.989
266000 180.043 181.601 187.817 549.461
268000 180.17 182.628 188.727 551.525
270000 181.469 183.179 191.842 556.489
272000 183.008 182.824 194.325 560.157
274000 183.839 184.619 195.814 564.272
276000 185.745 185.199 195.822 566.766
278000 186.838 187.787 197.218 571.843
280000 188.509 188.558 198.326 575.394
282000 189.761 190.296 200.066 580.123
284000 191.881 192.558 201.393 585.832
286000 193.427 194.491 204.478 592.396
288000 195.173 195.973 205.958 597.104
290000 196.249 197.73 207.151 601.129
292000 196.921 200.324 209.483 606.728
294000 197.959 202.025 209.814 609.799
296000 199.417 203.792 210.188 613.397
298000 200.411 205.234 211.317 616.962
300000 202.532 206.439 212.372 621.343
302000 203.886 206.751 213.381 624.018
304000 205.076 208.942 214.492 628.51
306000 206.528 210.813 215.049 632.39
308000 207.767 211.228 216.342 635.337
310000 208.521 214.127 219.418 642.066
312000 209.856 214.604 220.279 644.739
314000 210.291 215.321 221.89 647.502
316000 209.67 217.079 223.441 650.19
318000 210.499 218.479 225.051 654.028
320000 212.439 219.198 226.9 658.538
322000 213.157 220.743 229.211 663.11
324000 214.884 220.956 232.101 667.942
326000 214.735 222.372 233.794 670.901
328000 215.847 222.477 235.456 673.779
330000 216.667 222.915 237.119 676.7
332000 217.693 223.585 239.466 680.743
334000 220.34 225.165 240.705 686.211
336000 222.685 227.006 241.566 691.257
338000 224.983 228.638 242.197 695.818
340000 227.715 229.074 242.747 699.536
342000 230.148 231.039 243.192 704.379
344000 230.759 234.341 243.652 708.752
346000 232.829 233.245 244.969 711.043
348000 233.098 234.313 246.925 714.336
350000 232.893 234.582 248.325 715.8
352000 234.603 236.451 249.064 720.119
354000 235.836 238.753 250.567 725.157
356000 238.036 237.885 252.908 728.83
358000 240.542 238.312 251.931 730.785
360000 241.038 239.668 252.927 733.633
362000 242.756 240.241 254.144 737.14
364000 244.587 242.027 256.179 742.793
366000 243.945 243.234 258.917 746.096
368000 245.387 244.409 261.788 751.584
370000 247.87 247.093 262.007 756.97
372000 249.177 247.419 262.383 758.979
374000 251.913 247.966 261.662 761.541
376000 254.872 250.211 264.21 769.293
378000 257.453 250.976 264.986 773.415
380000 258.059 250.385 267.42 775.864
382000 260.322 252.911 267.409 780.642
384000 262.103 254.162 269.162 785.427
386000 264.043 257.101 271.136 792.281
388000 265.03 258.046 272.617 795.693
390000 265.836 260.366 274.465 800.666
392000 267.628 261.082 273.984 802.695
394000 268.19 263.211 274.709 806.109
396000 269.341 262.432 276.563 808.337
398000 271.81 263.822 277.803 813.434
400000 273.996 265.02 278.485 817.501
402000 274.014 264.811 279.644 818.469
404000 273.967 265.686 279.101 818.754
406000 277.096 266.876 279.511 823.482
408000 279.715 269.043 280.303 829.06
410000 280.79 270.014 280.898 831.702
412000 282.227 271.94 282.49 836.657
414000 282.444 272.613 283.667 838.725
416000 283.17 273.473 287.065 843.708
418000 286.486 275.452 288.455 850.392
420000 287.253 275.804 288.791 851.848
422000 288.87 278.292 288.612 855.774
424000 289.729 279.898 289.21 858.837
426000 290.141 282.773 290.512 863.426
428000 291.244 284.508 292.432 868.184
430000 291.704 286.459 292.173 870.336
432000 292.935 288.662 294.194 875.791
434000 294.631 289.468 295.82 879.918
436000 294.17 291.143 295.073 880.386
438000 296.067 292.183 295.898 884.148
440000 297.778 295.411 298.228 891.417
442000 298.981 296.805 299.908 895.694
444000 299.983 302.238 303.154 905.375
446000 301.572 304.621 306.402 912.596
448000 300.474 302.865 307.317 910.655
450000 301.829 302.868 311.492 916.188
452000 302.372 304.558 310.302 917.231
454000 302.794 303.934 311.079 917.807
456000 304.771 305.245 311.027 921.043
458000 306.114 306.791 313.227 926.132
460000 306.542 306.854 314.709 928.106
462000 306.016 307.479 315.971 929.465
464000 305.968 304.999 317.523 928.49
466000 307.125 304.098 319.657 930.881
468000 309.802 305.661 320.164 935.626
470000 310.17 307.41 321.847 939.426
472000 311.457 307.235 323.204 941.896
474000 312.536 307.956 323.651 944.143
476000 313.238 308.844 326.304 948.386
478000 315.478 310.857 329.152 955.487
480000 317.067 311.242 329.497 957.806
482000 318.109 312.597 331.617 962.323
484000 318.748 315.584 331.637 965.969
486000 321.204 316.45 332.113 969.767
488000 322.109 319.474 333.261 974.844
490000 324.202 317.87 335.028 977.1
492000 325.946 319.465 334.763 980.175
494000 327.615 322.226 337.698 987.539
496000 328.861 324.03 338.003 990.895
498000 329.098 324.021 339.459 992.577
500000 330.79 327.043 340.675 998.508
502000 330.867 328.563 342.699 1002.13
504000 332.902 328.645 343.238 1004.79
506000 334.628 329.005 342.731 1006.36
508000 337.053 330.125 344.608 1011.79
510000 337.521 330.434 344.864 1012.82
512000 338.472 331.584 344.405 1014.46
514000 338.29 333.539 343.78 1015.61
516000 339.016 333.977 345.21 1018.2
518000 340.115 333.962 347.868 1021.95
520000 341.146 333.645 350.982 1025.77
522000 344.093 334.334 350.774 1029.2
524000 346.883 335.665 351.258 1033.81
526000 346.427 336.321 349.716 1032.46
528000 346.827 336.904 351.305 1035.04
530000 347.708 337.784 352.106 1037.6
532000 349.766 339.41 352.729 1041.91
534000 349.685 341.46 353.969 1045.11
536000 349.307 342.845 357.797 1049.95
538000 350.291 344.173 359.914 1054.38
540000 352.128 346.362 361.262 1059.75
542000 354.86 347.573 362.743 1065.18
544000 356.713 348.092 364.8 1069.6
546000 358.788 348.024 368.005 1074.82
548000 361.381 349.295 368.828 1079.5
550000 365.049 349.081 372.505 1086.64
552000 366.428 350.691 373.749 1090.87
554000 368.14 353.373 374.405 1095.92
556000 368.723 354.754 374.66 1098.14
558000 368.691 356.915 375.307 1100.91
560000 369.825 358.038 376.922 1104.79
562000 372.046 360.886 378.823 1111.75
564000 371.147 364.492 381.469 1117.11
566000 372.929 366.126 384.207 1123.26
568000 374.35 367.461 384.399 1126.21
570000 376.889 367.816 386.254 1130.96
572000 378.367 370.965 386.96 1136.29
574000 379.007 372.851 389.581 1141.44
576000 381.78 373.339 391.057 1146.18
578000 381.809 374.624 392.17 1148.6
580000 384.249 374.571 392.079 1150.9
582000 386.777 374.104 394.651 1155.53
584000 387.494 376.07 394.989 1158.55
586000 388.578 376.867 397.053 1162.5
588000 389.133 377.358 398.302 1164.79
590000 391.373 379.625 400.069 1171.07
592000 392.726 381.839 400.972 1175.54
594000 393.996 384.547 400.606 1179.15
596000 396.315 385.987 400.594 1182.9
598000 396.32 388.029 403.13 1187.48
600000 399.102 391.66 402.606 1193.37
602000 399.981 393.538 402.503 1196.02
604000 401.414 395.677 402.547 1199.64
606000 402.212 396.392 403.806 1202.41
608000 402.139 395.131 405.886 1203.16
610000 402.933 396.995 407.369 1207.3
612000 402.256 399.481 408.488 1210.23
614000 402.826 400.502 409.091 1212.42
616000 404.983 402.006 411.079 1218.07
618000 406.998 403.238 412.275 1222.51
620000 408.651 405.279 414.01 1227.94
622000 411.106 406.16 416.459 1233.72
624000 410.625 408.984 418.246 1237.85
626000 410.348 409.313 420.762 1240.42
628000 412.885 410.988 423.838 1247.71
630000 413.308 412.612 425.87 1251.79
632000 414.618 416.077 427.958 1258.65
634000 416.697 415.8 428.659 1261.16
636000 416.96 418.319 429.739 1265.02
638000 417.885 418.326 430.756 1266.97
640000 418.475 420.379 432.929 1271.78
642000 419.748 420.353 432.896 1273
644000 421.202 420.003 434.612 1275.82
646000 422.502 422.422 436.419 1281.34
648000 425.093 423.037 438.156 1286.29
650000 425.245 423.617 439.734 1288.6
652000 427.188 424.344 442.108 1293.64
654000 426.532 424.232 442.876 1293.64
656000 429.868 424.456 443.245 1297.57
658000 430.489 425.47 445.534 1301.49
660000 433.861 427.593 447.465 1308.92
662000 434.171 430.041 446.859 1311.07
664000 435.608 430.283 447.988 1313.88
666000 437.099 435.333 450.182 1322.61
668000 437.726 436.052 451.037 1324.82
670000 436.143 438.349 451.886 1326.38
672000 437.377 439.517 451.423 1328.32
674000 439.79 440.504 453.159 1333.45
676000 441.26 442.34 454.622 1338.22
678000 441.453 442.648 454.741 1338.84
680000 443.187 443.894 456.485 1343.57
682000 442.795 444.546 455.237 1342.58
684000 443.496 444.267 458.735 1346.5
686000 444.114 445.584 459.987 1349.69
688000 444.158 447.166 460.983 1352.31
690000 445.877 447.333 462.964 1356.17
692000 449.644 448.384 465.597 1363.63
694000 450.14 449.567 465.687 1365.39
696000 450.665 449.946 465.311 1365.92
698000 453.345 451.563 464.355 1369.26
700000 454.879 452.568 464.977 1372.42
702000 455.217 454.652 467.689 1377.56
704000 455.08 455.65 470.37 1381.1
706000 456.067 455.985 471.022 1383.07
708000 455.979 455.507 472.212 1383.7
710000 455.526 455.639 473.465 1384.63
712000 457.969 458.932 475.192 1392.09
714000 458.337 459.742 475.124 1393.2
716000 459.654 459.97 478.419 1398.04
718000 460.206 459.788 481.788 1401.78
720000 459.949 458.645 482.332 1400.93
722000 461.39 459.588 485.014 1405.99
724000 462.876 463.096 486.561 1412.53
726000 465.86 462.857 490.311 1419.03
728000 467.079 462.125 489.647 1418.85
730000 469.636 460.899 492.779 1423.31
732000 473.493 462.588 494.728 1430.81
734000 476.407 461.83 494.028 1432.26
736000 479.283 461.196 496.269 1436.75
738000 479.843 465.449 498.352 1443.64
740000 478.475 466.029 499.441 1443.94
742000 479.017 469.248 499.235 1447.5
744000 479.444 471.234 500.387 1451.06
746000 481.754 471.704 501.01 1454.47
748000 483.919 472.02 501.855 1457.79
750000 486.262 475.294 505.149 1466.7
752000 487.136 478.496 506.361 1471.99
754000 489.883 481.432 507.864 1479.18
756000 490.614 481.511 511.525 1483.65
758000 491.997 483.995 514.242 1490.23
760000 495.591 484.666 514.526 1494.78
762000 494.984 487.003 515.414 1497.4
764000 496.427 489.088 518.854 1504.37
766000 497.594 488.871 521.78 1508.24
768000 500.914 491.544 521.449 1513.91
770000 502.137 491.992 523.414 1517.54
772000 505.159 493.006 528.236 1526.4
774000 506.859 493.307 526.274 1526.44
776000 506.997 495.028 529.001 1531.03
778000 510.654 496.413 530.177 1537.24
780000 513.172 496.926 529.463 1539.56
782000 515.195 498.208 531.505 1544.91
784000 515.411 498.804 534.68 1548.89
786000 515.387 501.858 537.495 1554.74
788000 515.238 502.202 537.882 1555.32
790000 516.59 503.341 539.162 1559.09
792000 517.737 504.509 541.134 1563.38
794000 518.315 506.542 543.252 1568.11
796000 521.541 507.921 544.83 1574.29
798000 522.538 510.639 545.676 1578.85
800000 521.599 509.732 547.449 1578.78
802000 524.435 510.51 549.311 1584.26
804000 527.363 512.661 549.754 1589.78
806000 528.138 514.278 552.536 1594.95
808000 530.841 518.301 554.548 1603.69
810000 531.38 518.619 555.762 1605.76
812000 533.59 521.014 556.808 1611.41
814000 533.035 521.243 559.398 1613.68
816000 535.087 524.376 562.105 1621.57
818000 537.086 525.997 565.044 1628.13
820000 536.9 527.529 567.033 1631.46
822000 538.1 529.042 568.195 1635.34
824000 538.787 530.823 568.404 1638.01
826000 540.468 533.244 569.73 1643.44
828000 540.189 532.8 571.846 1644.83
830000 541.451 534.934 570.536 1646.92
832000 545.115 535.553 570.977 1651.64
834000 546.995 536.97 571.636 1655.6
836000 547.069 537.563 573.191 1657.82
838000 550.208 539.561 575.273 1665.04
840000 552.64 538.132 577.04 1667.81
842000 554.582 540.873 576.573 1672.03
844000 555.394 540.872 578.517 1674.78
846000 556.567 539.997 583.214 1679.78
848000 559.517 541.84 583.682 1685.04
850000 559.418 542.718 584.6 1686.74
852000 559.833 542.128 584.391 1686.35
854000 561.015 543.037 583.555 1687.61
856000 562.492 546.937 585.311 1694.74
858000 565.091 547.152 584.508 1696.75
860000 566.327 547.837 584.165 1698.33
862000 567.867 549.383 584.442 1701.69
864000 570.341 551.058 585.672 1707.07
866000 569.932 551.236 585.678 1706.85
868000 570.122 552.96 588.859 1711.94
870000 573.474 554.793 590.165 1718.43
872000 573.968 557.251 594.03 1725.25
874000 576.256 559.2 596.911 1732.37
876000 574.588 561.456 597.603 1733.65
878000 576.932 559.647 598.286 1734.87
880000 576.213 560.922 600.461 1737.6
882000 575.111 562.904 602.507 1740.52
884000 577.904 564.415 604.449 1746.77
886000 581.765 566.879 605.778 1754.42
888000 583.953 568.628 606.22 1758.8
890000 585.253 571.064 605.888 1762.2
892000 587.464 571.487 603.596 1762.55
894000 590.153 575.335 606.856 1772.34
896000 591.701 575.819 607.618 1775.14
898000 589.798 576.73 608.317 1774.85
900000 593.176 579.236 609.336 1781.75
902000 594.863 580.267 613.464 1788.59
904000 594.181 580.991 614.818 1789.99
906000 596.181 581.763 617.021 1794.97
908000 597.626 584.129 617.858 1799.61
910000 597.533 586.103 621.235 1804.87
912000 599.364 586.585 622.965 1808.91
914000 601.654 587.572 625.583 1814.81
916000 602.718 587.247 625.627 1815.59
918000 607.725 589.351 628.138 1825.21
920000 607.831 591.108 629.273 1828.21
922000 608.559 592.614 630.094 1831.27
924000 609.055 596.383 629.092 1834.53
926000 610.856 598.272 630.486 1839.61
928000 612.786 598.927 630.248 1841.96
930000 616.603 600.941 631.324 1848.87
932000 617.069 602.654 631.102 1850.83
934000 618.144 604.292 633.122 1855.56
936000 620.466 606.263 634.786 1861.51
938000 622.622 608.236 636.322 1867.18
940000 625.48 611.233 635.172 1871.89
942000 627.475 613.426 635.743 1876.64
944000 629.236 612.772 636.002 1878.01
946000 633.366 614.703 635.785 1883.85
948000 634.765 614.308 638.241 1887.31
950000 637.548 613.8 639.41 1890.76
952000 639.11 613.833 638.617 1891.56
954000 639.076 613.789 640.367 1893.23
956000 640.044 614.296 642.182 1896.52
958000 641.697 614.291 644.19 1900.18
960000 643.048 616.139 643.225 1902.41
962000 644.096 618.371 644.079 1906.55
964000 648.287 620.733 645.102 1914.12
966000 651.287 620.881 646.495 1918.66
968000 652.086 621.01 647.582 1920.68
970000 654.822 619.308 651.24 1925.37
972000 652.626 620.227 653.626 1926.48
974000 654.121 622.007 653.286 1929.41
976000 655.259 622.702 654.591 1932.55
978000 656.763 625.646 658.978 1941.39
980000 656.196 627.999 661.59 1945.78
982000 655.433 627.815 662.517 1945.76
984000 656.231 628.537 663.902 1948.67
986000 658.3 627.94 665.745 1951.98
988000 660.034 627.92 668.437 1956.39
990000 660.301 631.016 670.107 1961.42
992000 660.602 633.528 671.554 1965.68
994000 661.126 634.887 670.927 1966.94
996000 662.932 634.596 672.585 1970.11
998000 661.865 634.484 672.935 1969.28
1000000 664.103 635.837 674.82 1974.76
1002000 663.28 636.684 677.618 1977.58
1004000 664.096 638.585 677.201 1979.88
1006000 665.963 638.064 679.387 1983.41
1008000 667.945 640.051 681.351 1989.35
1010000 671.007 639.589 683.599 1994.19
1012000 671.408 640.985 685.274 1997.67
1014000 672.858 642.277 683.31 1998.44
1016000 674.859 641.131 684.667 2000.66
1018000 675.19 640.418 684.669 2000.28
1020000 676.345 641.758 684.584 2002.69
1022000 678.752 643.631 687.183 2009.57
1024000 680.506 646.174 689.86 2016.54
1026000 682.29 647.219 690.3 2019.81
1028000 683.342 646.662 690.365 2020.37
1030000 681.784 649.493 690.239 2021.52
1032000 687.469 648.51 689.256 2025.24
1034000 689.114 650.461 687.915 2027.49
1036000 688.518 650.875 691.239 2030.63
1038000 690.239 651.708 692.577 2034.52
1040000 692.919 650.681 692.352 2035.95
1042000 693.289 651.12 692.227 2036.64
1044000 693.637 656.43 694.265 2044.33
1046000 691.91 656.603 693.58 2042.09
1048000 691.259 658.673 696.632 2046.56
1050000 694.492 662.762 698.014 2055.27
1052000 694.333 662.17 700.728 2057.23
1054000 696.888 663.649 701.771 2062.31
1056000 697.486 666.439 701.963 2065.89
1058000 697.652 668.904 705.884 2072.44
1060000 698.621 670.492 707.059 2076.17
1062000 698.908 671.481 708.058 2078.45
1064000 702.294 674.738 708.819 2085.85
1066000 703.612 676.372 711.507 2091.49
1068000 702.686 676.997 713.276 2092.96
1070000 706.703 679.52 714.647 2100.87
1072000 709.655 680.96 716.743 2107.36
1074000 710.176 681.507 717.412 2109.1
1076000 711.563 684.462 718.15 2114.17
1078000 714.245 685.451 720.152 2119.85
1080000 715.596 689.141 720.897 2125.63
1082000 716.178 687.933 719.638 2123.75
1084000 719.051 689.101 724.518 2132.67
1086000 718.589 690.029 726.406 2135.02
1088000 720.243 689.157 724.444 2133.84
1090000 722.812 692.157 724.368 2139.34
1092000 725.302 694.545 726.588 2146.44
1094000 726.792 699.237 727.945 2153.97
1096000 730.579 700.565 729.991 2161.14
1098000 733.144 703.89 729.56 2166.59
1100000 733.997 705.652 730.925 2170.57
1102000 734.231 705.81 736.428 2176.47
1104000 736.776 709.817 735.602 2182.19
1106000 738.608 710.121 739.248 2187.98
1108000 739.274 714.608 739.72 2193.6
1110000 740.603 716.749 741.944 2199.3
1112000 742.445 717.984 743.537 2203.97
1114000 744.076 720.699 745.77 2210.55
1116000 746.235 720.474 746.374 2213.08
1118000 749.359 719.926 746.829 2216.11
1120000 752.16 722.891 744.931 2219.98
1122000 751.827 725.721 745.375 2222.92
1124000 751.826 726.795 748.211 2226.83
1126000 751.953 727.332 749.372 2228.66
1128000 754.366 728.686 749.474 2232.53
1130000 755.374 730.45 748.786 2234.61
1132000 756.844 732.37 751.216 2240.43
1134000 756.895 732.888 753.055 2242.84
1136000 754.747 731.88 754.814 2241.44
1138000 756.765 733.799 758.189 2248.75
1140000 757.147 736.537 757.978 2251.66
1142000 760.284 736.286 759.146 2255.72
1144000 758.971 738.879 759.24 2257.09
1146000 758.845 741.129 759.663 2259.64
1148000 760.897 742.132 759.182 2262.21
1150000 760.142 742.379 760.412 2262.93
1152000 760.164 741.867 759.842 2261.87
1154000 763.657 746.858 760.999 2271.51
1156000 765.966 747.96 760.37 2274.3
1158000 765.214 749.467 758.94 2273.62
1160000 765.836 749.674 761.316 2276.83
1162000 767.368 750.536 762.559 2280.46
1164000 766.685 754.255 763.699 2284.64
1166000 767.366 755.473 762.973 2285.81
1168000 768.906 756.411 761.469 2286.79
1170000 770.517 758.395 760.742 2289.65
1172000 768.408 756.486 762.314 2287.21
1174000 769.137 756.979 763.453 2289.57
1176000 772.345 756.899 764.26 2293.5
1178000 773.213 758.826 766.165 2298.2
1180000 775.176 761.796 769.994 2306.97
1182000 776.294 766.913 771.55 2314.76
1184000 779.711 768.387 772.893 2320.99
1186000 779.658 766.577 776.33 2322.57
1188000 782.899 769.392 780.374 2332.67
1190000 785.981 770.15 780.882 2337.01
1192000 786.393 775.46 780.523 2342.38
1194000 787.345 776.347 783.279 2346.97
1196000 791.686 779.575 784.281 2355.54
1198000 795.444 778.92 786.824 2361.19
1200000 795.289 781.536 789.421 2366.25
1202000 798.703 781.025 788.387 2368.11
1204000 799.75 782.535 790.057 2372.34
1206000 802.548 787.186 788.992 2378.73
1208000 804.42 786.905 787.679 2379
1210000 804.752 787.271 786.538 2378.56
1212000 808.717 788.998 788.467 2386.18
1214000 810.289 789.639 786.014 2385.94
1216000 808.596 789.853 787.937 2386.39
1218000 808.221 788.742 790.058 2387.02
1220000 808.203 789.881 792.517 2390.6
1222000 811.51 792.801 794.685 2399
1224000 813.666 794.435 793.972 2402.07
1226000 817.744 795.463 795.455 2408.66
1228000 816.653 797.22 796.136 2410.01
1230000 821.611 796.444 796.199 2414.25
1232000 822.374 799.111 800.695 2422.18
1234000 823.541 797.889 801.972 2423.4
1236000 825.176 797.215 803.392 2425.78
1238000 827.841 800.052 804.594 2432.49
1240000 828.701 800.501 807.544 2436.75
1242000 830.337 802.29 804.354 2436.98
1244000 833.688 806.631 805.71 2446.03
1246000 835.864 806.061 807.212 2449.14
1248000 837.407 806.33 809.231 2452.97
1250000 838.546 807.654 811.113 2457.31
1252000 841.268 809.226 810.4 2460.89
1254000 843 810.777 811.045 2464.82
1256000 845.786 810.816 814.909 2471.51
1258000 850.373 814.198 816.706 2481.28
1260000 849.628 815.3 817.633 2482.56
1262000 851.772 816.463 819.106 2487.34
1264000 851.199 818.758 821.156 2491.11
1266000 851.678 821.349 828.75 2501.78
1268000 853.918 819.557 825.816 2499.29
1270000 854.016 821.064 827.617 2502.7
1272000 855.397 823.743 827.822 2506.96
1274000 857.536 827.353 830.803 2515.69
1276000 857.298 832.783 831.829 2521.91
1278000 859.406 835.216 832.295 2526.92
1280000 860.985 834.721 834.976 2530.68
1282000 860.791 837.36 832.686 2530.84
1284000 863.354 839.111 833.161 2535.63
1286000 865.076 840.542 835.937 2541.56
1288000 869.092 844.698 840.49 2554.28
1290000 870.027 844.329 842.502 2556.86
1292000 871.848 846.577 844.109 2562.53
1294000 875.615 846.32 845.005 2566.94
1296000 877.817 847.038 845.374 2570.23
1298000 876.762 849.424 848.642 2574.83
1300000 874.693 850.423 850.045 2575.16
1302000 878.371 851.541 851.43 2581.34
1304000 878.84 850.658 851.09 2580.59
1306000 878.133 849.936 853.741 2581.81
1308000 880.993 850.57 857.666 2589.23
1310000 882.692 850.4 856.305 2589.4
1312000 884.457 849.463 858.128 2592.05
1314000 887.632 852.069 859.619 2599.32
1316000 889.251 852.72 860.239 2602.21
1318000 889.769 852.22 865.484 2607.47
1320000 892.565 854.031 869.847 2616.44
1322000 894.66 853.855 872.083 2620.6
1324000 895.134 855.234 874.067 2624.43
1326000 896.775 856.721 874.525 2628.02
1328000 898.44 857.683 875.114 2631.24
1330000 898.12 857.702 874.986 2630.81
1332000 899.022 857.871 874.709 2631.6
1334000 897.173 859.711 875.242 2632.13
1336000 898.727 864.436 877.58 2640.74
1338000 901.364 865.902 878.617 2645.88
1340000 903.649 868.096 880.438 2652.18
1342000 904.535 865.62 879.431 2649.59
1344000 907.634 869.94 881.766 2659.34
1346000 907.104 873.459 885.202 2665.76
1348000 908.901 875.548 885.456 2669.91
1350000 909.815 877.642 885.367 2672.82
1352000 909.7 877.471 887.49 2674.66
1354000 910.69 878.025 886.088 2674.8
1356000 911.077 882.748 886.599 2680.42
1358000 912.204 886.021 889.038 2687.26
1360000 914.982 888.277 890.879 2694.14
1362000 915.05 885.938 891.497 2692.48
1364000 915.067 886.531 894.003 2695.6
1366000 915.225 889.835 895.673 2700.73
1368000 913.461 890.318 896.964 2700.74
1370000 915.014 890.116 898.123 2703.25
1372000 916.626 890.293 899.424 2706.34
1374000 918.041 888.615 897.073 2703.73
1376000 918.331 888.481 901.037 2707.85
1378000 922.8 891.678 903.753 2718.23
1380000 924.013 894.939 907.052 2726
1382000 924.282 898.91 907.022 2730.21
1384000 925.014 900.034 908.058 2733.11
1386000 925.402 903.037 909.361 2737.8
1388000 927.795 903.11 909.951 2740.86
1390000 927.989 904.126 913.458 2745.57
1392000 927.009 903.729 913.387 2744.13
1394000 928.59 904.237 915.49 2748.32
1396000 928.696 904.831 918.475 2752
1398000 929.834 906.271 921 2757.11
1400000 929.475 907.154 925.048 2761.68
1402000 930.665 908.751 924.176 2763.59
1404000 933.164 909.117 926.259 2768.54
1406000 933.343 912.614 926.687 2772.64
1408000 937.505 917.235 929.586 2784.33
1410000 937.884 920.174 929.099 2787.16
1412000 937.639 923.352 930.36 2791.35
1414000 942.422 927.624 935.858 2805.9
1416000 944.641 932.118 935.175 2811.93
1418000 945.135 930.173 939.679 2814.99
1420000 944.396 929.94 940.881 2815.22
1422000 940.922 929.565 942.293 2812.78
1424000 942.128 931.199 943.672 2817
1426000 943.212 933.58 946.691 2823.48
1428000 946.551 934.737 946.905 2828.19
1430000 949.059 930.806 947.778 2827.64
1432000 950.617 931.328 951.319 2833.26
1434000 951.684 931.009 951.381 2834.07
1436000 949.084 934.887 953.889 2837.86
1438000 948.662 935.033 955.352 2839.05
1440000 951.627 939.592 955.931 2847.15
1442000 954.443 940.495 959.115 2854.05
1444000 952.503 944.031 957.554 2854.09
1446000 953.242 946.969 960.746 2860.96
1448000 952.771 951.02 963.744 2867.53
1450000 952.658 954.27 964.402 2871.33
1452000 956.97 955.78 967.339 2880.09
1454000 958.93 956.712 969.965 2885.61
1456000 959.591 955.903 970.75 2886.24
1458000 962.16 955.3 969.874 2887.33
1460000 962.566 956.077 970.126 2888.77
1462000 961.41 956.52 970.916 2888.85
1464000 961.669 957.217 972.475 2891.36
1466000 960.229 960.807 973.47 2894.51
1468000 959.759 961.631 976.68 2898.07
1470000 955.974 965.747 980.756 2902.48
1472000 955.831 968.901 981.964 2906.7
1474000 956.857 970.66 984.89 2912.41
1476000 954.31 973.771 981.994 2910.08
1478000 956.065 977.863 983.589 2917.52
1480000 955.562 980.264 983.765 2919.59
1482000 955.128 980.173 985.865 2921.17
1484000 957.501 983.875 989.298 2930.67
1486000 956.797 984.294 991.003 2932.09
1488000 958.68 985.193 990.045 2933.92
1490000 958.935 987.979 993.776 2940.69
1492000 961.413 991.779 996.148 2949.34
1494000 964.459 992.53 997.522 2954.51
1496000 965.152 995.501 998.741 2959.39
1498000 966.734 1002.79 1001.1 2970.62
1500000 970.776 1003.43 1002.29 2976.49
1502000 974.235 1003.41 1004.74 2982.38
1504000 975.145 1006.1 1008.2 2989.45
1506000 975.401 1006.39 1013.29 2995.08
1508000 978.275 1005.49 1014.22 2997.99
1510000 977.676 1005.84 1012.71 2996.22
1512000 979.997 1007.62 1012.93 3000.55
1514000 983.781 1008.39 1013.19 3005.36
1516000 982.638 1011.97 1014.9 3009.51
1518000 985.278 1012.52 1016.33 3014.13
1520000 987.157 1012.72 1020.8 3020.68
1522000 991.992 1013.26 1025.56 3030.81
1524000 993.398 1015.24 1024.2 3032.84
1526000 992.449 1017.92 1024.8 3035.17
1528000 994.025 1021.19 1026.78 3041.99
1530000 995.378 1021.73 1027.39 3044.5
1532000 996.639 1027.91 1028.02 3052.57
1534000 999.707 1030.98 1029.33 3060.02
1536000 1004 1032.28 1032.49 3068.77
1538000 1004.44 1035.27 1032.19 3071.91
1540000 1007.23 1040.92 1032.93 3081.08
1542000 1006.9 1041.47 1037.81 3086.18
1544000 1006.86 1041.1 1041.89 3089.85
1546000 1010.21 1044.2 1044.03 3098.44
1548000 1013.01 1046.59 1043.71 3103.31
1550000 1011.97 1046.85 1045.02 3103.84
1552000 1012.72 1049.63 1048.4 3110.74
1554000 1015.9 1053.22 1047.59 3116.72
1556000 1017.98 1055.18 1048.89 3122.05
1558000 1023.03 1057.24 1049.58 3129.85
1560000 1025.48 1056.84 1050.8 3133.11
1562000 1030.22 1055.28 1052.43 3137.93
1564000 1029.93 1056.08 1050.79 3136.81
1566000 1030.58 1060.61 1051.9 3143.1
1568000 1032.33 1062.85 1052.46 3147.63
1570000 1033.99 1064.08 1054.81 3152.88
1572000 1032.9 1066.89 1052.21 3151.99
1574000 1035.2 1070.08 1056.65 3161.93
1576000 1034.34 1073.48 1055.17 3162.99
1578000 1035.88 1072.79 1058.84 3167.52
1580000 1036.88 1072.6 1057.75 3167.23
1582000 1040.7 1071.73 1064.34 3176.77
1584000 1038.94 1075.34 1066.57 3180.86
1586000 1040.68 1075.01 1068.73 3184.42
1588000 1040.26 1073.27 1072.1 3185.63
1590000 1044.11 1073.3 1075.96 3193.37
1592000 1045.55 1075.33 1077.32 3198.2
1594000 1045.93 1075.89 1076.19 3198.01
1596000 1049.31 1076.72 1076.18 3202.2
1598000 1051.53 1078.57 1077.71 3207.81
1600000 1050.72 1080.07 1076.08 3206.87
1602000 1048.94 1081.79 1077.63 3208.36
1604000 1047.48 1083.24 1077.24 3207.96
1606000 1050.08 1084.06 1078.56 3212.71
1608000 1053.36 1085.8 1083.54 3222.69
1610000 1055.41 1088.7 1083.78 3227.89
1612000 1054.45 1092.39 1084.27 3231.11
1614000 1054.33 1098.03 1083.74 3236.1
1616000 1054.27 1098.75 1085.99 3239.01
1618000 1055.39 1098.29 1086.84 3240.52
1620000 1057.34 1095.91 1089.76 3243.01
1622000 1060.69 1099.05 1092.91 3252.65
1624000 1060.79 1100.36 1093.45 3254.59
1626000 1062.12 1102.25 1097.6 3261.98
1628000 1061.62 1101.74 1098.68 3262.04
1630000 1063.99 1101.57 1099.37 3264.93
1632000 1065.13 1105.71 1100.36 3271.2
1634000 1067.87 1108.27 1100.51 3276.65
1636000 1069.95 1112.02 1101.63 3283.59
1638000 1071.35 1111.13 1103.52 3286.01
1640000 1073.83 1114.82 1104.29 3292.94
1642000 1074.85 1117.5 1106.5 3298.85
1644000 1074.33 1117.19 1109.32 3300.84
1646000 1075.76 1119.21 1114.11 3309.08
1648000 1072.36 1121.56 1116.33 3310.26
1650000 1074.02 1126.15 1117.5 3317.67
1652000 1075.52 1125.02 1120.52 3321.06
1654000 1077.48 1121.92 1124.51 3323.91
1656000 1079.64 1123.96 1127.7 3331.29
1658000 1079.58 1123.04 1131.19 3333.8
1660000 1083.57 1123.36 1136.03 3342.96
1662000 1084.03 1126.77 1140.19 3351
1664000 1084.87 1127.29 1143.23 3355.39
1666000 1084.34 1129.39 1143.65 3357.37
1668000 1083.33 1128.92 1141.7 3353.95
1670000 1087.61 1131.02 1145 3363.63
1672000 1086.43 1130.85 1144.72 3362
1674000 1089.29 1132.63 1146.69 3368.62
1676000 1090.01 1132.04 1147.04 3369.09
1678000 1089.79 1132.33 1147.85 3369.97
1680000 1089.44 1132.16 1147.76 3369.36
1682000 1089.54 1130.22 1147.44 3367.2
1684000 1090.49 1131.28 1146.92 3368.69
1686000 1091.22 1133.83 1147.52 3372.57
1688000 1095.46 1136.51 1148.19 3380.16
1690000 1094.65 1139.24 1150.9 3384.79
1692000 1098.55 1139.55 1153.06 3391.17
1694000 1101.71 1142.91 1153.93 3398.55
1696000 1101.45 1143.98 1153.75 3399.18
1698000 1105.3 1144.67 1155.45 3405.42
1700000 1105.52 1148.83 1157.77 3412.12
1702000 1102.39 1151.7 1159.01 3413.1
1704000 1104.77 1156.55 1162.4 3423.72
1706000 1108.02 1157.52 1164.17 3429.7
1708000 1109.1 1159.34 1165.06 3433.5
1710000 1111.42 1162.32 1164.68 3438.42
1712000 1111.87 1161.06 1166.06 3438.99
1714000 1114.74 1162.31 1170.14 3447.19
1716000 1113.67 1164.97 1172.18 3450.82
1718000 1112.98 1164.41 1175.64 3453.03
1720000 1116.86 1165.54 1176.79 3459.2
1722000 1115.88 1166.93 1176.65 3459.46
1724000 1117.75 1164.9 1180.43 3463.08
1726000 1120.6 1166.8 1180.65 3468.05
1728000 1122.14 1169.08 1180.76 3471.98
1730000 1123.07 1172.04 1184.15 3479.25
1732000 1121.67 1172.07 1185.65 3479.4
1734000 1123.6 1172.45 1190.45 3486.51
1736000 1126.13 1175.47 1192.47 3494.07
1738000 1128.36 1175.32 1195.42 3499.1
1740000 1131.35 1176.34 1197.35 3505.04
1742000 1132.31 1175.67 1198.54 3506.52
1744000 1132 1178.22 1199.45 3509.66
1746000 1134.34 1177.69 1203.97 3516.01
1748000 1138.57 1180.96 1205.7 3525.23
1750000 1140.28 1184.3 1205.06 3529.64
1752000 1139.84 1180.07 1209.38 3529.29
1754000 1141.57 1178.67 1211.92 3532.16
1756000 1144.97 1180.47 1216.71 3542.15
1758000 1143.86 1185.02 1221.83 3550.71
1760000 1143.69 1183.84 1221.67 3549.2
1762000 1146.97 1182.27 1222.94 3552.17
1764000 1148.59 1181.26 1222.2 3552.06
1766000 1147.79 1182.94 1223.27 3554
1768000 1150.85 1182.39 1223.97 3557.21
1770000 1151.02 1180.37 1227.63 3559.02
1772000 1153.45 1183.21 1229.29 3565.96
1774000 1153.91 1182.26 1228.17 3564.35
1776000 1155.28 1184.18 1227.98 3567.44
1778000 1159.26 1185.59 1227.32 3572.16
1780000 1160.83 1186.26 1227.2 3574.29
1782000 1162.56 1188.87 1225.75 3577.18
1784000 1160.2 1191.11 1226.91 3578.22
1786000 1160.11 1190.28 1230.09 3580.48
1788000 1165.35 1192.62 1228.9 3586.87
1790000 1168.87 1191.66 1230.34 3590.87
1792000 1170.88 1196.48 1233.09 3600.44
1794000 1171.36 1197.25 1235.65 3604.27
1796000 1169.77 1197.48 1236.42 3603.67
1798000 1172.97 1198.06 1238.66 3609.69
1800000 1175.64 1200.88 1239.98 3616.49
1802000 1174.97 1202.74 1239.33 3617.04
1804000 1175.23 1206.06 1242.71 3624
1806000 1177.1 1208.66 1242.53 3628.29
1808000 1177.34 1214.67 1243.74 3635.75
1810000 1177.9 1212.11 1243.6 3633.61
1812000 1181.17 1211.93 1245.55 3638.65
1814000 1180.08 1214.41 1250.61 3645.09
1816000 1181.03 1212.45 1254.5 3647.99
1818000 1180.33 1214.31 1256.78 3651.43
1820000 1182.35 1218.72 1260.05 3661.13
1822000 1183.86 1219.72 1258.75 3662.34
1824000 1184.15 1217.96 1258.8 3660.91
1826000 1185.62 1219.56 1261.82 3667.01
1828000 1190.92 1220.15 1260.97 3672.04
1830000 1192.43 1219.19 1261.59 3673.21
1832000 1195.05 1220.88 1261.86 3677.78
1834000 1198.55 1223.73 1262.1 3684.37
1836000 1196.94 1229.29 1266.3 3692.52
1838000 1201.34 1229.8 1263.87 3695.01
1840000 1205.3 1230.06 1268.31 3703.68
1842000 1206.22 1234.35 1267.73 3708.31
1844000 1205.17 1233.98 1273.91 3713.06
1846000 1203.25 1235.47 1274.38 3713.1
1848000 1203.1 1236.76 1278.38 3718.24
1850000 1202.61 1237.14 1276.24 3715.99
1852000 1205.04 1237.59 1278.07 3720.7
1854000 1206.02 1239.01 1283.14 3728.18
1856000 1205.77 1241.46 1282.67 3729.89
1858000 1205.44 1244.07 1282.83 3732.35
1860000 1206.92 1245.24 1283 3735.16
1862000 1204.78 1248.15 1284.53 3737.46
1864000 1209.56 1250.92 1289.68 3750.16
1866000 1212.54 1249.89 1292.21 3754.64
1868000 1214.38 1250.66 1291.2 3756.23
1870000 1214.25 1253.37 1292.4 3760.01
1872000 1220.71 1252.95 1293.62 3767.27
1874000 1222.55 1255.24 1295.41 3773.2
1876000 1222.09 1255 1295.76 3772.85
1878000 1221.46 1257.07 1299.14 3777.66
1880000 1221.85 1255.91 1304.35 3782.11
1882000 1220.29 1259.82 1303.74 3783.86
1884000 1222.12 1260.88 1307.41 3790.41
1886000 1226.04 1264.16 1310.73 3800.93
1888000 1226.52 1265.54 1313.66 3805.72
1890000 1226.05 1268.4 1312.86 3807.32
1892000 1225.27 1270.2 1314.56 3810.03
1894000 1229.86 1272.7 1315.91 3818.47
1896000 1230.66 1275.33 1318.32 3824.31
1898000 1231.33 1277.78 1319.62 3828.74
1900000 1233.5 1284.01 1315.77 3833.27
1902000 1235.4 1287.96 1316.31 3839.67
1904000 1234.86 1287.14 1317.1 3839.11
1906000 1241.29 1287.93 1312.17 3841.4
1908000 1242.43 1289.92 1312.84 3845.2
1910000 1243.71 1288.28 1318.81 3850.8
1912000 1243.01 1289.86 1321.26 3854.13
1914000 1247.19 1290.09 1319.95 3857.23
1916000 1249.64 1289.7 1320.27 3859.61
1918000 1250.59 1289.49 1323.41 3863.49
1920000 1254.55 1288.13 1323.93 3866.6
1922000 1255.74 1289.48 1325.73 3870.95
1924000 1259.35 1291.57 1331.1 3882.02
1926000 1262.16 1293.49 1336.13 3891.78
1928000 1265.77 1292.82 1337.78 3896.38
1930000 1264.81 1293.73 1343.18 3901.72
1932000 1263.17 1295.57 1346.7 3905.44
1934000 1266.95 1297.65 1348.32 3912.93
1936000 1272.02 1298.83 1347.29 3918.14
1938000 1272.46 1300.62 1347.29 3920.36
1940000 1270.06 1299.83 1348.23 3918.12
1942000 1274.82 1298.89 1348.5 3922.2
1944000 1275.02 1299.1 1348.53 3922.65
1946000 1275.81 1305.47 1353.82 3935.11
1948000 1278.44 1306 1352.77 3937.21
1950000 1278.19 1306.81 1354.82 3939.82
1952000 1280.23 1310.91 1356.1 3947.24
1954000 1283.79 1310.27 1361.88 3955.94
1956000 1280.59 1310.97 1367.83 3959.39
1958000 1279.09 1312.45 1368.91 3960.45
1960000 1284.25 1313.64 1370.15 3968.05
1962000 1283.97 1315.9 1373.96 3973.83
1964000 1284.96 1311.14 1378.43 3974.52
1966000 1288.45 1311.61 1376.37 3976.43
1968000 1288.52 1312.63 1380.36 3981.5
1970000 1292.03 1316.08 1380.93 3989.03
1972000 1295.4 1319.26 1383.76 3998.42
1974000 1296.67 1322.85 1389.47 4009
1976000 1300.58 1321.12 1394.84 4016.55
1978000 1302.51 1322.07 1396.51 4021.09
1980000 1305.77 1326.94 1399.59 4032.31
1982000 1309.45 1330.61 1401.16 4041.23
1984000 1306.97 1332.07 1403 4042.04
1986000 1305.18 1334.11 1404.01 4043.3
1988000 1306.53 1333.54 1403.38 4043.45
1990000 1308.94 1334.48 1408.07 4051.49
1992000 1309.19 1335.55 1405.54 4050.27
1994000 1311.3 1335.83 1407.37 4054.49
1996000 1311.67 1336.57 1410.9 4059.13
1998000 1312.33 1335.25 1409.16 4056.74
2000000 1315.32 1336.12 1411.02 4062.46
