# Time-averaged data for fix savemsd
# TimeStep c_msd[1] c_msd[2] c_msd[3] c_msd[4]
0 5.97672e-30 5.91098e-30 3.65761e-30 1.55453e-29
2000 1.10208 1.1752 1.18974 3.46702
4000 2.15686 2.3821 2.09014 6.62911
6000 3.1235 3.38469 2.83748 9.34567
8000 4.31415 4.33974 3.9337 12.5876
10000 5.34085 5.15759 4.71118 15.2096
12000 6.40531 6.19853 5.97923 18.5831
14000 7.16456 7.46376 6.7019 21.3302
16000 8.09477 8.57354 7.55712 24.2254
18000 9.24272 9.83364 8.76622 27.8426
20000 10.3525 10.6693 9.87458 30.8965
22000 11.4017 11.6318 11.1802 34.2136
24000 12.4503 13.0629 11.875 37.3882
26000 13.806 14.5797 13.0021 41.3877
28000 15.3354 14.983 14.4781 44.7965
30000 16.9065 15.9122 15.6878 48.5064
32000 18.1861 17.1799 16.8133 52.1793
34000 19.8917 18.1509 17.5441 55.5867
36000 21.7658 18.694 18.326 58.7858
38000 23.271 19.4722 19.2582 62.0014
40000 23.8451 20.5094 20.1935 64.548
42000 24.5887 21.3987 21.8298 67.8172
44000 25.672 22.5622 23.1569 71.3911
46000 26.1375 23.5256 24.5102 74.1733
48000 27.8184 24.646 26.0623 78.5267
50000 29.6045 26.2953 27.8264 83.7262
52000 30.7224 27.3705 29.1072 87.2001
54000 31.6287 28.0652 29.9288 89.6227
56000 32.0654 29.2598 30.4243 91.7495
58000 32.7149 30.381 30.7809 93.8769
60000 33.7749 31.5673 31.676 97.0182
62000 34.6218 32.3905 32.4751 99.4874
64000 35.5637 33.6091 32.5212 101.694
66000 36.4632 33.8332 32.58 102.876
68000 37.2568 34.7496 33.6659 105.672
70000 38.3709 35.6695 35.0025 109.043
72000 39.1819 37.0561 36.0053 112.243
74000 39.7416 38.2155 37.3031 115.26
76000 41.3365 38.6756 38.7186 118.731
78000 42.5985 39.4909 39.8837 121.973
80000 43.7541 40.5031 40.6272 124.884
82000 44.6428 41.4794 41.4221 127.544
84000 45.6791 42.1519 42.2124 130.043
86000 46.5873 42.883 42.7664 132.237
88000 47.2571 43.7993 43.5098 134.566
90000 48.5307 44.7166 44.3244 137.572
92000 49.8472 46.3463 45.012 141.205
94000 51.4225 47.6531 45.7666 144.842
96000 52.6128 48.3131 47.3014 148.227
98000 53.337 49.2938 48.2266 150.857
100000 55.1901 50.6289 49.522 155.341
102000 56.1132 52.5 50.397 159.01
104000 56.7517 53.4106 50.9675 161.13
106000 57.5146 54.053 51.6756 163.243
108000 58.6551 55.2917 52.6439 166.591
110000 58.9506 55.9023 52.9539 167.807
112000 60.6691 57.0693 53.6715 171.41
114000 61.5959 59.2477 54.4913 175.335
116000 63.3719 60.9272 56.3893 180.688
118000 64.1911 61.9071 57.4826 183.581
120000 64.5782 61.9346 58.4026 184.915
122000 65.5714 62.5769 60.2778 188.426
124000 66.6978 63.1272 61.271 191.096
126000 67.1687 63.7868 62.53 193.485
128000 68.7194 65.2938 63.7712 197.784
130000 70.1712 66.0931 64.6649 200.929
132000 70.888 66.8078 65.044 202.74
134000 72.2348 68.3085 65.389 205.932
136000 73.649 69.6729 66.7724 210.094
138000 74.5691 70.9361 67.792 213.297
140000 75.3763 71.9076 69.0663 216.35
142000 76.5217 72.8633 70.1676 219.553
144000 76.8844 73.503 70.8942 221.282
146000 77.7312 74.7108 71.662 224.104
148000 78.6214 76.3741 72.3312 227.327
150000 79.9774 77.658 74.0474 231.683
152000 81.0555 78.838 74.8653 234.759
154000 82.34 80.533 76.7729 239.646
156000 82.5964 81.4956 78.6738 242.766
158000 82.5431 83.1428 79.8774 245.563
160000 84.5483 84.9732 81.1084 250.63
162000 85.5043 86.4414 81.8115 253.757
164000 86.7872 87.896 83.3317 258.015
166000 88.3026 88.6681 85.1347 262.105
168000 88.8465 89.3721 86.3504 264.569
170000 89.3743 90.7321 88.0778 268.184
172000 90.4596 90.9353 88.91 270.305
174000 91.2704 91.7191 89.2873 272.277
176000 92.2462 92.1655 90.0969 274.509
178000 93.3401 92.8634 91.5587 277.762
180000 95.133 94.4034 92.4498 281.986
182000 95.8737 95.1855 92.5063 283.566
184000 97.4087 95.9958 94.029 287.434
186000 98.6194 97.1752 95.5315 291.326
188000 99.826 97.5059 97.9881 295.32
190000 100.653 98.5243 97.6935 296.871
192000 101.362 100.045 98.978 300.384
194000 102.401 101.477 100.23 304.108
196000 103.749 103.464 100.251 307.464
198000 104.791 104.69 101.261 310.743
200000 106.032 105.458 101.255 312.745
202000 106.088 106.634 101.97 314.692
204000 107.977 107.547 103.022 318.546
206000 109.52 108.388 103.924 321.832
208000 110.616 109.663 104.051 324.33
210000 112.211 109.797 104.887 326.894
212000 112.962 110.729 105.86 329.551
214000 114.211 112.278 107.296 333.784
216000 114.382 112.971 108.761 336.115
218000 115.616 112.562 109.319 337.497
220000 117.683 114.636 110.537 342.856
222000 117.903 115.01 111.644 344.557
224000 118.97 116.265 112.217 347.453
226000 119.602 116.679 113.317 349.599
228000 120.791 116.564 114.129 351.484
230000 121.569 117.82 114.561 353.95
232000 122.882 117.886 115.413 356.181
234000 124.187 118.44 116.462 359.089
236000 124.612 120.239 116.871 361.721
238000 126.081 122.405 118.018 366.504
240000 126.36 123.865 119.262 369.487
242000 127.526 125.206 120.869 373.602
244000 128.561 127.29 121.504 377.355
246000 130.034 128.746 123.265 382.044
248000 130.946 129.554 125.202 385.702
250000 131.836 132.016 125.882 389.734
252000 132.133 133.373 127.131 392.638
254000 132.044 134.328 127.522 393.894
256000 133.567 135.636 128.513 397.716
258000 134.21 135.786 129.368 399.364
260000 134.512 137.067 130.76 402.339
262000 135.279 138.442 131.421 405.143
264000 136.254 139.772 133.789 409.815
266000 136.259 141.265 135.721 413.245
268000 137.147 142.798 137.032 416.978
270000 138.115 144.622 138.264 421.001
272000 139.141 146.45 139.699 425.29
274000 139.994 147.161 139.616 426.771
276000 140.683 147.387 139.916 427.986
278000 141.628 147.583 140.772 429.983
280000 142.781 148.839 140.957 432.576
282000 143.095 149.621 141.438 434.155
284000 143.66 149.704 142.826 436.19
286000 144.796 150.6 143.665 439.061
288000 146.032 151.184 144.737 441.953
290000 147.038 152.359 146.477 445.874
292000 147.322 153.75 147.593 448.665
294000 148.386 154.88 147.962 451.229
296000 149.049 156.409 149.692 455.15
298000 150.444 157.345 150.973 458.763
300000 151.842 158.097 153.028 462.966
302000 153.057 158.762 154.341 466.16
304000 154.118 160.311 155.357 469.786
306000 154.527 160.725 156.059 471.311
308000 156.298 162.404 157.819 476.521
310000 158.3 163.178 158.911 480.389
312000 160.311 164.32 160.719 485.35
314000 161.112 165.047 160.175 486.333
316000 162.731 165.827 162.1 490.658
318000 164.957 166.058 163.027 494.042
320000 166.152 167.016 163.684 496.853
322000 166.603 168.021 165.033 499.656
324000 167.959 169.164 165.843 502.966
326000 168.072 169.868 166.891 504.831
328000 170.07 170.582 168.308 508.959
330000 171.374 171.612 169.368 512.354
332000 172.667 173.994 170.828 517.489
334000 173.489 174.129 170.7 518.318
336000 174.702 176.147 172.921 523.77
338000 175.669 176.92 174.421 527.011
340000 176.3 178.422 175.014 529.737
342000 177.993 178.972 175.707 532.672
344000 177.799 179.794 175.635 533.228
346000 178.972 180.261 176.55 535.783
348000 180.147 181.607 178.535 540.289
350000 182.339 182.597 180.155 545.091
352000 183.455 184.292 181.924 549.672
354000 184.32 185.262 183.056 552.638
356000 185.569 186.236 184.755 556.561
358000 186.58 187.479 186.268 560.326
360000 187.497 187.205 185.585 560.288
362000 186.787 186.68 185.858 559.326
364000 187.633 187.937 186.777 562.347
366000 188.297 188.759 187.044 564.099
368000 189.666 189.43 187.623 566.72
370000 189.458 189.701 188.303 567.461
372000 189.315 189.983 189.399 568.697
374000 191.87 191.033 190.442 573.345
376000 193.323 191.038 192.188 576.55
378000 195.302 193.785 193.553 582.639
380000 196.17 194.11 194.34 584.62
382000 197.783 195.405 195.818 589.005
384000 198.706 195.848 197.191 591.745
386000 198.67 198.146 196.916 593.732
388000 199.584 198.94 198.665 597.19
390000 201.453 198.935 199.884 600.272
392000 202.231 200.278 201.909 604.418
394000 203.553 201.699 204.462 609.714
396000 203.51 202.171 207.298 612.979
398000 204.986 203.858 209.54 618.383
400000 208.148 203.51 210.143 621.801
402000 209.463 204.48 211.164 625.107
404000 210.606 205.915 211.433 627.954
406000 212.578 207.217 213.019 632.814
408000 213.448 209.567 212.919 635.934
410000 215.581 211.345 216.051 642.976
412000 216.99 213.422 216.197 646.609
414000 216.736 214.393 217.419 648.548
416000 217.457 215.117 217.868 650.442
418000 218.212 216.085 216.418 650.715
420000 219.225 218.379 217.938 655.542
422000 220.974 219.765 219.597 660.335
424000 222.289 221.183 220.096 663.568
426000 224.107 221.854 222.111 668.073
428000 224.552 223.396 223.794 671.742
430000 224.46 223.845 225.377 673.681
432000 226.471 224.124 225.971 676.566
434000 228.106 224.74 227.716 680.562
436000 227.945 225.411 229.303 682.659
438000 228.103 227.142 230.32 685.565
440000 230.162 229.386 231.029 690.577
442000 231.515 231.008 230.966 693.489
444000 233.919 231.337 233.203 698.46
446000 234.556 232.256 234.433 701.245
448000 235.835 233.522 235.311 704.667
450000 236.194 234.866 234.372 705.431
452000 237.465 234.677 234.05 706.192
454000 240.299 234.535 235.483 710.317
456000 241.126 235.649 236.633 713.408
458000 241.35 235.89 237.066 714.306
460000 241.205 237.057 239.08 717.342
462000 242.812 236.597 240.981 720.391
464000 244.697 239.112 240.661 724.47
466000 246.754 240.873 240.322 727.949
468000 246.067 243.007 241.981 731.055
470000 247.451 243.893 243.172 734.516
472000 248.67 245.258 242.191 736.119
474000 251.504 246.868 243.56 741.932
476000 250.959 248.167 244.377 743.503
478000 251.396 249.209 245.654 746.259
480000 251.978 250.557 246.702 749.237
482000 251.334 250.585 248.207 750.125
484000 252.43 251.396 249.41 753.236
486000 252.443 253.487 249.893 755.823
488000 253.825 255.436 250.862 760.123
490000 255.36 254.989 251.662 762.011
492000 258.346 256.054 253.857 768.257
494000 259.434 255.725 255.587 770.746
496000 260.111 256.21 255.707 772.028
498000 260.678 258.615 256.818 776.11
500000 261.975 258.466 256.986 777.427
502000 262.753 259.985 258.04 780.778
504000 263.587 260.243 259.398 783.228
506000 263.3 260.717 260.658 784.675
508000 265.962 261.872 262.848 790.682
510000 266.351 262.631 263.297 792.28
512000 267.046 263.11 263.907 794.064
514000 268.796 264.749 264.051 797.596
516000 268.455 266.677 264.63 799.762
518000 270.813 267.419 267.367 805.599
520000 272.475 269.311 267.275 809.061
522000 274.477 271.313 267.205 812.995
524000 276.688 272.412 268.481 817.582
526000 276.409 273.033 270.006 819.449
528000 279.374 275.333 270.991 825.698
530000 281.258 275.22 271.392 827.871
532000 282.801 276.174 272.217 831.192
534000 282.243 278.061 272.996 833.3
536000 284.195 279.204 273.925 837.324
538000 285.243 279.858 276.65 841.75
540000 285.831 280.135 278.295 844.262
542000 288.256 282.932 277.509 848.697
544000 288.87 283.404 278.134 850.407
546000 291.019 284.917 279.859 855.795
548000 292.771 286.488 280.319 859.578
550000 294.01 288.603 280.967 863.58
552000 296.36 287.782 281.172 865.314
554000 297.742 289.274 284.551 871.566
556000 298.144 290.104 285.718 873.966
558000 299.705 291.045 286.346 877.097
560000 299.897 291.454 287.963 879.315
562000 301.015 292.389 289.525 882.93
564000 303.26 292.629 291.907 887.797
566000 304.493 295.005 291.883 891.381
568000 306.173 296.528 292.503 895.204
570000 305.858 297.88 292.557 896.295
572000 305.221 299.798 293.251 898.269
574000 308.035 301.838 293.592 903.465
576000 309.514 303.137 293.773 906.425
578000 309.377 305.007 294.735 909.119
580000 310.452 305.468 295.246 911.165
582000 310.378 308.351 295.748 914.476
584000 311.841 309.149 296.813 917.803
586000 313.262 308.362 297.52 919.144
588000 313.182 308.608 299.891 921.681
590000 315.038 309.874 300.622 925.534
592000 318.222 312.067 300.76 931.048
594000 317.991 313.621 302.417 934.029
596000 318.079 314.816 303.152 936.047
598000 318.845 315.259 305.345 939.449
600000 322.546 316.722 306.855 946.124
602000 323.815 316.617 308.825 949.257
604000 323.987 317.203 310.286 951.475
606000 324.578 318.545 310.898 954.021
608000 326.884 319.091 311.854 957.829
610000 328.262 319.531 313.027 960.82
612000 331.437 320.133 313.738 965.307
614000 331.4 319.443 316.562 967.405
616000 331.909 320.586 316.958 969.453
618000 332.577 321.656 318.318 972.551
620000 332.356 322.626 320.191 975.173
622000 333.276 324.505 323.016 980.797
624000 333.63 324.341 322.819 980.789
626000 334.511 325.159 324.296 983.966
628000 335.187 326.18 326.281 987.648
630000 337.6 327.609 327.29 992.498
632000 339.197 328.515 329.419 997.131
634000 340.472 329.877 329.446 999.795
636000 339.997 330.9 331.091 1001.99
638000 342.8 331.935 332.189 1006.92
640000 344.357 331.416 332.013 1007.79
642000 345.191 330.178 332.015 1007.38
644000 345.745 331.557 333.64 1010.94
646000 347.957 332.838 334.746 1015.54
648000 348.659 334.148 336.515 1019.32
650000 349.256 335.522 338.442 1023.22
652000 348.77 335.868 339.898 1024.54
654000 349.133 336.85 340.533 1026.52
656000 349.781 339.593 341.968 1031.34
658000 349.323 341.585 343.804 1034.71
660000 350.12 343.953 342.606 1036.68
662000 350.443 345.565 343.85 1039.86
664000 351.993 346.447 345.204 1043.64
666000 354.207 347.979 346.079 1048.27
668000 355.234 350.1 346.206 1051.54
670000 357.372 350.382 346.768 1054.52
672000 359.318 351.627 346.136 1057.08
674000 359.328 352.066 346.63 1058.02
676000 362.176 354.034 348 1064.21
678000 362.609 356.52 347.315 1066.45
680000 363.398 358.031 348.096 1069.52
682000 362.851 356.636 348.906 1068.39
684000 364.866 355.962 352.104 1072.93
686000 366.187 357.043 354.454 1077.68
688000 367.685 358.893 354.328 1080.91
690000 369.995 360.409 356.425 1086.83
692000 370.653 362.759 357.703 1091.11
694000 370.204 363.815 359.909 1093.93
696000 370.719 365.324 359.464 1095.51
698000 371.343 366.552 361.972 1099.87
700000 372.601 367.237 362.579 1102.42
702000 374.406 368.045 364.67 1107.12
704000 375.093 368.214 364.458 1107.76
706000 376.177 371.579 365.841 1113.6
708000 375.827 374.046 367.158 1117.03
710000 376.11 374.217 367.901 1118.23
712000 377.326 375.882 368.554 1121.76
714000 376.514 377.028 372.819 1126.36
716000 376.989 376.318 374.281 1127.59
718000 376.566 377.773 375.431 1129.77
720000 377.051 379.779 376.923 1133.75
722000 377.39 380.893 377.116 1135.4
724000 379.096 382.079 377.758 1138.93
726000 379.053 382.449 377.798 1139.3
728000 380.174 383.941 379.938 1144.05
730000 381.5 385.959 381.269 1148.73
732000 382.427 386.536 381.8 1150.76
734000 383.328 387.131 383.186 1153.64
736000 385.646 389.875 384.292 1159.81
738000 388.739 391.408 384.244 1164.39
740000 389.74 391.35 386.341 1167.43
742000 390.686 392.421 387.532 1170.64
744000 393.138 393.692 388.35 1175.18
746000 395.021 394.733 390.19 1179.94
748000 395.133 395.138 392.115 1182.39
750000 396.769 397.712 392.795 1187.28
752000 399.289 398.416 393.311 1191.02
754000 399.782 399.347 393.961 1193.09
756000 400.279 398.513 396.133 1194.93
758000 401.312 399.095 397.907 1198.31
760000 401.434 398.766 399.5 1199.7
762000 404.174 399.769 401.197 1205.14
764000 406.032 401.845 402.4 1210.28
766000 407.853 404.085 401.794 1213.73
768000 407.681 404.904 403.532 1216.12
770000 408.803 407.381 406.016 1222.2
772000 410.273 409.74 406.077 1226.09
774000 411.988 411.839 406.044 1229.87
776000 413.165 415.805 405.674 1234.64
778000 412.962 415.932 406.813 1235.71
780000 415.472 417.236 407.689 1240.4
782000 417.279 419.192 409.922 1246.39
784000 417.633 420.16 410.113 1247.91
786000 418.302 421.838 410.192 1250.33
788000 418.397 421.506 411.204 1251.11
790000 418.542 422.046 412.873 1253.46
792000 419.382 423.124 413.378 1255.88
794000 419.933 424.559 414.879 1259.37
796000 420.909 426.086 417.106 1264.1
798000 421.821 426.205 419.556 1267.58
800000 423.183 429.059 420.261 1272.5
802000 423.872 428.957 420.129 1272.96
804000 423.039 430.787 419.723 1273.55
806000 424.059 431.766 420.724 1276.55
808000 426.614 433.143 422.043 1281.8
810000 426.386 432.954 423.784 1283.12
812000 427.496 434.219 426.694 1288.41
814000 428.188 435.353 425.631 1289.17
816000 429.527 436.614 425.462 1291.6
818000 430.851 437.517 425.907 1294.27
820000 431.551 438.309 427.689 1297.55
822000 432.092 441.388 427.793 1301.27
824000 433.316 441.598 427.209 1302.12
826000 435.329 443.396 428.271 1307
828000 435.362 444.163 428.288 1307.81
830000 438.137 446.357 429.283 1313.78
832000 438.371 445.754 429.653 1313.78
834000 438.801 447.046 430.392 1316.24
836000 437.867 447.177 431.931 1316.97
838000 438.209 446.963 433.701 1318.87
840000 440.31 447.984 433.561 1321.86
842000 439.719 448.076 433.757 1321.55
844000 440.414 446.674 432.336 1319.42
846000 442.026 449.156 432.53 1323.71
848000 444.216 449.396 432.305 1325.92
850000 446.229 450.646 432.249 1329.12
852000 449.499 453.624 433.843 1336.97
854000 450.271 454.888 433.626 1338.78
856000 453.105 456.4 435.739 1345.24
858000 454.052 457.495 438.979 1350.53
860000 455.15 459.313 439.81 1354.27
862000 457.719 461.81 442.047 1361.58
864000 459.512 461.815 443.26 1364.59
866000 460.214 463.711 443.783 1367.71
868000 461.968 465.401 443.845 1371.21
870000 464.441 464.876 444.684 1374
872000 464.558 466.072 444.784 1375.41
874000 465.765 470.511 446.265 1382.54
876000 466.136 469.548 447.928 1383.61
878000 466.936 471.308 447.717 1385.96
880000 466.046 471.507 451.376 1388.93
882000 467.184 474.464 450.915 1392.56
884000 468.788 476.598 451.539 1396.92
886000 470.866 478.277 453.882 1403.03
888000 471.418 480.302 455.793 1407.51
890000 473.36 481.534 456.206 1411.1
892000 474.544 481.511 455.72 1411.77
894000 474.883 482.215 457.507 1414.6
896000 475.599 483.036 460.326 1418.96
898000 476.59 484.629 461.789 1423.01
900000 479.43 485.3 462.248 1426.98
902000 478.874 485.541 463.991 1428.41
904000 480.161 488.921 464.666 1433.75
906000 482.656 490.201 466.505 1439.36
908000 481.367 491.408 464.779 1437.55
910000 483.829 493.12 467.276 1444.22
912000 484.191 492.745 466.817 1443.75
914000 487.851 494.537 466.991 1449.38
916000 487.997 495.456 468.052 1451.51
918000 488.254 497.409 470.016 1455.68
920000 488.886 498.868 471.035 1458.79
922000 493.384 499.933 472.261 1465.58
924000 495.325 501.656 473.629 1470.61
926000 496.467 502.423 475.296 1474.19
928000 497.307 502.099 476.845 1476.25
930000 498.703 503.173 478.591 1480.47
932000 499.67 505.519 479.393 1484.58
934000 501.015 507.268 480.133 1488.42
936000 502.393 507.836 483.762 1493.99
938000 503.709 509.625 485.807 1499.14
940000 503.015 510.161 486.399 1499.58
942000 506.037 509.16 488.298 1503.49
944000 505.216 509.078 490.202 1504.5
946000 505.736 509.998 491.43 1507.16
948000 506.748 511.956 491.984 1510.69
950000 509.127 512.412 492.053 1513.59
952000 512.58 515.062 493.326 1520.97
954000 514.22 517.34 493.563 1525.12
956000 514.618 519.01 493.325 1526.95
958000 516.6 519.443 495.403 1531.45
960000 518.741 519.359 496.636 1534.74
962000 519.719 521.511 497.943 1539.17
964000 520.139 522.29 499.559 1541.99
966000 522.96 522.19 499.695 1544.85
968000 524.429 524.246 501.356 1550.03
970000 522.513 527.395 500.987 1550.9
972000 525.485 528.141 503.109 1556.74
974000 527.305 529.021 506.291 1562.62
976000 528.238 528.662 508.199 1565.1
978000 529.399 529.094 509.365 1567.86
980000 530.992 528.837 512.19 1572.02
982000 530.496 531.013 512.92 1574.43
984000 531.528 531.998 515.238 1578.76
986000 537.124 531.917 514.799 1583.84
988000 538.638 531.64 516.218 1586.5
990000 539.218 530.563 518.032 1587.81
992000 540.103 531.724 518.976 1590.8
994000 540.781 531.6 516.451 1588.83
996000 543.015 533.354 516.474 1592.84
998000 543.29 534.735 515.529 1593.55
1000000 543.729 535.724 518.593 1598.05
1002000 545.699 536.884 520.28 1602.86
1004000 547.747 535.778 521.557 1605.08
1006000 551.519 537.707 521.285 1610.51
1008000 553.13 539.838 524.467 1617.44
1010000 554.882 540.273 529.16 1624.32
1012000 554.589 540.404 528.568 1623.56
1014000 554.839 542.578 529.052 1626.47
1016000 555.736 542.417 528.937 1627.09
1018000 556.806 543.662 529.846 1630.31
1020000 557.095 545.24 531.616 1633.95
1022000 558.801 546.044 532.941 1637.79
1024000 559.953 548.061 534.561 1642.58
1026000 560.235 549.716 535.965 1645.92
1028000 563.752 551.531 537.951 1653.23
1030000 565.112 552.81 539.26 1657.18
1032000 566.432 553.574 540.935 1660.94
1034000 567.571 557.501 541.753 1666.83
1036000 567.816 559.323 544.107 1671.25
1038000 567.885 560.499 546.029 1674.41
1040000 568.907 561.028 546.231 1676.17
1042000 569.959 561.452 550.488 1681.9
1044000 571.674 562.75 550.836 1685.26
1046000 574.477 561.958 554.548 1690.98
1048000 577.222 562.419 552.719 1692.36
1050000 579.744 562.669 554.016 1696.43
1052000 578.84 562.36 554.052 1695.25
1054000 580.115 564.649 554.864 1699.63
1056000 583.09 565.246 554.463 1702.8
1058000 582.492 566.821 555.309 1704.62
1060000 580.81 567.239 556.87 1704.92
1062000 583.786 566.914 558.584 1709.28
1064000 586.61 565.655 558.896 1711.16
1066000 586.244 567.209 559.165 1712.62
1068000 586.373 569.195 559.233 1714.8
1070000 586.741 569.627 562.259 1718.63
1072000 588.974 572.078 562.926 1723.98
1074000 590.598 573.747 565.94 1730.28
1076000 589.732 574.212 566.835 1730.78
1078000 591.905 572.606 568.279 1732.79
1080000 593.33 573.697 567.687 1734.71
1082000 594.723 574.452 568.135 1737.31
1084000 594.727 577.081 569.674 1741.48
1086000 595.55 575.319 572.494 1743.36
1088000 598.679 575.965 570.719 1745.36
1090000 599.386 576.697 571.539 1747.62
1092000 599.017 576.59 571.314 1746.92
1094000 599.89 578.228 572.918 1751.04
1096000 600.461 577.17 573.615 1751.25
1098000 601.73 578.997 573.866 1754.59
1100000 601.384 580.748 574.702 1756.83
1102000 601.872 581.459 574.902 1758.23
1104000 603.368 583.222 575.567 1762.16
1106000 603.952 583.809 576.28 1764.04
1108000 606.692 584.545 575.718 1766.96
1110000 608.645 584.51 577.485 1770.64
1112000 610.103 586.045 579.08 1775.23
1114000 611.271 590.219 578.064 1779.55
1116000 611.779 587.947 580.252 1779.98
1118000 613.164 589.007 581.058 1783.23
1120000 613.233 588.601 583.238 1785.07
1122000 612.867 591.211 584.13 1788.21
1124000 611.496 591.295 585.794 1788.59
1126000 611.796 592.781 587.276 1791.85
1128000 612.355 593.074 587.382 1792.81
1130000 614.821 593.495 587.08 1795.4
1132000 613.914 596.136 587.857 1797.91
1134000 613.395 596.04 589.257 1798.69
1136000 614.642 595.886 591.569 1802.1
1138000 615.063 597.737 593.173 1805.97
1140000 616.584 599.083 594.147 1809.81
1142000 617.246 601.61 596.756 1815.61
1144000 616.407 602.684 597.201 1816.29
1146000 619.218 604.332 598.347 1821.9
1148000 615.358 605.819 598.444 1819.62
1150000 617.147 605.134 599.583 1821.86
1152000 617.072 607.335 600.41 1824.82
1154000 616.946 607.236 601.954 1826.14
1156000 616.172 609.609 601.897 1827.68
1158000 616.816 609.171 602.046 1828.03
1160000 617.453 610.72 604.366 1832.54
1162000 619.629 610.885 606.242 1836.76
1164000 621.564 612.25 608.107 1841.92
1166000 620.398 612.017 609.827 1842.24
1168000 621.592 612.424 611.47 1845.49
1170000 623.008 613.342 613.368 1849.72
1172000 623.195 613.638 613.773 1850.61
1174000 622.81 613.238 616.429 1852.48
1176000 623.902 617.159 617.344 1858.41
1178000 624.614 619.081 619.09 1862.78
1180000 627.058 620.054 619.722 1866.83
1182000 627.523 619.178 619.004 1865.71
1184000 629.561 620.311 620.592 1870.46
1186000 630.691 618.447 621.964 1871.1
1188000 631.43 620.691 622.436 1874.56
1190000 630.824 621.34 622.459 1874.62
1192000 633.927 620.78 622.133 1876.84
1194000 635.077 621.981 622.279 1879.34
1196000 635.177 623.449 623.725 1882.35
1198000 634.718 624.568 626.266 1885.55
1200000 637.1 625.916 628.608 1891.62
1202000 636.939 625.786 628.086 1890.81
1204000 639.239 626.17 628.567 1893.98
1206000 639.008 625.803 630.659 1895.47
1208000 638.59 626.315 632.451 1897.36
1210000 640.82 629.579 634.575 1904.97
1212000 640.309 630.255 637.347 1907.91
1214000 642.805 631.309 637.038 1911.15
1216000 642.156 632.296 639.877 1914.33
1218000 641.246 634.788 641.693 1917.73
1220000 640.664 636.52 643.121 1920.31
1222000 641.884 635.214 644.432 1921.53
1224000 641.876 637.006 643.622 1922.5
1226000 642.982 638.901 644.999 1926.88
1228000 642.105 639.856 647.235 1929.2
1230000 640.532 640.336 648.749 1929.62
1232000 642.171 642.403 650.02 1934.59
1234000 640.941 644.824 651.024 1936.79
1236000 642.076 646.235 651.12 1939.43
1238000 642.779 648.043 653.115 1943.94
1240000 641.918 648.607 654.262 1944.79
1242000 642.314 648.146 655.998 1946.46
1244000 643.666 650.982 657.163 1951.81
1246000 645.525 650.588 661.065 1957.18
1248000 647.898 652.404 661.99 1962.29
1250000 649.693 654.391 661.368 1965.45
1252000 652.168 653.071 661.161 1966.4
1254000 652.535 654.268 660.628 1967.43
1256000 652.821 658.233 662.37 1973.42
1258000 653.687 659.029 664.09 1976.81
1260000 655.021 659.648 666.386 1981.06
1262000 654.859 658.752 667.793 1981.4
1264000 654.496 660.55 669.447 1984.49
1266000 654.358 662.199 668.555 1985.11
1268000 656.318 661.33 671.802 1989.45
1270000 656.987 663.374 673.191 1993.55
1272000 657.767 663.567 674.705 1996.04
1274000 657.576 665.114 675.44 1998.13
1276000 659.383 667.249 674.31 2000.94
1278000 661.515 670.418 676.396 2008.33
1280000 661.815 668.75 677.927 2008.49
1282000 659.632 671.162 677.451 2008.25
1284000 659.359 671.664 680.343 2011.37
1286000 657.064 673.799 679.271 2010.13
1288000 658.566 674.644 682.304 2015.51
1290000 657.952 675.639 687.037 2020.63
1292000 658.556 675.808 687.162 2021.53
1294000 658.366 677.285 688.319 2023.97
1296000 661.776 677.761 688.415 2027.95
1298000 662.179 678.79 689.118 2030.09
1300000 664.982 679.164 689.178 2033.32
1302000 666.269 678.856 692.859 2037.98
1304000 666.747 679.762 693.081 2039.59
1306000 667.683 680.673 693.469 2041.83
1308000 672.458 682.249 696.17 2050.88
1310000 673.28 682.706 698.338 2054.32
1312000 674.12 681.504 702.399 2058.02
1314000 678.08 680.354 701.687 2060.12
1316000 677.626 679.755 704.552 2061.93
1318000 679.363 680.024 703.159 2062.55
1320000 678.407 680.089 706.307 2064.8
1322000 678.451 680.634 706.246 2065.33
1324000 679.507 680.071 708.989 2068.57
1326000 680.589 681.576 709.267 2071.43
1328000 681.252 682.707 712.371 2076.33
1330000 681.751 683.388 713.002 2078.14
1332000 684.14 683.897 712.725 2080.76
1334000 684.127 683.67 714.427 2082.22
1336000 685.347 685.623 713.714 2084.68
1338000 687.218 687.336 714.657 2089.21
1340000 689.917 689.521 716.369 2095.81
1342000 695.523 689.896 716.122 2101.54
1344000 694.298 691.253 716.45 2102
1346000 694.96 693.918 717.765 2106.64
1348000 695.631 695.161 721.473 2112.26
1350000 696.687 694.861 721.451 2113
1352000 698.941 696.487 723.335 2118.76
1354000 698.508 697.779 722.399 2118.69
1356000 698.083 698.678 724.162 2120.92
1358000 697.522 697.174 723.131 2117.83
1360000 696.255 700.391 724.444 2121.09
1362000 694.654 700.239 723.575 2118.47
1364000 696.165 702.01 723.013 2121.19
1366000 698.04 703.702 725.79 2127.53
1368000 697.046 702.891 726.951 2126.89
1370000 698.426 706.745 727.63 2132.8
1372000 700.37 706.815 727.649 2134.83
1374000 701.979 706.224 731.495 2139.7
1376000 705.521 706.838 732.992 2145.35
1378000 705.628 710.183 733.708 2149.52
1380000 705.625 711.451 734.66 2151.74
1382000 707.402 711.576 735.676 2154.65
1384000 710.167 712.26 736.455 2158.88
1386000 711.802 710.87 737.742 2160.41
1388000 713.075 712.929 738.777 2164.78
1390000 716.973 714.057 739.189 2170.22
1392000 718.617 715.325 742.486 2176.43
1394000 720.446 716.684 743.377 2180.51
1396000 720.433 718.279 744.455 2183.17
1398000 721.303 719.575 746.107 2186.98
1400000 721.71 718.728 743.634 2184.07
1402000 723.739 720.718 744.943 2189.4
1404000 725.793 723.022 746.711 2195.53
1406000 727.549 725.294 746.512 2199.36
1408000 729.328 726.467 747.326 2203.12
1410000 728.58 727.675 748.943 2205.2
1412000 727.603 730.233 750.026 2207.86
1414000 730.085 729.46 754.098 2213.64
1416000 731.82 732.746 754.02 2218.58
1418000 732.111 733.132 754.478 2219.72
1420000 732.29 735.038 756.082 2223.41
1422000 733.737 734.007 758.51 2226.25
1424000 734.33 732.827 758.092 2225.25
1426000 735.758 733.125 757.525 2226.41
1428000 735.303 734.221 758.202 2227.73
1430000 735.465 735.58 759.533 2230.58
1432000 736.146 735.43 760.24 2231.82
1434000 736.667 734.441 758.741 2229.85
1436000 739.72 737.86 758.442 2236.02
1438000 738.106 739.73 758.376 2236.21
1440000 740.54 740.422 760.513 2241.48
1442000 741.053 741.259 762.499 2244.81
1444000 743.224 740.248 763.192 2246.66
1446000 743.52 738.307 766.19 2248.02
1448000 742.45 739.443 767.206 2249.1
1450000 745.178 744.224 768.384 2257.79
1452000 747.707 744.917 768.449 2261.07
1454000 747.582 745.576 769.642 2262.8
1456000 747.653 745.882 769.333 2262.87
1458000 749.119 746.075 771.321 2266.52
1460000 749.792 748.518 772.887 2271.2
1462000 751.999 751.356 772.424 2275.78
1464000 756.074 751.492 775.997 2283.56
1466000 753.455 752.743 777.928 2284.13
1468000 753.173 754.4 778.997 2286.57
1470000 755.516 757.751 781.018 2294.28
1472000 756.538 758.779 782.926 2298.24
1474000 759.182 760.177 785.653 2305.01
1476000 761.642 762.367 789.717 2313.73
1478000 762.783 761.311 791.422 2315.52
1480000 763.488 763.909 792.108 2319.5
1482000 764.492 766.684 794.313 2325.49
1484000 765.486 769.03 796.598 2331.11
1486000 767.628 772.419 798.944 2338.99
1488000 769.109 773.811 799.718 2342.64
1490000 770.572 771.674 799.612 2341.86
1492000 773.445 772.532 799.241 2345.22
1494000 773.819 773.774 802.943 2350.54
1496000 774.835 776.94 800.919 2352.69
1498000 775.329 780.113 802.909 2358.35
1500000 776.407 782.199 802.992 2361.6
1502000 780.976 782.485 805.11 2368.57
1504000 781.015 784.006 806.541 2371.56
1506000 782.247 784.487 809.899 2376.63
1508000 783.643 783.487 810.535 2377.66
1510000 784.945 783.032 811.613 2379.59
1512000 785.946 782.167 813.686 2381.8
1514000 786.036 783.209 817.87 2387.11
1516000 788.304 782.337 819.743 2390.38
1518000 789.289 783.037 822.769 2395.09
1520000 792.125 784.968 823.751 2400.84
1522000 791.797 786.024 826.565 2404.39
1524000 793.453 786.979 828.186 2408.62
1526000 794.862 790.147 827.84 2412.85
1528000 796.009 791.141 827.1 2414.25
1530000 797.274 792.595 827.861 2417.73
1532000 798.377 790.218 826.999 2415.59
1534000 798.353 789.428 827.316 2415.1
1536000 798.956 788.707 827.991 2415.65
1538000 800.385 791.658 828.419 2420.46
1540000 802.565 794.448 829.325 2426.34
1542000 804.978 795.607 830.245 2430.83
1544000 803.597 799.352 831.422 2434.37
1546000 803.865 800.365 834.108 2438.34
1548000 805.384 800.137 831.359 2436.88
1550000 807.358 798.351 832.001 2437.71
1552000 808.997 800.691 833.786 2443.47
1554000 808.701 803.357 834.884 2446.94
1556000 810.917 805.61 835.779 2452.31
1558000 808.164 807.626 833.554 2449.34
1560000 808.008 808.887 833.301 2450.19
1562000 810.313 809.741 832.834 2452.89
1564000 810.015 810.796 834.869 2455.68
1566000 811.373 813.162 839.033 2463.57
1568000 811.929 816.667 840.149 2468.74
1570000 811.293 816.676 842.617 2470.59
1572000 812.058 817.317 843.524 2472.9
1574000 814.036 818.017 844.424 2476.48
1576000 815.935 818.507 842.777 2477.22
1578000 817.172 817.828 843.671 2478.67
1580000 815.989 816.899 842.619 2475.51
1582000 815.017 818.077 844.839 2477.93
1584000 817.158 818.265 847.533 2482.96
1586000 817.865 818.224 848.309 2484.4
1588000 819.227 818.134 849.803 2487.16
1590000 818.176 820.366 850.685 2489.23
1592000 819.816 820.547 854.049 2494.41
1594000 824.583 819.191 853.232 2497.01
1596000 826.497 818.883 856.656 2502.04
1598000 824.219 823.829 857.639 2505.69
1600000 823.929 823.872 856.184 2503.98
1602000 822.868 824.14 855.94 2502.95
1604000 825.772 824.411 859.417 2509.6
1606000 825.113 825.057 859.846 2510.02
1608000 828.854 825.423 860.98 2515.26
1610000 829.464 824.254 861.187 2514.91
1612000 830.073 825.157 859.546 2514.78
1614000 832.802 824.965 859.88 2517.65
1616000 831.561 828.129 860.712 2520.4
1618000 833.829 827.984 863.927 2525.74
1620000 834.999 830.07 861.287 2526.36
1622000 834.034 832.513 860.424 2526.97
1624000 835.204 833.436 859.922 2528.56
1626000 835.158 832.613 861.137 2528.91
1628000 835.037 832.149 861.303 2528.49
1630000 835.696 834.769 862.765 2533.23
1632000 835.915 835.709 861.47 2533.09
1634000 836.677 840.487 861.702 2538.87
1636000 837.263 839.593 863.032 2539.89
1638000 839.051 843.574 865.185 2547.81
1640000 840.738 846.799 869.024 2556.56
1642000 844.623 848.621 870.877 2564.12
1644000 843.558 851.828 873.025 2568.41
1646000 846.441 852.502 872.695 2571.64
1648000 851.823 854.588 874.353 2580.76
1650000 853.052 856.514 877.291 2586.86
1652000 852.784 856.13 878.251 2587.16
1654000 855.628 857.806 877.939 2591.37
1656000 856.944 858.978 879.308 2595.23
1658000 859.744 860.873 881.35 2601.97
1660000 860.372 861.142 881.024 2602.54
1662000 862.906 861.221 883.251 2607.38
1664000 864.066 863.543 883.653 2611.26
1666000 866.686 860.901 885.828 2613.42
1668000 867.191 860.876 889.13 2617.2
1670000 870.554 861.248 890.995 2622.8
1672000 868.685 862.82 892.436 2623.94
1674000 868.656 864.691 891.954 2625.3
1676000 873.103 864.592 893.253 2630.95
1678000 871.09 864.875 894.964 2630.93
1680000 872.146 866.297 900.061 2638.5
1682000 873.306 868.452 900.896 2642.65
1684000 876.554 870.442 906.239 2653.23
1686000 875.7 872.261 905.265 2653.23
1688000 875.978 872.268 905.784 2654.03
1690000 874.255 874.362 907.903 2656.52
1692000 876.56 875.625 908.56 2660.74
1694000 877.767 877.147 907.799 2662.71
1696000 879.649 878.397 907.824 2665.87
1698000 879.927 879.619 909.326 2668.87
1700000 881.269 879.951 910.677 2671.9
1702000 882.392 878.664 915.414 2676.47
1704000 885.84 878.952 912.918 2677.71
1706000 884.862 877.953 913.402 2676.22
1708000 887.399 878.941 916.321 2682.66
1710000 889.161 878.655 916.846 2684.66
1712000 890.281 881.288 917.121 2688.69
1714000 892.744 885.843 917.536 2696.12
1716000 893.782 887.807 915.19 2696.78
1718000 899.635 889.838 913.787 2703.26
1720000 900.731 889.276 914.637 2704.64
1722000 904.223 891.65 917.188 2713.06
1724000 907.275 894.182 918.473 2719.93
1726000 906.785 894.388 919.665 2720.84
1728000 907.764 896.785 922.947 2727.5
1730000 907.623 897.166 924.685 2729.47
1732000 908.837 900.718 923.392 2732.95
1734000 908.223 898.589 923.823 2730.63
1736000 912.827 899.441 923.766 2736.03
1738000 912.375 900.395 923.564 2736.33
1740000 914.467 901.892 925.992 2742.35
1742000 917.844 903.406 926.355 2747.6
1744000 917.996 902.987 930.964 2751.95
1746000 920.215 904.233 931.124 2755.57
1748000 918.021 905.3 929.904 2753.23
1750000 918.705 907.845 930.402 2756.95
1752000 921.435 908.089 932.7 2762.22
1754000 923.085 908.902 933.659 2765.65
1756000 923.507 908.954 935.362 2767.82
1758000 925.117 909.951 935.968 2771.04
1760000 928.433 911.718 936.172 2776.32
1762000 929.734 915.519 937.832 2783.09
1764000 930.552 918.906 939.479 2788.94
1766000 931.242 919.219 939.371 2789.83
1768000 931.162 919.218 939.573 2789.95
1770000 933.118 921.274 940.602 2794.99
1772000 933.663 921.727 941.847 2797.24
1774000 933.286 923.979 940.996 2798.26
1776000 934.201 925.433 942.162 2801.8
1778000 935.557 925.596 944.364 2805.52
1780000 939.76 924.244 942.618 2806.62
1782000 940.147 924.945 945.743 2810.84
1784000 944.535 928.011 946.535 2819.08
1786000 945.267 929.626 945.022 2819.92
1788000 944.244 931.447 945.558 2821.25
1790000 945.253 932.937 946.827 2825.02
1792000 946.678 935.153 946.792 2828.62
1794000 949.499 936.325 945.955 2831.78
1796000 949.619 937.94 944.008 2831.57
1798000 948.873 937.905 945.332 2832.11
1800000 948.638 939.455 945.73 2833.82
1802000 950.315 941.645 947.789 2839.75
1804000 951.6 944.453 948.937 2844.99
1806000 952.973 944.867 951.452 2849.29
1808000 955.5 946.703 954.654 2856.86
1810000 953.724 948.846 954.453 2857.02
1812000 956.566 951.299 954.046 2861.91
1814000 957.056 951.396 954.783 2863.24
1816000 957.343 953.843 955.288 2866.47
1818000 957.733 954.15 957.298 2869.18
1820000 959.675 953.77 960.44 2873.88
1822000 960.822 952.138 962.476 2875.44
1824000 959.561 953.172 961.922 2874.66
1826000 960.009 952.902 963.334 2876.25
1828000 960.79 954.082 965.081 2879.95
1830000 960.477 953.435 964.368 2878.28
1832000 959.987 955.653 965.059 2880.7
1834000 961.509 957.101 966.73 2885.34
1836000 965.349 960.868 965.883 2892.1
1838000 965.376 963.462 964.765 2893.6
1840000 964.323 964.304 965.074 2893.7
1842000 963.954 966.67 965.06 2895.68
1844000 965.343 966.089 964.207 2895.64
1846000 967.464 966.301 966.98 2900.74
1848000 966.121 966.017 968.751 2900.89
1850000 965.986 965.783 967.428 2899.2
1852000 967.978 967.417 968.33 2903.72
1854000 970.042 970.048 973.311 2913.4
1856000 971.418 970.403 975.159 2916.98
1858000 972.025 970.6 977.913 2920.54
1860000 975.327 968.949 979.14 2923.42
1862000 977.705 970.11 978.904 2926.72
1864000 975.143 968.233 983.467 2926.84
1866000 976.851 970.25 986.721 2933.82
1868000 979.664 972.707 989.52 2941.89
1870000 980.817 972.539 993.067 2946.42
1872000 981.204 974.242 994.475 2949.92
1874000 983.894 974.254 995.546 2953.69
1876000 984.156 975.676 997.468 2957.3
1878000 985.315 974.852 998.86 2959.03
1880000 985.597 975.753 997.048 2958.4
1882000 986.4 976.516 997.155 2960.07
1884000 988.259 977.545 999.13 2964.93
1886000 992.98 980.307 1003.09 2976.38
1888000 990.815 981.414 1005.46 2977.69
1890000 992.006 981.773 1005.13 2978.9
1892000 991.708 982.259 1003.56 2977.53
1894000 996.259 982.417 1004.92 2983.6
1896000 996.303 981.363 1005.92 2983.59
1898000 997.431 982.5 1005.26 2985.19
1900000 998.362 984.068 1003.21 2985.64
1902000 1001.01 988.428 1000.95 2990.39
1904000 1001.61 987.493 1001.62 2990.72
1906000 1000.32 992.079 1001.32 2993.72
1908000 999.708 991.635 1003.98 2995.32
1910000 1002.31 991.055 1005.91 2999.27
1912000 1000.07 987.722 1005.6 2993.39
1914000 1000.65 988.143 1004.89 2993.68
1916000 999.67 988.846 1004.35 2992.87
1918000 1001.47 989.47 1006.41 2997.36
1920000 1000.96 990.614 1007.67 2999.24
1922000 1002.88 990.9 1009.14 3002.92
1924000 1002.74 995.048 1013.55 3011.33
1926000 1005.11 996.489 1012.35 3013.95
1928000 1006.63 1000.48 1015.9 3023.01
1930000 1007.7 1001.06 1015.8 3024.57
1932000 1009.17 1003.86 1017.43 3030.46
1934000 1010.1 1004.77 1018.37 3033.23
1936000 1010.85 1006.61 1018.49 3035.95
1938000 1011.98 1009.02 1018.9 3039.9
1940000 1011.22 1012.69 1021.06 3044.97
1942000 1013.01 1013.57 1020.24 3046.82
1944000 1012.81 1013.46 1019.39 3045.66
1946000 1012.42 1015.72 1023.06 3051.21
1948000 1011.8 1017.32 1024.93 3054.05
1950000 1013.09 1018.43 1028.2 3059.73
1952000 1014.57 1015.34 1024.59 3054.5
1954000 1019.29 1017.66 1026.2 3063.15
1956000 1020.46 1021.64 1029.52 3071.62
1958000 1021.05 1023.38 1032.03 3076.46
1960000 1021.97 1024.87 1032.6 3079.44
1962000 1022.07 1025.48 1033.07 3080.61
1964000 1023.97 1027.73 1034.37 3086.07
1966000 1022.41 1030.62 1035.6 3088.63
1968000 1023.83 1032.65 1037.89 3094.37
1970000 1029.19 1033.54 1038.11 3100.84
1972000 1030.48 1034.49 1038.11 3103.08
1974000 1031.39 1033.64 1037.55 3102.57
1976000 1032.15 1034.72 1040.1 3106.97
1978000 1035.18 1035.69 1041.62 3112.49
1980000 1035.08 1037.92 1042.22 3115.23
1982000 1036.2 1041.6 1045.81 3123.61
1984000 1040.16 1043.97 1048.53 3132.66
1986000 1040.53 1045.46 1048.15 3134.14
1988000 1040.6 1047.56 1049.49 3137.65
1990000 1040.66 1049.45 1051.2 3141.31
1992000 1042.97 1048.11 1055.91 3146.98
1994000 1043.77 1045.61 1054.6 3143.97
1996000 1043.42 1045.08 1053.29 3141.79
1998000 1044.65 1045.05 1057.71 3147.41
2000000 1045.46 1043.48 1058.36 3147.3
