# Time-averaged data for fix savemsd
# TimeStep c_msd[1] c_msd[2] c_msd[3] c_msd[4]
0 5.4782e-33 5.4782e-33 0 1.09564e-32
2000 0.0663285 0.0702429 0.0633512 0.199923
4000 0.0816471 0.0809004 0.0830553 0.245603
6000 0.0952058 0.0977307 0.0939673 0.286904
8000 0.113224 0.109765 0.133396 0.356386
10000 0.122708 0.126736 0.158997 0.408441
12000 0.144107 0.131412 0.169601 0.445121
14000 0.157911 0.151994 0.166108 0.476012
16000 0.170952 0.159375 0.177391 0.507718
18000 0.170757 0.189077 0.188036 0.547869
20000 0.193882 0.207089 0.201603 0.602573
22000 0.206194 0.212254 0.220272 0.63872
24000 0.228377 0.231573 0.234824 0.694774
26000 0.242709 0.249032 0.250549 0.74229
28000 0.257918 0.278196 0.27172 0.807834
30000 0.263674 0.277662 0.296717 0.838053
32000 0.264495 0.286539 0.31279 0.863824
34000 0.294481 0.316259 0.328668 0.939408
36000 0.308977 0.316366 0.336948 0.962291
38000 0.315138 0.319973 0.350692 0.985802
40000 0.328285 0.341418 0.373058 1.04276
42000 0.3489 0.35005 0.382137 1.08109
44000 0.367226 0.380532 0.39413 1.14189
46000 0.384198 0.37976 0.437547 1.20151
48000 0.392117 0.410011 0.459316 1.26144
50000 0.41154 0.416906 0.455988 1.28443
52000 0.445322 0.445157 0.486616 1.3771
54000 0.446326 0.445416 0.495722 1.38746
56000 0.463839 0.457733 0.500339 1.42191
58000 0.468135 0.45144 0.520346 1.43992
60000 0.485857 0.472539 0.531551 1.48995
62000 0.499748 0.505177 0.554392 1.55932
64000 0.513361 0.50445 0.560738 1.57855
66000 0.539658 0.541914 0.571755 1.65333
68000 0.534817 0.554547 0.589788 1.67915
70000 0.579094 0.568743 0.61027 1.75811
72000 0.59044 0.55513 0.612553 1.75812
74000 0.580426 0.574952 0.622196 1.77757
76000 0.600657 0.590454 0.648657 1.83977
78000 0.623257 0.592539 0.641021 1.85682
80000 0.641661 0.60324 0.664326 1.90923
82000 0.651319 0.607219 0.676043 1.93458
84000 0.670274 0.628687 0.678314 1.97727
86000 0.681894 0.624062 0.693847 1.9998
88000 0.7031 0.66418 0.706621 2.0739
90000 0.715072 0.667623 0.72231 2.105
92000 0.719688 0.688875 0.746242 2.15481
94000 0.736432 0.680303 0.743571 2.16031
96000 0.746966 0.71383 0.768103 2.2289
98000 0.784844 0.71273 0.788142 2.28572
100000 0.780801 0.720176 0.800238 2.30121
102000 0.809972 0.7569 0.826918 2.39379
104000 0.803955 0.75634 0.83092 2.39122
106000 0.839579 0.773742 0.863866 2.47719
108000 0.842196 0.789749 0.893077 2.52502
110000 0.866594 0.784582 0.895101 2.54628
112000 0.87433 0.798411 0.892467 2.56521
114000 0.899623 0.818683 0.919918 2.63822
116000 0.903715 0.83594 0.949986 2.68964
118000 0.940463 0.85621 0.977138 2.77381
120000 0.940756 0.897393 1.0017 2.83985
122000 0.974925 0.87646 1.01383 2.86522
124000 0.989543 0.896995 1.02329 2.90982
126000 1.01914 0.923089 1.03834 2.98058
128000 1.02966 0.944346 1.05949 3.0335
130000 1.06483 0.940353 1.08654 3.09172
132000 1.10156 0.955582 1.10218 3.15932
134000 1.11244 0.96171 1.12511 3.19926
136000 1.10432 0.961858 1.11694 3.18312
138000 1.12762 0.985063 1.13845 3.25113
140000 1.16199 1.01062 1.15005 3.32266
142000 1.17631 1.02022 1.13437 3.3309
144000 1.16964 1.02468 1.16257 3.35689
146000 1.17741 1.04343 1.18476 3.4056
148000 1.18705 1.05663 1.20468 3.44836
150000 1.21835 1.05757 1.24811 3.52403
152000 1.22567 1.03275 1.27563 3.53405
154000 1.24163 1.05477 1.26488 3.56128
156000 1.26104 1.07075 1.31105 3.64284
158000 1.28256 1.09744 1.32525 3.70526
160000 1.30269 1.09848 1.35285 3.75401
162000 1.3244 1.10626 1.33901 3.76967
164000 1.36036 1.12873 1.37111 3.8602
166000 1.41034 1.15333 1.38814 3.95182
168000 1.43107 1.17118 1.40914 4.01139
170000 1.46296 1.19957 1.44477 4.1073
172000 1.46852 1.18489 1.45031 4.10372
174000 1.49234 1.21697 1.47708 4.18638
176000 1.50304 1.19325 1.51552 4.21181
178000 1.51702 1.22661 1.51073 4.25436
180000 1.52971 1.22965 1.53814 4.29749
182000 1.53484 1.21823 1.55969 4.31276
184000 1.52805 1.23251 1.55323 4.3138
186000 1.54256 1.24063 1.57988 4.36308
188000 1.58548 1.26334 1.57989 4.42871
190000 1.60381 1.26633 1.58239 4.45253
192000 1.62569 1.29189 1.60277 4.52035
194000 1.60337 1.3298 1.59491 4.52808
196000 1.62819 1.35542 1.6318 4.61541
198000 1.66328 1.36931 1.6307 4.66329
200000 1.66603 1.36583 1.65719 4.68905
202000 1.68058 1.39083 1.64126 4.71267
204000 1.72266 1.38538 1.67434 4.78239
206000 1.70099 1.40524 1.69143 4.79766
208000 1.73966 1.43694 1.71728 4.89388
210000 1.76616 1.41991 1.73241 4.91848
212000 1.74396 1.44225 1.74722 4.93343
214000 1.7932 1.48492 1.78286 5.06098
216000 1.79365 1.49342 1.75465 5.04172
218000 1.85002 1.53577 1.77415 5.15993
220000 1.85479 1.54639 1.79499 5.19617
222000 1.86239 1.55004 1.78796 5.20039
224000 1.90417 1.55406 1.81522 5.27345
226000 1.90574 1.57403 1.83116 5.31092
228000 1.92544 1.58842 1.84729 5.36116
230000 1.93092 1.59396 1.82943 5.35431
232000 1.94945 1.59315 1.85194 5.39454
234000 1.94951 1.61486 1.88204 5.44641
236000 1.9602 1.62288 1.92143 5.50451
238000 1.99649 1.64121 1.92667 5.56438
240000 2.01594 1.65424 1.92539 5.59556
242000 2.01871 1.68921 1.92487 5.63278
244000 2.05493 1.69213 1.97567 5.72273
246000 2.07037 1.6965 2.00964 5.77652
248000 2.08544 1.71093 2.01873 5.81509
250000 2.07765 1.72381 2.03042 5.83188
252000 2.11222 1.75476 2.04136 5.90834
254000 2.12369 1.74689 2.06294 5.93352
256000 2.11924 1.77445 2.04035 5.93404
258000 2.19592 1.80343 2.07292 6.07227
260000 2.22514 1.82552 2.08922 6.13988
262000 2.25109 1.84061 2.07211 6.16381
264000 2.21576 1.89002 2.10849 6.21426
266000 2.26083 1.89239 2.13832 6.29154
268000 2.27296 1.89359 2.15569 6.32224
270000 2.24855 1.91768 2.14347 6.30971
272000 2.3091 1.94394 2.17752 6.43056
274000 2.30036 1.93843 2.18193 6.42072
276000 2.30499 1.94391 2.21424 6.46314
278000 2.33209 1.94953 2.21038 6.492
280000 2.33382 1.96867 2.24862 6.55112
282000 2.37444 2.00095 2.24022 6.61561
284000 2.384 2.02219 2.2522 6.65839
286000 2.39161 2.02929 2.25482 6.67572
288000 2.38271 2.06299 2.27911 6.72481
290000 2.39078 2.07818 2.28952 6.75848
292000 2.38852 2.06984 2.28448 6.74284
294000 2.39622 2.10493 2.35952 6.86066
296000 2.43046 2.08001 2.36912 6.8796
298000 2.45806 2.10623 2.38204 6.94633
300000 2.51691 2.10855 2.4237 7.04916
302000 2.5226 2.13682 2.44526 7.10468
304000 2.56247 2.14049 2.5194 7.22236
306000 2.53175 2.16618 2.48884 7.18676
308000 2.5731 2.15843 2.5072 7.23873
310000 2.54452 2.17714 2.53912 7.26078
312000 2.60257 2.17533 2.53768 7.31559
314000 2.57649 2.18512 2.52591 7.28752
316000 2.56733 2.18694 2.58708 7.34135
318000 2.6019 2.18686 2.58886 7.37762
320000 2.61646 2.25102 2.59322 7.4607
322000 2.65798 2.24181 2.60409 7.50388
324000 2.67641 2.24322 2.61208 7.53171
326000 2.66162 2.2652 2.59372 7.52054
328000 2.66672 2.28825 2.62622 7.58118
330000 2.6695 2.26062 2.64883 7.57895
332000 2.71292 2.30566 2.64464 7.66323
334000 2.72082 2.32863 2.63555 7.68499
336000 2.74132 2.33671 2.67575 7.75379
338000 2.76569 2.37931 2.69126 7.83626
340000 2.74154 2.37246 2.67182 7.78582
342000 2.75965 2.34341 2.67345 7.77651
344000 2.80957 2.36314 2.72355 7.89627
346000 2.79539 2.41161 2.75083 7.95783
348000 2.77836 2.4058 2.7769 7.96105
350000 2.80847 2.42982 2.79128 8.02956
352000 2.81967 2.42708 2.81306 8.0598
354000 2.8611 2.42625 2.87328 8.16063
356000 2.88043 2.44564 2.86835 8.19442
358000 2.92428 2.46343 2.90957 8.29728
360000 2.89064 2.47161 2.90187 8.26412
362000 2.90722 2.48884 2.90506 8.30112
364000 2.92848 2.50391 2.93635 8.36874
366000 2.94101 2.50338 2.92645 8.37083
368000 2.9492 2.54264 2.97861 8.47044
370000 2.96449 2.57182 2.98134 8.51765
372000 3.00832 2.58488 3.01889 8.6121
374000 3.00652 2.56601 2.97872 8.55125
376000 3.01477 2.60768 2.98833 8.61078
378000 3.01675 2.61554 3.00732 8.63961
380000 3.02632 2.60953 3.03343 8.66928
382000 3.06323 2.64882 3.01092 8.72296
384000 3.08252 2.63348 3.05094 8.76693
386000 3.11634 2.6775 3.06818 8.86202
388000 3.09285 2.67298 3.06254 8.82837
390000 3.10828 2.70794 3.0836 8.89981
392000 3.10439 2.69349 3.10683 8.90471
394000 3.15174 2.71759 3.12835 8.99768
396000 3.19004 2.75032 3.14085 9.0812
398000 3.20268 2.7164 3.179 9.09808
400000 3.2058 2.71446 3.16758 9.08784
402000 3.24289 2.74656 3.20246 9.1919
404000 3.21429 2.76928 3.21206 9.19562
406000 3.27188 2.81032 3.20887 9.29107
408000 3.2905 2.83107 3.1951 9.31667
410000 3.28294 2.80996 3.23095 9.32385
412000 3.31231 2.82047 3.2314 9.36418
414000 3.33177 2.85105 3.27285 9.45567
416000 3.35062 2.87021 3.30055 9.52139
418000 3.37622 2.87405 3.31085 9.56112
420000 3.36154 2.92559 3.33638 9.62351
422000 3.37915 2.94329 3.33564 9.65808
424000 3.3809 2.97493 3.3255 9.68133
426000 3.39021 2.97291 3.33646 9.69959
428000 3.38671 2.98914 3.37191 9.74776
430000 3.38264 2.98599 3.43682 9.80544
432000 3.41684 3.01004 3.41586 9.84274
434000 3.43802 3.02411 3.41775 9.87988
436000 3.44299 3.01324 3.45076 9.907
438000 3.47928 3.02387 3.43452 9.93767
440000 3.52896 3.0036 3.45064 9.9832
442000 3.52149 3.06749 3.45131 10.0403
444000 3.52519 3.08704 3.48625 10.0985
446000 3.56591 3.08203 3.51111 10.1591
448000 3.56189 3.12111 3.50559 10.1886
450000 3.60904 3.07967 3.55046 10.2392
452000 3.5964 3.12953 3.57258 10.2985
454000 3.63056 3.15012 3.59239 10.3731
456000 3.65561 3.13938 3.61144 10.4064
458000 3.69473 3.17466 3.61618 10.4856
460000 3.69739 3.18106 3.6296 10.508
462000 3.71697 3.22957 3.66892 10.6155
464000 3.70461 3.25507 3.6452 10.6049
466000 3.72956 3.26895 3.68232 10.6808
468000 3.75496 3.23505 3.68644 10.6764
470000 3.74772 3.25321 3.68817 10.6891
472000 3.78548 3.25504 3.73529 10.7758
474000 3.7817 3.31697 3.73302 10.8317
476000 3.8272 3.34337 3.75385 10.9244
478000 3.80865 3.31139 3.72624 10.8463
480000 3.82794 3.33846 3.71519 10.8816
482000 3.82646 3.35392 3.76534 10.9457
484000 3.85709 3.407 3.80459 11.0687
486000 3.80333 3.35363 3.80281 10.9598
488000 3.83245 3.3954 3.83111 11.059
490000 3.85913 3.40685 3.89456 11.1605
492000 3.87688 3.43835 3.84138 11.1566
494000 3.87667 3.45794 3.90682 11.2414
496000 3.88516 3.48815 3.87096 11.2443
498000 3.94273 3.46419 3.87798 11.2849
500000 3.94795 3.49878 3.95245 11.3992
502000 3.94865 3.52901 4.0185 11.4962
504000 3.95989 3.5416 4.00743 11.5089
506000 4.00636 3.5341 4.04512 11.5856
508000 4.02767 3.54457 4.05444 11.6267
510000 4.07171 3.54599 4.05974 11.6774
512000 4.06501 3.57006 4.10328 11.7383
514000 4.08291 3.55631 4.12378 11.763
516000 4.07566 3.56699 4.10744 11.7501
518000 4.08283 3.58388 4.11842 11.7851
520000 4.08032 3.56822 4.15438 11.8029
522000 4.09261 3.62435 4.13736 11.8543
524000 4.11626 3.60592 4.15765 11.8798
526000 4.13146 3.59852 4.1922 11.9222
528000 4.10596 3.61281 4.19476 11.9135
530000 4.20007 3.67446 4.19293 12.0675
532000 4.13587 3.67421 4.23647 12.0466
534000 4.17631 3.68616 4.24449 12.107
536000 4.21742 3.72242 4.25609 12.1959
538000 4.266 3.71416 4.27092 12.2511
540000 4.24124 3.72933 4.2993 12.2699
542000 4.24447 3.76704 4.28781 12.2993
544000 4.2383 3.77174 4.32966 12.3397
546000 4.24252 3.80354 4.30919 12.3552
548000 4.26904 3.79584 4.32195 12.3868
550000 4.25516 3.81172 4.36534 12.4322
552000 4.23133 3.83632 4.37337 12.441
554000 4.26412 3.89081 4.39268 12.5476
556000 4.26685 3.84034 4.41012 12.5173
558000 4.28075 3.87169 4.45236 12.6048
560000 4.33798 3.87714 4.43293 12.6481
562000 4.31773 3.92219 4.45998 12.6999
564000 4.28375 3.91314 4.44344 12.6403
566000 4.26921 3.94739 4.46614 12.6827
568000 4.32855 3.96533 4.53231 12.8262
570000 4.32969 3.99639 4.50357 12.8296
572000 4.39646 3.97602 4.48482 12.8573
574000 4.35215 3.9536 4.50323 12.809
576000 4.3541 4.03426 4.53219 12.9206
578000 4.34317 4.0222 4.5535 12.9189
580000 4.39096 4.03569 4.57319 12.9998
582000 4.41814 4.08436 4.56949 13.072
584000 4.4071 4.08673 4.59789 13.0917
586000 4.39117 4.07123 4.62313 13.0855
588000 4.4156 4.06313 4.6476 13.1263
590000 4.45176 4.10418 4.62182 13.1778
592000 4.46923 4.13281 4.62349 13.2255
594000 4.47891 4.14348 4.66323 13.2856
596000 4.47717 4.16264 4.59805 13.2379
598000 4.47474 4.1646 4.66997 13.3093
600000 4.52236 4.20034 4.67722 13.3999
602000 4.51558 4.20313 4.71262 13.4313
604000 4.51653 4.24052 4.7323 13.4894
606000 4.50427 4.22022 4.72705 13.4515
608000 4.51007 4.24786 4.78935 13.5473
610000 4.5384 4.28031 4.80469 13.6234
612000 4.56728 4.24205 4.80008 13.6094
614000 4.57326 4.26478 4.7834 13.6214
616000 4.57966 4.26294 4.78617 13.6288
618000 4.55305 4.2872 4.80911 13.6494
620000 4.61551 4.32329 4.86221 13.801
622000 4.58855 4.32003 4.80509 13.7137
624000 4.61819 4.32322 4.84951 13.7909
626000 4.63875 4.39251 4.84356 13.8748
628000 4.62101 4.38052 4.82304 13.8246
630000 4.64426 4.36709 4.85659 13.8679
632000 4.68332 4.40595 4.8798 13.9691
634000 4.70597 4.34913 4.9031 13.9582
636000 4.67517 4.39859 4.90754 13.9813
638000 4.74296 4.37938 4.91483 14.0372
640000 4.74684 4.42973 4.87868 14.0553
642000 4.75739 4.41175 4.90779 14.0769
644000 4.78724 4.45276 4.96337 14.2034
646000 4.77385 4.41919 4.99722 14.1903
648000 4.78526 4.44556 4.93018 14.161
650000 4.77875 4.45841 4.96323 14.2004
652000 4.76955 4.40916 5.01943 14.1981
654000 4.74695 4.48768 5.04698 14.2816
656000 4.79306 4.4701 5.07164 14.3348
658000 4.85776 4.51796 5.12071 14.4964
660000 4.89418 4.54673 5.14431 14.5852
662000 4.89965 4.56623 5.14458 14.6105
664000 4.89261 4.57412 5.21182 14.6785
666000 4.93439 4.57525 5.18323 14.6929
668000 4.96239 4.5906 5.18563 14.7386
670000 4.95384 4.60887 5.19377 14.7565
672000 4.9401 4.59883 5.20934 14.7483
674000 4.95271 4.64621 5.24085 14.8398
676000 4.99522 4.64223 5.25453 14.892
678000 5.00117 4.61403 5.21918 14.8344
680000 5.03125 4.61663 5.23908 14.887
682000 5.05355 4.65245 5.27064 14.9766
684000 5.08592 4.60615 5.31964 15.0117
686000 5.07323 4.65556 5.27008 14.9989
688000 5.0679 4.61871 5.26597 14.9526
690000 5.08879 4.66719 5.27383 15.0298
692000 5.10286 4.69743 5.32282 15.1231
694000 5.16971 4.69586 5.33117 15.1967
696000 5.22177 4.71035 5.28451 15.2166
698000 5.19137 4.72754 5.36675 15.2857
700000 5.24467 4.74915 5.36997 15.3638
702000 5.29166 4.79648 5.38629 15.4744
704000 5.30562 4.75832 5.41222 15.4762
706000 5.29998 4.80108 5.39873 15.4998
708000 5.35798 4.81294 5.44122 15.6121
710000 5.33348 4.78202 5.47033 15.5858
712000 5.37263 4.8078 5.47404 15.6545
714000 5.40039 4.81554 5.51302 15.7289
716000 5.41776 4.81492 5.49711 15.7298
718000 5.4344 4.87991 5.51192 15.8262
720000 5.43919 4.87061 5.55203 15.8618
722000 5.39806 4.89441 5.57848 15.8709
724000 5.45305 4.90645 5.54862 15.9081
726000 5.50272 4.89166 5.5739 15.9683
728000 5.50409 4.87071 5.57579 15.9506
730000 5.53898 4.95109 5.55617 16.0462
732000 5.55802 4.9387 5.61543 16.1122
734000 5.56862 4.93418 5.62265 16.1254
736000 5.56209 4.95059 5.60824 16.1209
738000 5.59933 4.97585 5.60381 16.179
740000 5.66222 5.00868 5.63121 16.3021
742000 5.68032 5.00053 5.64096 16.3218
744000 5.6703 5.00885 5.67407 16.3532
746000 5.68853 5.03387 5.6568 16.3792
748000 5.69531 5.05238 5.60581 16.3535
750000 5.69611 4.99844 5.67792 16.3725
752000 5.72262 5.00688 5.69838 16.4279
754000 5.73276 5.02464 5.68893 16.4463
756000 5.80471 5.0012 5.69985 16.5058
758000 5.75104 5.04741 5.71911 16.5176
760000 5.7322 5.09147 5.72818 16.5519
762000 5.79326 5.08626 5.77085 16.6504
764000 5.79972 5.11714 5.75429 16.6711
766000 5.81728 5.13188 5.82061 16.7698
768000 5.83459 5.14998 5.87128 16.8559
770000 5.84312 5.19022 5.88609 16.9194
772000 5.88792 5.19142 5.91769 16.997
774000 5.88451 5.17952 5.92796 16.992
776000 5.92105 5.17112 5.98601 17.0782
778000 5.93209 5.20868 5.96901 17.1098
780000 5.91346 5.17036 5.98947 17.0733
782000 5.96854 5.12922 6.02541 17.1232
784000 5.94655 5.18087 6.01096 17.1384
786000 5.98984 5.21367 6.02412 17.2276
788000 6.01376 5.20903 6.04994 17.2727
790000 6.05986 5.18767 6.06293 17.3105
792000 6.05335 5.18174 6.11565 17.3507
794000 6.08001 5.18267 6.08793 17.3506
796000 6.07943 5.19229 6.05324 17.325
798000 6.07258 5.20785 6.06696 17.3474
800000 6.08444 5.20345 6.11941 17.4073
802000 6.07021 5.22573 6.15801 17.454
804000 6.06859 5.24651 6.1423 17.4574
806000 6.13316 5.24857 6.15187 17.5336
808000 6.15574 5.27415 6.20552 17.6354
810000 6.20309 5.29543 6.14588 17.6444
812000 6.19707 5.35288 6.16667 17.7166
814000 6.15185 5.34824 6.20915 17.7092
816000 6.14984 5.38067 6.21333 17.7438
818000 6.17668 5.40034 6.30181 17.8788
820000 6.21735 5.39481 6.2499 17.8621
822000 6.23552 5.40691 6.2853 17.9277
824000 6.20125 5.39386 6.30575 17.9009
826000 6.2253 5.43427 6.29872 17.9583
828000 6.22759 5.40603 6.31316 17.9468
830000 6.28285 5.45589 6.32786 18.0666
832000 6.26968 5.44485 6.38633 18.1009
834000 6.24164 5.46989 6.35044 18.062
836000 6.25013 5.5091 6.37155 18.1308
838000 6.2449 5.50732 6.36498 18.1172
840000 6.25845 5.54953 6.41625 18.2242
842000 6.28736 5.52823 6.41807 18.2337
844000 6.29961 5.54192 6.42557 18.2671
846000 6.26684 5.53154 6.45858 18.257
848000 6.31379 5.53388 6.45941 18.3071
850000 6.2941 5.56661 6.52047 18.3812
852000 6.29929 5.58787 6.52508 18.4122
854000 6.33308 5.61 6.50008 18.4432
856000 6.31711 5.66477 6.57425 18.5561
858000 6.32433 5.62885 6.59968 18.5529
860000 6.33232 5.66086 6.62245 18.6156
862000 6.38226 5.63156 6.63671 18.6505
864000 6.35365 5.62108 6.63311 18.6078
866000 6.375 5.70179 6.67589 18.7527
868000 6.3477 5.65576 6.67345 18.6769
870000 6.36541 5.67036 6.63873 18.6745
872000 6.35874 5.70814 6.69795 18.7648
874000 6.43068 5.71198 6.71077 18.8534
876000 6.42084 5.74763 6.695 18.8635
878000 6.40747 5.74245 6.68387 18.8338
880000 6.44193 5.74643 6.73001 18.9184
882000 6.38621 5.76076 6.73896 18.8859
884000 6.38185 5.71058 6.74849 18.8409
886000 6.42643 5.70687 6.75943 18.8927
888000 6.44757 5.71373 6.80633 18.9676
890000 6.47975 5.74822 6.74116 18.9691
892000 6.52171 5.69806 6.77548 18.9952
894000 6.5203 5.70305 6.77266 18.996
896000 6.56228 5.73244 6.72183 19.0165
898000 6.609 5.77846 6.80865 19.1961
900000 6.58236 5.75173 6.89345 19.2275
902000 6.58401 5.77459 6.79201 19.1506
904000 6.57387 5.79902 6.7572 19.1301
906000 6.61629 5.80223 6.81773 19.2362
908000 6.6897 5.80266 6.77017 19.2625
910000 6.68162 5.81239 6.82559 19.3196
912000 6.71178 5.79321 6.83499 19.34
914000 6.7323 5.80525 6.85479 19.3923
916000 6.70677 5.83262 6.89784 19.4372
918000 6.76106 5.80286 6.88064 19.4446
920000 6.73521 5.8665 6.87817 19.4799
922000 6.73943 5.84355 6.9018 19.4848
924000 6.76541 5.83578 6.91033 19.5115
926000 6.79365 5.88054 6.98738 19.6616
928000 6.84279 5.94257 6.97845 19.7638
930000 6.76475 5.90765 6.99297 19.6654
932000 6.75218 5.90667 7.0336 19.6924
934000 6.78693 5.95861 7.07305 19.8186
936000 6.79242 5.90722 7.05038 19.75
938000 6.85706 5.91696 7.15005 19.9241
940000 6.88177 5.91667 7.10561 19.9041
942000 6.87326 5.95587 7.18596 20.0151
944000 6.8955 5.96692 7.17767 20.0401
946000 6.90422 5.9738 7.18311 20.0611
948000 6.92799 5.9806 7.1661 20.0747
950000 6.99528 5.99234 7.18956 20.1772
952000 7.01074 6.02248 7.17311 20.2063
954000 6.97426 6.05938 7.19635 20.23
956000 6.98419 6.02014 7.25043 20.2548
958000 7.03132 6.02871 7.29871 20.3587
960000 7.01389 6.07437 7.2498 20.338
962000 6.98537 6.05367 7.30253 20.3416
964000 6.9887 5.9988 7.28185 20.2693
966000 7.02156 6.08328 7.32142 20.4263
968000 7.04391 6.0672 7.35276 20.4639
970000 7.06296 6.15129 7.35935 20.5736
972000 7.08555 6.09776 7.32915 20.5125
974000 7.05293 6.11065 7.37765 20.5412
976000 7.11764 6.12411 7.40887 20.6506
978000 7.1531 6.18263 7.36571 20.7014
980000 7.0969 6.16696 7.40603 20.6699
982000 7.14146 6.1926 7.37454 20.7086
984000 7.1919 6.21024 7.39818 20.8003
986000 7.22452 6.20536 7.44384 20.8737
988000 7.15605 6.19653 7.48526 20.8378
990000 7.2646 6.20789 7.43021 20.9027
992000 7.223 6.23347 7.51962 20.9761
994000 7.27726 6.22674 7.5157 21.0197
996000 7.29229 6.23959 7.52927 21.0611
998000 7.31085 6.23134 7.5837 21.1259
1000000 7.36143 6.26258 7.56208 21.1861
1002000 7.34754 6.30285 7.56286 21.2132
1004000 7.35659 6.3059 7.56296 21.2254
1006000 7.39463 6.33299 7.57218 21.2998
1008000 7.44904 6.31323 7.58029 21.3426
1010000 7.42048 6.351 7.5803 21.3518
1012000 7.46404 6.39631 7.60623 21.4666
1014000 7.44457 6.40136 7.5539 21.3998
1016000 7.48559 6.36296 7.63041 21.479
1018000 7.48339 6.44329 7.63368 21.5604
1020000 7.53243 6.45278 7.64834 21.6335
1022000 7.50047 6.44 7.6774 21.6179
1024000 7.5205 6.44136 7.64749 21.6093
1026000 7.55308 6.52289 7.70251 21.7785
1028000 7.54672 6.50301 7.69391 21.7436
1030000 7.58347 6.49428 7.70629 21.784
1032000 7.59111 6.4932 7.69926 21.7836
1034000 7.63125 6.47784 7.70321 21.8123
1036000 7.70145 6.56569 7.69648 21.9636
1038000 7.6656 6.56299 7.71815 21.9467
1040000 7.72015 6.60652 7.72449 22.0512
1042000 7.67793 6.62293 7.77707 22.0779
1044000 7.65474 6.67332 7.76093 22.089
1046000 7.71406 6.62893 7.80953 22.1525
1048000 7.69992 6.63314 7.80698 22.14
1050000 7.66056 6.6584 7.78079 22.0997
1052000 7.75929 6.67963 7.85423 22.2931
1054000 7.80439 6.70199 7.87999 22.3864
1056000 7.83184 6.74937 7.89632 22.4775
1058000 7.85618 6.71196 7.95418 22.5223
1060000 7.8404 6.7483 7.92884 22.5175
1062000 7.85459 6.75797 7.9761 22.5887
1064000 7.88979 6.71155 8.01312 22.6145
1066000 7.87047 6.76583 8.00195 22.6382
1068000 7.91988 6.78022 8.06932 22.7694
1070000 7.88308 6.76165 8.09148 22.7362
1072000 7.92705 6.78927 8.07088 22.7872
1074000 7.93213 6.82152 8.12327 22.8769
1076000 7.96305 6.84618 8.16476 22.974
1078000 7.98274 6.81581 8.21914 23.0177
1080000 8.01582 6.87109 8.213 23.0999
1082000 7.94008 6.90101 8.21618 23.0573
1084000 7.9797 6.90602 8.26288 23.1486
1086000 8.00294 6.92329 8.19888 23.1251
1088000 8.01262 6.93829 8.22558 23.1765
1090000 8.01213 6.97315 8.27399 23.2593
1092000 8.08491 7.00034 8.31948 23.4047
1094000 8.06423 6.98497 8.2902 23.3394
1096000 8.07709 6.9596 8.25078 23.2875
1098000 8.0833 6.96939 8.32687 23.3796
1100000 8.09052 6.95213 8.35636 23.399
1102000 8.13342 7.02495 8.3974 23.5558
1104000 8.13571 7.01159 8.37364 23.5209
1106000 8.15007 7.00772 8.40061 23.5584
1108000 8.2071 7.04139 8.43745 23.6859
1110000 8.22833 7.08935 8.42153 23.7392
1112000 8.24713 7.09707 8.43493 23.7791
1114000 8.23161 7.15629 8.37572 23.7636
1116000 8.24067 7.18599 8.42578 23.8524
1118000 8.31305 7.19874 8.47453 23.9863
1120000 8.29502 7.23249 8.47366 24.0012
1122000 8.32079 7.15994 8.48151 23.9622
1124000 8.34259 7.21097 8.51127 24.0648
1126000 8.33349 7.21838 8.54768 24.0995
1128000 8.42375 7.23306 8.541 24.1978
1130000 8.38395 7.25375 8.51874 24.1564
1132000 8.39428 7.24867 8.56318 24.2061
1134000 8.41726 7.29325 8.52974 24.2402
1136000 8.42784 7.28169 8.59478 24.3043
1138000 8.44606 7.35477 8.60418 24.405
1140000 8.46528 7.29922 8.65927 24.4238
1142000 8.45458 7.38145 8.65256 24.4886
1144000 8.54501 7.37839 8.69544 24.6188
1146000 8.53224 7.39047 8.65756 24.5803
1148000 8.54632 7.35188 8.73502 24.6332
1150000 8.56707 7.40699 8.75039 24.7245
1152000 8.56919 7.39372 8.74533 24.7082
1154000 8.61515 7.45093 8.73478 24.8009
1156000 8.58907 7.40732 8.77344 24.7698
1158000 8.589 7.47139 8.77957 24.84
1160000 8.66421 7.48158 8.75892 24.9047
1162000 8.67216 7.50033 8.81139 24.9839
1164000 8.66397 7.50357 8.79682 24.9644
1166000 8.69805 7.50484 8.80491 25.0078
1168000 8.73419 7.48561 8.79701 25.0168
1170000 8.76047 7.48373 8.77657 25.0208
1172000 8.77675 7.51878 8.84628 25.1418
1174000 8.73636 7.47842 8.85833 25.0731
1176000 8.79873 7.54716 8.82846 25.1744
1178000 8.83562 7.54269 8.92044 25.2988
1180000 8.8861 7.61339 8.91432 25.4138
1182000 8.84897 7.61111 8.95849 25.4186
1184000 8.81963 7.58755 8.95257 25.3597
1186000 8.87094 7.67407 8.9314 25.4764
1188000 8.83211 7.59263 9.02322 25.448
1190000 8.79211 7.58704 9.01821 25.3974
1192000 8.88337 7.64428 9.05063 25.5783
1194000 8.89262 7.61212 8.99362 25.4984
1196000 8.85904 7.63425 8.97196 25.4652
1198000 8.83901 7.64728 8.98909 25.4754
1200000 8.9212 7.68429 9.02402 25.6295
1202000 8.93755 7.6748 9.02552 25.6379
1204000 8.96722 7.69935 9.02118 25.6877
1206000 8.98778 7.68076 9.09385 25.7624
1208000 8.99955 7.66655 9.05079 25.7169
1210000 8.96512 7.61497 9.1441 25.7242
1212000 9.05543 7.67237 9.13256 25.8604
1214000 9.04629 7.68821 9.21506 25.9496
1216000 9.03816 7.61873 9.15377 25.8107
1218000 9.09565 7.65987 9.27226 26.0278
1220000 9.08236 7.6366 9.17448 25.8934
1222000 9.0777 7.65313 9.22102 25.9519
1224000 9.05131 7.66705 9.24438 25.9627
1226000 9.08653 7.63139 9.23333 25.9512
1228000 9.04893 7.64825 9.23107 25.9283
1230000 9.05555 7.65153 9.21096 25.918
1232000 9.11354 7.66735 9.28064 26.0615
1234000 9.13134 7.66107 9.32991 26.1223
1236000 9.15683 7.68675 9.30141 26.145
1238000 9.17385 7.66654 9.27166 26.1121
1240000 9.172 7.78492 9.32409 26.281
1242000 9.13271 7.81199 9.34579 26.2905
1244000 9.19027 7.82235 9.31378 26.3264
1246000 9.21906 7.8237 9.37314 26.4159
1248000 9.16434 7.83164 9.35403 26.35
1250000 9.23681 7.8396 9.39469 26.4711
1252000 9.20015 7.85208 9.40034 26.4526
1254000 9.28001 7.84052 9.35854 26.4791
1256000 9.26404 7.9073 9.35156 26.5229
1258000 9.2915 7.88603 9.39464 26.5722
1260000 9.31454 7.91647 9.3472 26.5782
1262000 9.34565 7.91168 9.42812 26.6854
1264000 9.27188 7.93568 9.42672 26.6343
1266000 9.34212 7.91385 9.43497 26.6909
1268000 9.30996 7.99555 9.49372 26.7992
1270000 9.36089 8.0328 9.52911 26.9228
1272000 9.40469 7.96552 9.52013 26.8903
1274000 9.38243 8.0182 9.53779 26.9384
1276000 9.42717 8.04789 9.57698 27.052
1278000 9.43503 8.04919 9.56467 27.0489
1280000 9.49774 8.07043 9.5933 27.1615
1282000 9.46123 8.061 9.62733 27.1496
1284000 9.47703 8.04382 9.62549 27.1463
1286000 9.46307 8.04902 9.59722 27.1093
1288000 9.4703 8.11595 9.673 27.2592
1290000 9.52143 8.1153 9.65728 27.294
1292000 9.52629 8.16002 9.59686 27.2832
1294000 9.51856 8.15005 9.66296 27.3316
1296000 9.524 8.12752 9.65131 27.3028
1298000 9.53172 8.15581 9.65422 27.3418
1300000 9.4767 8.09992 9.62283 27.1995
1302000 9.56492 8.19366 9.62754 27.3861
1304000 9.56029 8.16266 9.74324 27.4662
1306000 9.57767 8.20939 9.76764 27.5547
1308000 9.59169 8.18824 9.77095 27.5509
1310000 9.61311 8.18867 9.84887 27.6506
1312000 9.68717 8.25757 9.90797 27.8527
1314000 9.72974 8.24897 9.92421 27.9029
1316000 9.68652 8.2419 9.8733 27.8017
1318000 9.75564 8.23882 9.93961 27.9341
1320000 9.74409 8.24717 9.91449 27.9058
1322000 9.7087 8.29418 9.97822 27.9811
1324000 9.67893 8.34738 10.0171 28.0434
1326000 9.72436 8.36777 10.0236 28.1157
1328000 9.70618 8.40421 10.0911 28.2015
1330000 9.7823 8.41326 10.0939 28.2895
1332000 9.74081 8.40696 10.1818 28.3295
1334000 9.77583 8.39423 10.2 28.3701
1336000 9.75135 8.42734 10.2336 28.4123
1338000 9.78281 8.48754 10.2219 28.4922
1340000 9.7607 8.46514 10.2798 28.5057
1342000 9.78821 8.50151 10.2964 28.5861
1344000 9.81963 8.51616 10.3335 28.6693
1346000 9.80682 8.59754 10.3906 28.795
1348000 9.79157 8.56999 10.4315 28.793
1350000 9.84531 8.5561 10.4195 28.8209
1352000 9.84063 8.61488 10.3996 28.8551
1354000 9.85546 8.5585 10.5106 28.9246
1356000 9.91606 8.58038 10.588 29.0845
1358000 9.9042 8.65946 10.5604 29.124
1360000 9.91718 8.62199 10.5778 29.1169
1362000 9.89289 8.74235 10.6152 29.2505
1364000 9.91941 8.70058 10.73 29.35
1366000 9.88538 8.6465 10.7143 29.2462
1368000 9.91339 8.72376 10.7409 29.378
1370000 9.92227 8.71895 10.7481 29.3893
1372000 9.91022 8.73232 10.7745 29.4171
1374000 9.99741 8.76825 10.6799 29.4455
1376000 9.99834 8.7827 10.7619 29.543
1378000 10.0604 8.82251 10.7439 29.6268
1380000 10.0506 8.83528 10.7498 29.6357
1382000 10.0781 8.78756 10.7558 29.6215
1384000 10.0744 8.78379 10.8222 29.6804
1386000 10.0546 8.81509 10.8672 29.7368
1388000 10.1035 8.84262 10.8744 29.8205
1390000 10.0929 8.8714 10.8657 29.8301
1392000 10.1349 8.87936 10.7931 29.8074
1394000 10.1129 8.91121 10.8026 29.8268
1396000 10.1461 8.84644 10.8404 29.833
1398000 10.1075 8.88298 10.8421 29.8326
1400000 10.1213 8.85083 10.8109 29.7831
1402000 10.1391 8.91653 10.8469 29.9025
1404000 10.1344 8.89265 10.8904 29.9175
1406000 10.1327 8.87847 10.9211 29.9323
1408000 10.1784 8.93178 10.8915 30.0016
1410000 10.2463 8.91619 10.8749 30.0374
1412000 10.2075 8.89232 10.8932 29.993
1414000 10.2465 8.86234 10.9725 30.0814
1416000 10.2432 8.86574 10.958 30.067
1418000 10.3338 8.91146 10.9815 30.2268
1420000 10.3271 8.89096 11.0032 30.2213
1422000 10.3436 8.81538 11.0531 30.2121
1424000 10.353 8.90038 11.0184 30.2718
1426000 10.3751 8.88301 10.9585 30.2166
1428000 10.3765 8.84529 11.0167 30.2385
1430000 10.3829 8.89804 10.9695 30.2504
1432000 10.4057 8.8682 11.0781 30.3521
1434000 10.4251 8.88985 11.075 30.3899
1436000 10.4409 8.87027 11.0617 30.3729
1438000 10.444 8.88894 11.1089 30.4419
1440000 10.48 8.93128 11.042 30.4533
1442000 10.4484 8.91697 11.0813 30.4467
1444000 10.5018 8.91527 11.0454 30.4624
1446000 10.5367 8.98105 11.1464 30.6642
1448000 10.4949 8.93557 11.1499 30.5804
1450000 10.53 8.95359 11.1575 30.6411
1452000 10.5771 8.98466 11.1186 30.6803
1454000 10.5536 8.99959 11.2312 30.7843
1456000 10.5958 9.03964 11.2418 30.8772
1458000 10.6114 9.07113 11.2542 30.9367
1460000 10.6815 9.07071 11.3167 31.0689
1462000 10.7175 9.01077 11.3293 31.0576
1464000 10.7112 9.03325 11.408 31.1525
1466000 10.739 9.11764 11.4471 31.3037
1468000 10.7255 9.07628 11.4458 31.2475
1470000 10.7274 9.04382 11.472 31.2432
1472000 10.7975 9.13443 11.4683 31.4003
1474000 10.7494 9.10431 11.5175 31.3713
1476000 10.8195 9.16892 11.4596 31.448
1478000 10.7764 9.13228 11.4566 31.3653
1480000 10.804 9.15394 11.4911 31.4491
1482000 10.8602 9.14039 11.5396 31.5402
1484000 10.8342 9.19042 11.5424 31.5671
1486000 10.8534 9.18999 11.5151 31.5585
1488000 10.8936 9.30143 11.5053 31.7004
1490000 10.9302 9.2414 11.5573 31.729
1492000 10.9152 9.23642 11.6339 31.7856
1494000 10.9373 9.21799 11.5448 31.7001
1496000 10.949 9.24651 11.5742 31.7697
1498000 10.9163 9.22253 11.6132 31.7521
1500000 10.9545 9.26722 11.6238 31.8455
1502000 10.9804 9.25928 11.6813 31.921
1504000 10.9103 9.26392 11.6307 31.8049
1506000 10.9564 9.25293 11.7018 31.9111
1508000 10.9507 9.28837 11.6685 31.9076
1510000 10.9834 9.24716 11.801 32.0316
1512000 10.9868 9.27216 11.8667 32.1257
1514000 11.0063 9.30943 11.7952 32.1109
1516000 11.0328 9.28755 11.8569 32.1772
1518000 10.9973 9.25903 11.8062 32.0625
1520000 11.0269 9.35514 11.8074 32.1894
1522000 11.0556 9.33036 11.8961 32.2821
1524000 11.0858 9.37736 11.9026 32.3657
1526000 11.0763 9.34878 11.8521 32.2772
1528000 11.079 9.4316 11.926 32.4366
1530000 11.0794 9.47656 11.8985 32.4545
1532000 11.0893 9.48085 11.8534 32.4235
1534000 11.1715 9.42446 11.9758 32.5718
1536000 11.1626 9.46689 11.932 32.5615
1538000 11.2369 9.47338 12.0252 32.7355
1540000 11.2651 9.47745 12.1033 32.8459
1542000 11.2556 9.48379 12.0267 32.7661
1544000 11.2341 9.52295 11.9777 32.7348
1546000 11.2644 9.51602 11.9926 32.7729
1548000 11.2935 9.51606 12.0049 32.8145
1550000 11.2852 9.51787 11.9541 32.7572
1552000 11.3858 9.54493 12.008 32.9388
1554000 11.3719 9.57123 12.038 32.9811
1556000 11.363 9.57678 12.0581 32.9979
1558000 11.3483 9.63239 12.1095 33.0902
1560000 11.3751 9.65415 12.0833 33.1125
1562000 11.3718 9.61269 12.1822 33.1667
1564000 11.4448 9.64582 12.1704 33.261
1566000 11.3828 9.74036 12.1706 33.2937
1568000 11.5036 9.70373 12.1118 33.3191
1570000 11.4559 9.73008 12.1926 33.3786
1572000 11.532 9.72067 12.1821 33.4348
1574000 11.5346 9.73729 12.2237 33.4956
1576000 11.4764 9.7196 12.2389 33.4349
1578000 11.4685 9.73654 12.2447 33.4498
1580000 11.5468 9.7624 12.2666 33.5759
1582000 11.5427 9.77913 12.3398 33.6616
1584000 11.5344 9.81317 12.3391 33.6866
1586000 11.5365 9.79695 12.3328 33.6663
1588000 11.5293 9.84613 12.3582 33.7336
1590000 11.5709 9.74023 12.4033 33.7145
1592000 11.5344 9.80878 12.4135 33.7566
1594000 11.5452 9.83414 12.4299 33.8093
1596000 11.5776 9.84 12.4314 33.8489
1598000 11.5345 9.87008 12.4405 33.845
1600000 11.5854 9.95649 12.4375 33.9795
1602000 11.5894 9.89075 12.478 33.9582
1604000 11.6391 9.90055 12.5194 34.0591
1606000 11.6186 9.94199 12.5931 34.1537
1608000 11.6533 9.94447 12.5657 34.1634
1610000 11.6399 9.95 12.6022 34.1921
1612000 11.6578 9.9513 12.5692 34.1783
1614000 11.6781 9.95077 12.6709 34.2998
1616000 11.7582 9.96949 12.662 34.3898
1618000 11.7712 10.0047 12.6191 34.395
1620000 11.8096 9.99073 12.661 34.4614
1622000 11.7829 9.9676 12.6339 34.3844
1624000 11.7836 10.0354 12.6618 34.4808
1626000 11.8289 10.0688 12.731 34.6286
1628000 11.8645 10.0732 12.662 34.5998
1630000 11.8327 10.0951 12.7906 34.7184
1632000 11.8202 10.0848 12.758 34.6631
1634000 11.8581 10.0938 12.8038 34.7557
1636000 11.8425 10.0543 12.7777 34.6745
1638000 11.7774 10.14 12.8451 34.7625
1640000 11.9372 10.1914 12.8384 34.967
1642000 11.8663 10.1886 12.9352 34.9901
1644000 11.812 10.1287 12.9195 34.8603
1646000 11.8733 10.1857 12.9489 35.0078
1648000 11.8282 10.1098 12.9313 34.8693
1650000 11.8781 10.1378 12.8319 34.8478
1652000 11.8112 10.1385 12.8893 34.8389
1654000 11.7888 10.1859 12.8892 34.8639
1656000 11.9098 10.1823 12.8971 34.9892
1658000 11.8783 10.1876 12.9412 35.0071
1660000 11.7901 10.2382 12.9822 35.0105
1662000 11.8618 10.2371 12.9733 35.0722
1664000 11.9017 10.2385 12.9704 35.1106
1666000 11.8911 10.24 13.0078 35.1388
1668000 11.9312 10.2241 13.1302 35.2855
1670000 11.9221 10.274 13.0933 35.2894
1672000 11.9331 10.2529 13.1332 35.3192
1674000 11.911 10.2792 13.128 35.3181
1676000 12.0313 10.2976 13.1583 35.4872
1678000 11.9953 10.2775 13.1253 35.398
1680000 11.9565 10.268 13.1445 35.369
1682000 11.9839 10.305 13.2435 35.5324
1684000 11.9811 10.3217 13.2847 35.5874
1686000 12.0354 10.3176 13.355 35.7079
1688000 12.035 10.3462 13.3334 35.7147
1690000 12.1107 10.3982 13.3037 35.8126
1692000 12.0632 10.3962 13.327 35.7865
1694000 12.1367 10.3499 13.3072 35.7937
1696000 12.1838 10.3315 13.3056 35.821
1698000 12.1872 10.3954 13.3977 35.9803
1700000 12.1892 10.4307 13.4785 36.0984
1702000 12.2827 10.4388 13.4468 36.1683
1704000 12.3089 10.426 13.4909 36.2258
1706000 12.3126 10.4495 13.4196 36.1817
1708000 12.2886 10.4542 13.5113 36.2541
1710000 12.3102 10.5072 13.551 36.3684
1712000 12.3605 10.4942 13.503 36.3577
1714000 12.3217 10.5015 13.4911 36.3143
1716000 12.336 10.5579 13.5378 36.4318
1718000 12.4352 10.5219 13.5131 36.4701
1720000 12.4603 10.5714 13.5655 36.5972
1722000 12.4621 10.5055 13.5544 36.522
1724000 12.4285 10.5747 13.5666 36.5698
1726000 12.4607 10.6016 13.6145 36.6768
1728000 12.4953 10.5768 13.6395 36.7116
1730000 12.5035 10.5866 13.6477 36.7378
1732000 12.5837 10.6811 13.6625 36.9273
1734000 12.6372 10.6625 13.6689 36.9686
1736000 12.6739 10.6881 13.7863 37.1484
1738000 12.6831 10.6682 13.7639 37.1153
1740000 12.7299 10.6842 13.8226 37.2367
1742000 12.7748 10.7207 13.7907 37.2862
1744000 12.7573 10.7509 13.85 37.3583
1746000 12.7564 10.7291 13.8882 37.3737
1748000 12.8327 10.7437 13.7956 37.372
1750000 12.8294 10.7739 13.9077 37.511
1752000 12.8416 10.7666 13.9402 37.5484
1754000 12.873 10.793 13.9299 37.5959
1756000 12.916 10.8353 13.9371 37.6884
1758000 12.9008 10.8125 13.904 37.6173
1760000 12.8761 10.8271 13.8765 37.5797
1762000 12.9358 10.8856 13.9202 37.7416
1764000 12.9254 10.9239 13.926 37.7752
1766000 12.9708 10.9055 13.9467 37.8229
1768000 12.9936 10.8453 13.9273 37.7662
1770000 13.0597 10.935 13.9218 37.9165
1772000 12.9927 10.9056 13.9381 37.8364
1774000 13.0225 10.9338 13.9587 37.915
1776000 12.9971 10.9465 13.9465 37.89
1778000 13.0153 10.9372 13.954 37.9065
1780000 13.0095 10.9661 13.952 37.9276
1782000 13.0344 10.9607 13.9967 37.9918
1784000 12.986 11.0053 13.9643 37.9556
1786000 13.0408 11.0055 14.1004 38.1467
1788000 13.1053 11.0002 14.0361 38.1416
1790000 13.0451 11.0061 14.1222 38.1734
1792000 13.0578 10.9968 14.0768 38.1314
1794000 13.032 11.05 14.0851 38.1671
1796000 13.065 11.0268 14.1755 38.2673
1798000 13.0804 11.0865 14.161 38.3278
1800000 13.1148 11.0696 14.1833 38.3676
1802000 13.1952 11.094 14.1323 38.4215
1804000 13.1566 11.0205 14.1493 38.3265
1806000 13.1756 11.0922 14.1641 38.432
1808000 13.2054 11.0628 14.1707 38.4389
1810000 13.1665 11.1087 14.202 38.4772
1812000 13.1112 11.1489 14.1999 38.46
1814000 13.1576 11.0893 14.207 38.4539
1816000 13.1857 11.1184 14.2124 38.5165
1818000 13.2154 11.1327 14.2077 38.5558
1820000 13.1851 11.1509 14.2194 38.5554
1822000 13.2617 11.2525 14.2453 38.7595
1824000 13.2825 11.1994 14.2763 38.7582
1826000 13.3085 11.175 14.3123 38.7958
1828000 13.3832 11.3131 14.2732 38.9694
1830000 13.3775 11.2473 14.2952 38.92
1832000 13.3833 11.2695 14.2848 38.9377
1834000 13.4025 11.2886 14.3424 39.0334
1836000 13.3983 11.3291 14.4626 39.19
1838000 13.4121 11.2887 14.4605 39.1614
1840000 13.4318 11.2824 14.5405 39.2548
1842000 13.3629 11.218 14.5311 39.1121
1844000 13.4397 11.3012 14.503 39.2439
1846000 13.4272 11.2931 14.5256 39.2458
1848000 13.4822 11.2975 14.551 39.3307
1850000 13.5102 11.3181 14.4976 39.3259
1852000 13.444 11.3254 14.5103 39.2797
1854000 13.5418 11.3189 14.5388 39.3994
1856000 13.5492 11.3319 14.5155 39.3966
1858000 13.623 11.3309 14.5391 39.493
1860000 13.6026 11.3541 14.6032 39.56
1862000 13.6036 11.4129 14.5929 39.6094
1864000 13.5994 11.4288 14.5757 39.6038
1866000 13.6874 11.453 14.6473 39.7876
1868000 13.6619 11.4434 14.5719 39.6772
1870000 13.7321 11.465 14.6581 39.8552
1872000 13.7002 11.5058 14.6426 39.8486
1874000 13.6353 11.5396 14.6154 39.7903
1876000 13.7007 11.4842 14.6084 39.7933
1878000 13.7924 11.5089 14.6101 39.9115
1880000 13.7081 11.4624 14.5907 39.7612
1882000 13.8005 11.4868 14.6212 39.9085
1884000 13.7752 11.4895 14.6848 39.9495
1886000 13.7269 11.5543 14.5981 39.8793
1888000 13.8122 11.5752 14.6769 40.0643
1890000 13.8749 11.5564 14.7336 40.1649
1892000 13.9304 11.5992 14.7312 40.2608
1894000 13.9589 11.6528 14.7299 40.3416
1896000 13.9323 11.6142 14.7565 40.303
1898000 13.9933 11.6123 14.78 40.3855
1900000 14.026 11.7223 14.7928 40.5411
1902000 14.0056 11.6036 14.8351 40.4443
1904000 14.0237 11.7047 14.8433 40.5717
1906000 14.0322 11.7313 14.9221 40.6855
1908000 14.0785 11.7144 14.9164 40.7093
1910000 14.0835 11.7072 14.8783 40.669
1912000 14.0868 11.7515 14.89 40.7283
1914000 14.14 11.8144 15.0406 40.9951
1916000 14.1854 11.8398 14.9836 41.0088
1918000 14.1714 11.8345 14.9765 40.9825
1920000 14.1428 11.9049 15.0388 41.0865
1922000 14.1876 11.9117 14.999 41.0983
1924000 14.1695 11.9081 15.079 41.1566
1926000 14.1766 11.9238 15.05 41.1504
1928000 14.2256 12.0092 15.0635 41.2982
1930000 14.1582 11.966 15.1341 41.2584
1932000 14.1487 11.9926 15.0425 41.1838
1934000 14.1379 12.0536 15.1551 41.3467
1936000 14.2292 12.0419 15.0746 41.3457
1938000 14.2679 12.0598 15.1072 41.4349
1940000 14.2874 12.0784 15.0853 41.4512
1942000 14.2373 12.0581 15.0262 41.3215
1944000 14.2616 12.0539 15.1735 41.4891
1946000 14.279 12.0742 15.2141 41.5673
1948000 14.3323 12.1334 15.1361 41.6018
1950000 14.4005 12.163 15.1775 41.741
1952000 14.3749 12.2108 15.1459 41.7316
1954000 14.4046 12.1661 15.1279 41.6986
1956000 14.448 12.1425 15.1877 41.7781
1958000 14.3979 12.2041 15.1135 41.7155
1960000 14.4412 12.2558 15.0951 41.7921
1962000 14.4242 12.2458 15.1287 41.7987
1964000 14.4973 12.2373 15.1221 41.8567
1966000 14.4658 12.3669 15.1327 41.9654
1968000 14.5122 12.3388 15.0663 41.9173
1970000 14.415 12.3382 15.137 41.8902
1972000 14.442 12.3597 15.1356 41.9373
1974000 14.4865 12.3835 15.0887 41.9587
1976000 14.5361 12.3319 15.1818 42.0499
1978000 14.4877 12.3434 15.2117 42.0428
1980000 14.5295 12.402 15.1906 42.1222
1982000 14.5826 12.3982 15.1942 42.1749
1984000 14.5418 12.4269 15.2345 42.2033
1986000 14.6361 12.3958 15.1841 42.216
1988000 14.5974 12.4759 15.326 42.3993
1990000 14.6121 12.4625 15.2503 42.3249
1992000 14.6265 12.4452 15.2327 42.3044
1994000 14.6379 12.4369 15.3171 42.392
1996000 14.6423 12.4687 15.2044 42.3153
1998000 14.6488 12.4743 15.1935 42.3166
2000000 14.6988 12.4991 15.2349 42.4328
