# Time-averaged data for fix savemsd
# TimeStep c_msd[1] c_msd[2] c_msd[3] c_msd[4]
0 3.57544e-30 0 3.65213e-33 3.57909e-30
2000 1.24691 1.3286 1.25432 3.82982
4000 2.38798 2.36653 2.52605 7.28056
6000 3.8242 3.52661 3.89556 11.2464
8000 5.10971 4.62118 5.00631 14.7372
10000 6.34878 5.85484 6.54966 18.7533
12000 7.76562 6.83073 7.37062 21.967
14000 9.02187 8.04445 8.85677 25.9231
16000 10.5046 8.89522 10.1603 29.5601
18000 11.688 9.89354 11.1284 32.71
20000 12.3445 11.2457 12.5618 36.152
22000 13.5396 12.7656 14.3814 40.6865
24000 14.5374 14.2928 15.2454 44.0756
26000 15.7092 15.7542 16.0071 47.4705
28000 16.9621 17.2243 16.9919 51.1784
30000 18.1637 18.2501 18.8263 55.24
32000 19.7342 19.2467 19.8019 58.7828
34000 21.6324 20.4976 21.2804 63.4104
36000 23.0063 21.556 22.3961 66.9585
38000 24.4944 22.7871 23.1367 70.4183
40000 25.3752 24.5515 25.3618 75.2885
42000 26.531 25.5706 26.3256 78.4272
44000 27.4344 27.0847 26.9822 81.5013
46000 28.7759 27.8728 28.6491 85.2979
48000 29.9296 28.8035 29.6268 88.3599
50000 31.717 29.3432 30.6415 91.7016
52000 32.5271 30.35 31.8282 94.7052
54000 34.0689 30.8687 33.0261 97.9637
56000 35.1565 31.7976 33.3692 100.323
58000 36.319 33.1904 34.4122 103.922
60000 37.7375 34.4979 35.5469 107.782
62000 38.7964 35.3947 36.8935 111.085
64000 39.9725 37.1302 38.638 115.741
66000 40.9824 37.9939 39.6121 118.588
68000 42.0767 39.2836 41.3076 122.668
70000 43.6707 40.3366 42.7906 126.798
72000 44.1213 42.3285 44.2737 130.723
74000 45.0129 43.9231 45.1295 134.065
76000 46.3655 44.9214 46.971 138.258
78000 48.048 46.6479 48.3043 143
80000 48.3913 47.5673 50.074 146.033
82000 49.8684 48.507 51.3715 149.747
84000 50.904 49.2826 52.8809 153.068
86000 51.9878 50.4728 54.617 157.078
88000 53.2076 52.2591 56.0127 161.479
90000 54.4924 53.0979 57.4952 165.085
92000 55.79 53.3966 58.1841 167.371
94000 56.876 54.5554 58.3615 169.793
96000 58.4298 55.6985 59.9329 174.061
98000 59.5838 57.2232 60.9916 177.799
100000 61.1199 57.8815 62.0276 181.029
102000 62.5265 59.4482 62.8092 184.784
104000 64.9166 60.4968 64.5341 189.948
106000 64.9758 62.6356 66.013 193.624
108000 66.0173 64.4996 67.2522 197.769
110000 67.6772 65.4094 68.8751 201.962
112000 68.6767 66.92 70.2682 205.865
114000 69.4676 68.2605 71.3379 209.066
116000 70.2265 69.0389 73.776 213.041
118000 70.8482 70.388 75.174 216.41
120000 72.1555 71.5326 76.4753 220.163
122000 72.599 72.6142 76.3669 221.58
124000 73.534 73.9147 77.7211 225.17
126000 75.1901 74.4369 79.0741 228.701
128000 76.324 76.8597 80.6393 233.823
130000 75.6763 77.0376 81.114 233.828
132000 75.8795 78.2435 82.1792 236.302
134000 76.988 80.2237 83.1399 240.352
136000 77.2243 80.522 84.524 242.27
138000 78.3946 81.85 86.0081 246.253
140000 79.3759 82.9256 87.9744 250.276
142000 80.5602 84.0346 89.1677 253.762
144000 82.086 86.4836 90.091 258.661
146000 83.3168 87.5477 91.4861 262.351
148000 84.6854 87.5584 92.656 264.9
150000 85.2169 90.4706 94.0633 269.751
152000 86.3167 91.0588 94.986 272.362
154000 88.3852 93.0841 96.0998 277.569
156000 88.9893 94.8497 97.6142 281.453
158000 90.1395 94.9917 99.0836 284.215
160000 90.5169 96.8947 99.8724 287.284
162000 92.4313 98.3082 101.932 292.672
164000 93.2466 99.5209 102.722 295.489
166000 94.8009 100.974 104.167 299.941
168000 96.3689 102.644 105.172 304.185
170000 96.8772 104.334 106.378 307.589
172000 98.1371 106.659 108.153 312.949
174000 98.7532 107.136 108.912 314.802
176000 99.8792 108.534 110.068 318.481
178000 101.549 109.864 111.145 322.558
180000 101.758 111.426 112.43 325.614
182000 102.659 113.031 113.533 329.223
184000 104.274 114.246 115.718 334.237
186000 105.749 114.98 116.673 337.402
188000 106.537 115.625 117.122 339.284
190000 106.993 117.925 118.308 343.226
192000 108.028 119.082 119.833 346.943
194000 108.841 120.374 120.763 349.979
196000 110.07 121.89 122.035 353.995
198000 111.084 123.575 123.199 357.859
200000 112.301 124.199 124.015 360.515
202000 113.568 125.227 125.392 364.187
204000 115.097 125.108 126.008 366.213
206000 116.986 126.16 127.717 370.863
208000 118.433 128.014 128.531 374.977
210000 120.14 130.083 129.329 379.551
212000 121.121 131.666 130.973 383.759
214000 121.629 134.03 132.505 388.164
216000 122.066 134.842 134.026 390.933
218000 122.654 135.784 135.223 393.662
220000 124.835 137.44 135.244 397.518
222000 126.828 139.081 136.618 402.527
224000 129.287 140.882 137.183 407.352
226000 130.273 142.413 137.971 410.657
228000 130.941 143.796 139.848 414.585
230000 131.485 145.43 140.379 417.295
232000 133.823 146.573 141.272 421.668
234000 135.011 147.605 144.27 426.887
236000 136.069 147.971 145.437 429.478
238000 138.998 149.351 146.749 435.098
240000 139.415 149.707 147.535 436.657
242000 140.19 150.118 149.159 439.467
244000 140.738 151.246 150.136 442.12
246000 142.257 152.337 150.59 445.184
248000 144.351 154.53 152.173 451.054
250000 145.139 155.173 153.672 453.983
252000 147.322 157.452 156.082 460.856
254000 146.684 158.536 157.861 463.08
256000 148.033 161.398 160.352 469.782
258000 149.415 162.088 161.852 473.355
260000 150.083 163.702 161.68 475.464
262000 150.453 164.988 163.302 478.743
264000 152.807 166.222 164.62 483.649
266000 153.875 167.75 165.9 487.525
268000 155.433 168.454 166.638 490.526
270000 156.644 168.601 168.493 493.738
272000 157.632 169.466 169.482 496.58
274000 160.254 171.173 169.552 500.979
276000 161.933 172.235 171.677 505.845
278000 162.645 173.145 173.853 509.643
280000 164.702 174.528 176.746 515.976
282000 166.849 174.923 176.201 517.973
284000 168.472 175.169 177.674 521.315
286000 170.064 176.152 179.224 525.44
288000 170.955 177.772 180.834 529.562
290000 171.97 179.063 181.725 532.758
292000 172.529 179.353 182.712 534.594
294000 173.536 179.736 183.406 536.678
296000 175.253 181.333 184.479 541.065
298000 177.266 182.28 185.231 544.777
300000 179.633 183.177 186.132 548.942
302000 180.69 183.659 185.609 549.958
304000 181.184 185.054 186.814 553.052
306000 182.488 186.33 188.665 557.483
308000 184.235 187.075 190.21 561.52
310000 185.002 188.347 190.94 564.289
312000 185.686 188.638 192.135 566.458
314000 186.24 188.746 194.706 569.692
316000 187.258 189.547 196.231 573.037
318000 188.447 191.007 196.852 576.307
320000 189.809 191.476 197.307 578.592
322000 191.04 193.313 197.584 581.937
324000 191.941 193.301 198.927 584.169
326000 193.178 195.501 200.591 589.27
328000 193.634 197.564 202.096 593.293
330000 194.608 199.037 203.817 597.462
332000 196.487 201.013 205.204 602.704
334000 197.038 201.815 206.011 604.863
336000 197.631 204.501 207.243 609.374
338000 198.696 206.766 208.141 613.603
340000 201.204 208.343 209.578 619.125
342000 202.033 209.786 211.974 623.793
344000 204.392 211.426 214.454 630.272
346000 206.987 211.931 216.409 635.327
348000 208.646 212.252 217.956 638.854
350000 210.522 213.41 220.585 644.518
352000 211.595 215.775 220.103 647.473
354000 212.962 220.053 221.562 654.577
356000 213.577 221.158 221.653 656.388
358000 214.862 223.785 223.759 662.406
360000 216.142 224.798 223.753 664.694
362000 217.804 224.969 226.176 668.949
364000 220.755 227.108 226.34 674.202
366000 221.878 226.5 226.808 675.186
368000 222.346 229.132 227.933 679.411
370000 223.723 231.029 228.774 683.527
372000 226.094 232.15 230.134 688.378
374000 227.066 233.626 232.018 692.711
376000 226.581 236.49 232.747 695.818
378000 227.653 238.552 232.903 699.107
380000 227.608 239.06 233.16 699.828
382000 229.171 239.252 235.226 703.649
384000 231.335 239.908 236.394 707.637
386000 232.802 241.465 237.02 711.286
388000 235.481 242.452 237.218 715.151
390000 236.522 242.971 238.718 718.21
392000 237.501 245.673 239.168 722.342
394000 238.014 247.291 239.431 724.736
396000 239.29 249.352 240.131 728.773
398000 239.898 250.265 240.121 730.284
400000 241.331 253.005 242.203 736.539
402000 242.067 253.878 243.852 739.797
404000 243.665 255.054 245.077 743.796
406000 245.037 256.089 246.471 747.598
408000 247.91 256.865 248.085 752.86
410000 250.922 257.773 249.164 757.86
412000 251.536 258.576 250.883 760.995
414000 252.23 259.096 252.162 763.488
416000 253.759 260.577 254.421 768.757
418000 254.012 261.269 255.494 770.776
420000 255.718 261.662 256.889 774.269
422000 256.455 264.225 257.254 777.934
424000 258.926 266.804 259.392 785.122
426000 259.893 269.341 262.319 791.553
428000 262.242 270.799 263.378 796.419
430000 264.128 270.556 264.851 799.535
432000 266.124 271.747 264.815 802.685
434000 267.098 273.922 266.303 807.323
436000 267.969 274.019 268.103 810.091
438000 269.406 274.154 269.1 812.661
440000 269.864 276.824 269.017 815.705
442000 270.026 277.921 270.94 818.887
444000 272.404 279.3 269.984 821.689
446000 272.242 280.562 270.479 823.283
448000 274.567 281.567 272.524 828.658
450000 276.036 280.775 274.869 831.679
452000 276.914 281.779 275.203 833.896
454000 277.621 282.663 277.226 837.51
456000 280.067 284.886 277.868 842.822
458000 280.942 286.764 279.799 847.505
460000 282.355 288.061 281.382 851.798
462000 283.762 290.251 283.43 857.443
464000 284.104 292.019 283.568 859.692
466000 284.799 292.479 284.184 861.462
468000 285.622 293.309 283.802 862.733
470000 286.332 294.55 285.476 866.358
472000 287.339 294.815 287.628 869.782
474000 287.868 295.816 289.999 873.683
476000 290.615 297.193 290.424 878.232
478000 292.55 299.768 292.255 884.573
480000 294.373 299.446 293.439 887.257
482000 295.627 302.198 293.433 891.258
484000 297.658 303.131 293.897 894.687
486000 297.402 303.716 295.172 896.29
488000 297.441 304.86 297.365 899.666
490000 297.658 304.078 297.073 898.808
492000 298.597 305.376 297.185 901.158
494000 300.486 307.575 297.69 905.75
496000 302.145 309.712 298.102 909.959
498000 301.935 310.262 300.557 912.753
500000 303.104 310.078 301.476 914.658
502000 305.662 310.602 302.665 918.929
504000 307.435 311.593 305.024 924.052
506000 308.719 312.831 306.456 928.006
508000 309.422 313.906 307.411 930.74
510000 308.845 315.156 308.115 932.116
512000 312.034 315.681 309.248 936.963
514000 312.12 316.064 311.271 939.454
516000 313.78 317.733 313.238 944.751
518000 316.314 320.02 314.68 951.013
520000 316.99 323.276 316.373 956.64
522000 318.887 322.942 316.154 957.983
524000 320.693 324.727 315.992 961.411
526000 322.351 325.743 316.57 964.663
528000 323.755 325.825 318.477 968.056
530000 323.666 327.165 319.189 970.02
532000 324.026 328.221 322.347 974.594
534000 325.04 330.932 322.929 978.901
536000 325.823 331.38 323.652 980.855
538000 325.411 331.642 324.569 981.623
540000 325.848 331.587 326.066 983.502
542000 328.461 333.043 328.945 990.449
544000 330.854 334.404 331.253 996.511
546000 331.824 334.799 331.324 997.946
548000 332.848 336.188 331.844 1000.88
550000 333.321 336.782 331.947 1002.05
552000 335.181 338.705 332.523 1006.41
554000 336.133 338.781 334.247 1009.16
556000 337.009 339.809 336.13 1012.95
558000 338.068 341.89 337.174 1017.13
560000 339.874 343.238 338.611 1021.72
562000 342.834 345.271 340.426 1028.53
564000 344.419 346.535 340.204 1031.16
566000 345.876 347.078 341.847 1034.8
568000 347.036 349.626 343.645 1040.31
570000 347.222 349.971 345.283 1042.48
572000 349.334 353.536 348.611 1051.48
574000 348.815 354.205 350.634 1053.65
576000 350.139 353.877 350.903 1054.92
578000 352.111 355.137 353.73 1060.98
580000 353.18 357.241 355.302 1065.72
582000 355.306 360.511 358.673 1074.49
584000 355.701 361.421 360.705 1077.83
586000 357.691 361.044 360.531 1079.27
588000 357.64 363.218 363.141 1084
590000 358.345 366.636 364.915 1089.9
592000 360.18 367.413 367.801 1095.39
594000 362.222 370.35 368.755 1101.33
596000 364.743 371.559 369.922 1106.22
598000 366.534 371.874 370.568 1108.98
600000 367.11 373.614 372.484 1113.21
602000 368.321 374.875 374.33 1117.53
604000 368.391 377.947 375.573 1121.91
606000 368.799 379.016 375.208 1123.02
608000 371.36 379.296 377.795 1128.45
610000 373.588 380.239 377.64 1131.47
612000 373.277 380.948 377.558 1131.78
614000 373.811 381.243 377.866 1132.92
616000 373.891 380.869 378.763 1133.52
618000 374.967 380.942 379.002 1134.91
620000 374.91 380.693 378.863 1134.47
622000 375.463 382.026 378.816 1136.3
624000 375.219 383.601 379.959 1138.78
626000 377.395 382.17 381.351 1140.92
628000 375.367 383.201 382.766 1141.33
630000 375.556 382.85 383.408 1141.81
632000 376.773 383.92 384.374 1145.07
634000 377.45 387.242 387.708 1152.4
636000 378.759 387 387.832 1153.59
638000 379.451 388.083 392.494 1160.03
640000 380.3 389.936 391.645 1161.88
642000 380.384 390.874 392.272 1163.53
644000 381.12 392.767 392.846 1166.73
646000 380.627 392.611 392.208 1165.45
648000 381.966 393.732 392.333 1168.03
650000 382.152 394.756 393.075 1169.98
652000 382.075 397.479 395.108 1174.66
654000 382.522 400.139 396.756 1179.42
656000 383.686 401.608 395.227 1180.52
658000 385.31 401.798 397.577 1184.69
660000 387.081 404.474 400.37 1191.93
662000 389.646 405.191 404.071 1198.91
664000 390.625 405.101 405.842 1201.57
666000 392.779 407.62 409.535 1209.93
668000 395.634 406.72 411.591 1213.94
670000 398.288 408.214 414.623 1221.13
672000 400.032 408.818 414.784 1223.63
674000 401.313 409.078 415.147 1225.54
676000 402.427 408.945 416.278 1227.65
678000 403.06 409.789 416.093 1228.94
680000 404.37 410.971 417.558 1232.9
682000 406.286 412.05 421.071 1239.41
684000 406.483 416.13 420.586 1243.2
686000 409.901 417.933 422.193 1250.03
688000 408.416 419.851 423.22 1251.49
690000 408.039 421.924 423.954 1253.92
692000 408.685 425.136 427.11 1260.93
694000 410.217 427.034 427.37 1264.62
696000 412.312 428.775 431.573 1272.66
698000 414.053 429.17 433.772 1277
700000 415.954 431.037 434.242 1281.23
702000 418.665 431.276 436.408 1286.35
704000 420.019 431.059 437.301 1288.38
706000 419.957 433.12 437.81 1290.89
708000 419.162 435.869 438.993 1294.03
710000 418.98 436.312 440.859 1296.15
712000 420.523 438.349 442.669 1301.54
714000 420.165 440.902 445.03 1306.1
716000 422.496 440.972 446.473 1309.94
718000 424.215 441.618 447.518 1313.35
720000 424.06 443.527 449.194 1316.78
722000 425.099 444.21 451.132 1320.44
724000 428.005 446.425 449.391 1323.82
726000 427.791 449.425 449.798 1327.01
728000 428.204 449.243 449.978 1327.43
730000 430.895 450.172 451.35 1332.42
732000 432.515 451.667 450.192 1334.37
734000 432.389 452.777 454.095 1339.26
736000 432.35 453.037 455.058 1340.45
738000 432.034 453.866 457.692 1343.59
740000 431.833 456.253 459.182 1347.27
742000 431.866 459.741 460.704 1352.31
744000 432.728 461.993 462.066 1356.79
746000 431.419 461.689 463.129 1356.24
748000 432.734 464.957 465.167 1362.86
750000 434.933 465.398 465.838 1366.17
752000 434.567 468.142 467.809 1370.52
754000 435.607 466.062 467.945 1369.61
756000 437.803 467.19 469.302 1374.3
758000 439.648 468.28 471.521 1379.45
760000 442.196 468.108 472.526 1382.83
762000 441.335 470.01 470.793 1382.14
764000 443.08 472.255 470.083 1385.42
766000 445.548 471.349 470.765 1387.66
768000 446.357 472.128 469.935 1388.42
770000 448.518 474.351 472.074 1394.94
772000 449.745 476.217 471.253 1397.21
774000 449.998 478.456 471.778 1400.23
776000 452.59 480.585 473.436 1406.61
778000 453.551 482.858 475.795 1412.2
780000 453.418 484.159 474.847 1412.42
782000 455.642 484.561 475.199 1415.4
784000 456.139 486.769 477.164 1420.07
786000 457.116 488.098 479.289 1424.5
788000 457.07 489.62 481.421 1428.11
790000 458.158 488.886 481.313 1428.36
792000 459.459 490.716 482.369 1432.54
794000 460.544 491.76 487.099 1439.4
796000 461.759 493.387 487.713 1442.86
798000 463.488 495.777 491.523 1450.79
800000 464.59 497.265 493.703 1455.56
802000 465.451 497.525 493.544 1456.52
804000 467.613 498.137 496.583 1462.33
806000 469.757 500.088 498.009 1467.85
808000 471.457 499.176 499.373 1470.01
810000 470.505 502.303 502.903 1475.71
812000 472.49 504.036 503.358 1479.88
814000 470.762 504.784 503.429 1478.98
816000 472.304 506.157 502.973 1481.43
818000 473.995 505.483 502.599 1482.08
820000 474.266 505.964 504.029 1484.26
822000 476.755 506.238 504.398 1487.39
824000 476.977 506.643 505.109 1488.73
826000 477.376 507.677 504.645 1489.7
828000 476.113 509.647 504.009 1489.77
830000 476.329 510.659 504.856 1491.84
832000 478.555 511.656 506.048 1496.26
834000 480.283 512.385 507.666 1500.33
836000 477.972 513.836 508.778 1500.59
838000 480.3 515.929 512.501 1508.73
840000 480.435 518.231 514.395 1513.06
842000 482.24 521.861 519.784 1523.88
844000 483.125 523.523 521.458 1528.11
846000 486.065 523.292 522.836 1532.19
848000 487.909 525.861 524.162 1537.93
850000 489.267 527.688 524.325 1541.28
852000 490.197 527.7 525.306 1543.2
854000 490.839 528.005 526.315 1545.16
856000 492.758 529.464 527.582 1549.8
858000 495.912 530.022 528.121 1554.05
860000 495.393 530.847 529.758 1556
862000 495.473 532.083 531.447 1559
864000 497.532 531.353 534.551 1563.44
866000 497.663 534.466 535.312 1567.44
868000 500.225 535.905 536.681 1572.81
870000 501.367 537.574 537.379 1576.32
872000 502.667 539.2 540.439 1582.31
874000 502.537 538.73 543.617 1584.88
876000 504.191 539.805 543.463 1587.46
878000 504.664 542.63 544.097 1591.39
880000 502.917 545.683 543.559 1592.16
882000 504.458 549.282 543.687 1597.43
884000 505.263 551.406 546.385 1603.05
886000 505.917 554.576 548.904 1609.4
888000 508.663 556.453 550.041 1615.16
890000 510.469 557.281 551.634 1619.38
892000 512.626 558.122 550.11 1620.86
894000 511.616 560.309 551.611 1623.54
896000 512.37 558.934 551.734 1623.04
898000 512.745 561.501 551.514 1625.76
900000 513.008 561.943 554.344 1629.29
902000 513.835 561.474 555.504 1630.81
904000 514.852 561.295 556.811 1632.96
906000 517.005 563.762 558.97 1639.74
908000 516.12 564.615 559.189 1639.92
910000 516.23 564.536 561.021 1641.79
912000 517.157 565.437 565.112 1647.71
914000 518.564 564.951 565.932 1649.45
916000 519.304 566.625 568.549 1654.48
918000 519.866 567.957 568.615 1656.44
920000 521.968 570.605 569.919 1662.49
922000 522.534 572.841 571.926 1667.3
924000 524.073 574.787 571.751 1670.61
926000 524.21 577.567 575.041 1676.82
928000 524.627 577.22 576.435 1678.28
930000 524.316 578.036 580.284 1682.64
932000 525.888 577.718 581.455 1685.06
934000 526.796 581.488 583.986 1692.27
936000 527.874 583.011 586.285 1697.17
938000 529.385 585.397 587.688 1702.47
940000 530.695 588.385 589.107 1708.19
942000 530.835 591.352 589.113 1711.3
944000 530.194 590.763 589.947 1710.9
946000 531.554 591.769 591.055 1714.38
948000 533.991 591.649 590.917 1716.56
950000 534.906 593.288 590.633 1718.83
952000 535.47 595.27 590.872 1721.61
954000 537.373 596.973 592.745 1727.09
956000 538.549 597.676 591.965 1728.19
958000 539.463 597.323 593.573 1730.36
960000 540.577 597.574 594.769 1732.92
962000 540.462 598.609 595.611 1734.68
964000 540.423 599.647 598.016 1738.09
966000 542.104 601.248 598.787 1742.14
968000 543.08 605.697 600.44 1749.22
970000 546.796 605.691 601.331 1753.82
972000 549.51 606.675 599.99 1756.17
974000 546.309 608.005 599.042 1753.36
976000 547.915 610.626 600.04 1758.58
978000 548.378 611.707 599.198 1759.28
980000 550.013 613.558 600.177 1763.75
982000 551.016 616.246 604.262 1771.52
984000 552.694 617.443 607.362 1777.5
986000 554.099 619.202 609.502 1782.8
988000 555.392 620.151 610.715 1786.26
990000 555.748 621.922 610.714 1788.38
992000 556.097 621.534 611.559 1789.19
994000 554.608 623.905 613.063 1791.58
996000 555.556 624.656 614.684 1794.9
998000 556.731 626.508 615.424 1798.66
1000000 557.198 628.066 616.645 1801.91
1002000 558.619 626.508 619.212 1804.34
1004000 562.459 627.807 620.706 1810.97
1006000 565.226 627.802 620.229 1813.26
1008000 565.302 630.445 620.049 1815.8
1010000 565.273 632.171 622.352 1819.8
1012000 566.945 631.536 621.871 1820.35
1014000 569.752 633.779 623.291 1826.82
1016000 566.776 634.849 623.197 1824.82
1018000 569.177 635.863 626.231 1831.27
1020000 571.371 635.992 626.114 1833.48
1022000 574.926 638.656 626.188 1839.77
1024000 576.667 640.935 627.239 1844.84
1026000 575.918 640.278 629.176 1845.37
1028000 578.18 639.618 631.291 1849.09
1030000 578.776 640.48 633.622 1852.88
1032000 580.137 642.1 635.053 1857.29
1034000 581.381 643.9 635.396 1860.68
1036000 579.79 643.959 637.682 1861.43
1038000 581.743 646.348 637 1865.09
1040000 583.691 646.618 636.517 1866.83
1042000 583.944 645.918 639.258 1869.12
1044000 583.582 648.45 638.104 1870.14
1046000 584.978 648.837 636.82 1870.64
1048000 586.515 649.48 635.888 1871.88
1050000 588.237 653.55 636.586 1878.37
1052000 588.372 656.033 637.687 1882.09
1054000 590.459 656.6 638.385 1885.44
1056000 592.681 655.982 643.126 1891.79
1058000 593.897 656.893 645.993 1896.78
1060000 594.983 659.055 646.714 1900.75
1062000 595.305 660.811 647.071 1903.19
1064000 597.853 663.59 650.097 1911.54
1066000 599.955 665.242 650.929 1916.13
1068000 599.4 667.728 651.93 1919.06
1070000 601.062 670.278 652.628 1923.97
1072000 601.482 668.193 654.658 1924.33
1074000 603.838 667.835 653.838 1925.51
1076000 605.103 666.809 656.184 1928.1
1078000 605.99 666.477 657.739 1930.21
1080000 606.335 668.018 658.49 1932.84
1082000 607.938 672.747 657.9 1938.58
1084000 608.439 674.012 659.945 1942.4
1086000 610.106 674.875 660.929 1945.91
1088000 612.48 674.929 664.911 1952.32
1090000 612.737 675.284 666.278 1954.3
1092000 615.832 675.554 669.35 1960.74
1094000 619.863 680.507 673.124 1973.49
1096000 622.236 681.558 672.742 1976.54
1098000 623.885 681.066 673.867 1978.82
1100000 625.194 681.692 673.814 1980.7
1102000 626.677 680.955 674.384 1982.02
1104000 627.228 681.647 676.768 1985.64
1106000 629.246 685.17 678.286 1992.7
1108000 628.881 686.123 680.369 1995.37
1110000 630.849 687.32 679.485 1997.65
1112000 630.736 691.471 684.758 2006.97
1114000 632.462 689.657 686.21 2008.33
1116000 633.397 691.645 687.451 2012.49
1118000 635.593 692.365 688.525 2016.48
1120000 637.869 693.591 689.109 2020.57
1122000 637.594 696.295 689.08 2022.97
1124000 638.341 699.197 689.511 2027.05
1126000 640.352 700.489 691.748 2032.59
1128000 639.918 701.501 693.517 2034.94
1130000 641.501 703.532 694.427 2039.46
1132000 641.497 704.274 696.424 2042.19
1134000 642.506 706.605 698.245 2047.36
1136000 643.086 709.981 700.756 2053.82
1138000 647.468 713.14 700.52 2061.13
1140000 650.085 711.551 701.527 2063.16
1142000 653.437 711.684 702.872 2067.99
1144000 655.077 711.857 703.868 2070.8
1146000 658.268 713.554 703.279 2075.1
1148000 657.048 714.798 705.253 2077.1
1150000 656.541 715.904 710.703 2083.15
1152000 658.546 717.102 712.971 2088.62
1154000 658.391 716.743 713.879 2089.01
1156000 659.312 720.569 712.448 2092.33
1158000 659.826 722.787 715.404 2098.02
1160000 661.514 721.58 716.609 2099.7
1162000 663.218 725.263 720.161 2108.64
1164000 664.415 724.974 721.876 2111.27
1166000 664.604 729.742 723.312 2117.66
1168000 667.027 731.061 724.887 2122.98
1170000 669.911 731.106 725.192 2126.21
1172000 669.957 732.128 726.414 2128.5
1174000 672.011 731.462 728.33 2131.8
1176000 673.362 732.206 726.804 2132.37
1178000 674.665 731.205 725.944 2131.81
1180000 675.117 731.743 727.353 2134.21
1182000 678.01 732.656 729.118 2139.78
1184000 681.147 732.859 731.331 2145.34
1186000 681.24 733.894 731.597 2146.73
1188000 678.709 737.383 730.97 2147.06
1190000 679.181 738.095 733.589 2150.87
1192000 683.341 741.12 736.876 2161.34
1194000 686.472 742.446 737.155 2166.07
1196000 687.851 743.89 736.2 2167.94
1198000 689.159 744.698 735.282 2169.14
1200000 689.502 746.426 736.617 2172.54
1202000 691.616 746.187 738.394 2176.2
1204000 692.592 748.395 740.094 2181.08
1206000 692.449 750.346 742.443 2185.24
1208000 693.925 752.037 743.959 2189.92
1210000 695.068 753.05 746.62 2194.74
1212000 694.37 753.847 745.516 2193.73
1214000 696.759 755.931 747.984 2200.67
1216000 698.584 758.594 749.037 2206.22
1218000 699.509 759.277 748.594 2207.38
1220000 700.564 760.23 749.148 2209.94
1222000 701.175 762.391 752.19 2215.76
1224000 702.345 764.131 755.038 2221.51
1226000 702.803 763.283 753.87 2219.96
1228000 703.744 765.657 751.941 2221.34
1230000 706.022 767.23 752.941 2226.19
1232000 706.458 768.879 754.691 2230.03
1234000 708.819 767.421 757.436 2233.68
1236000 707.946 769.501 759.27 2236.72
1238000 709.749 770.154 759.947 2239.85
1240000 709.294 769.661 762.2 2241.16
1242000 712.046 767.673 764.013 2243.73
1244000 711.135 770.122 763.294 2244.55
1246000 711.037 770.039 764.179 2245.25
1248000 710.363 772.997 765.126 2248.49
1250000 712.91 774.646 767.756 2255.31
1252000 715.338 776.609 768.293 2260.24
1254000 718.483 776.106 768.189 2262.78
1256000 722.189 779.029 769.056 2270.27
1258000 724.082 777.954 772.442 2274.48
1260000 727.362 779.48 775.272 2282.11
1262000 731.515 780.245 775.399 2287.16
1264000 734.481 782.637 776.812 2293.93
1266000 737.624 785.673 781.082 2304.38
1268000 737.418 787.258 784.6 2309.28
1270000 739.183 787.208 784.182 2310.57
1272000 739.89 791.169 784.283 2315.34
1274000 740.739 791.647 784.011 2316.4
1276000 742.929 791.865 785.638 2320.43
1278000 743.41 793.67 787.124 2324.2
1280000 742.352 795.684 790.394 2328.43
1282000 747.011 794.462 792.135 2333.61
1284000 746.675 795.108 792.187 2333.97
1286000 747.09 797.559 791.67 2336.32
1288000 749.786 796.96 793.431 2340.18
1290000 751.35 798.635 793.672 2343.66
1292000 752.214 801.865 794.058 2348.14
1294000 752.136 801.712 794.39 2348.24
1296000 752.629 804.593 796.982 2354.2
1298000 753.326 805.523 798.38 2357.23
1300000 755.079 806.506 799.682 2361.27
1302000 756.696 808.408 801.617 2366.72
1304000 758.72 810.804 801.502 2371.03
1306000 760.441 810.84 803.834 2375.11
1308000 760.979 816.222 806.978 2384.18
1310000 761.426 818.65 808.399 2388.48
1312000 763.479 819.225 812.895 2395.6
1314000 763.882 819.97 813.451 2397.3
1316000 764.667 820.377 810.16 2395.2
1318000 767.216 824.227 810.364 2401.81
1320000 769.641 826.164 810.827 2406.63
1322000 765.702 828.127 811.678 2405.51
1324000 768.361 830.881 812.026 2411.27
1326000 773.264 832.393 815.068 2420.73
1328000 772.058 832.341 817.467 2421.87
1330000 772.35 834.912 817.032 2424.29
1332000 776.782 836.063 816.732 2429.58
1334000 778.486 836.843 816.935 2432.26
1336000 780.708 838.493 818.468 2437.67
1338000 781.822 841.641 817.264 2440.73
1340000 785.236 842.939 819.338 2447.51
1342000 787.27 843.925 817.174 2448.37
1344000 785.081 845.162 818.245 2448.49
1346000 786.351 848.505 820.521 2455.38
1348000 786.75 849.598 822.528 2458.88
1350000 789.671 852.029 824.856 2466.56
1352000 790.197 852.511 825.911 2468.62
1354000 793.378 855.419 827.859 2476.66
1356000 792.73 854.444 827.911 2475.08
1358000 793.064 855.243 828.462 2476.77
1360000 795.981 856.59 826.64 2479.21
1362000 798.473 855.5 826.598 2480.57
1364000 800.679 857.305 827.763 2485.75
1366000 797.664 859.13 826.502 2483.3
1368000 799.698 859.293 827.417 2486.41
1370000 802.675 861.789 829.414 2493.88
1372000 805.443 865.994 831.003 2502.44
1374000 803.934 867.928 831.031 2502.89
1376000 803.553 869.663 834.298 2507.51
1378000 808.36 871.285 831.42 2511.07
1380000 809.777 871.632 834.065 2515.47
1382000 811.68 875.296 836.273 2523.25
1384000 812.991 874.998 838.376 2526.37
1386000 813.371 876.802 838.91 2529.08
1388000 814.956 875.223 838.565 2528.74
1390000 814.359 871.342 839.189 2524.89
1392000 814.548 870.28 841.093 2525.92
1394000 816.604 869.978 841.927 2528.51
1396000 817.98 871.51 843.83 2533.32
1398000 818.802 870.043 844.77 2533.61
1400000 818.159 871.804 844.338 2534.3
1402000 819.845 872.199 846.718 2538.76
1404000 820.521 871.735 850.568 2542.82
1406000 821.72 873.468 854.563 2549.75
1408000 823.596 876.154 855.213 2554.96
1410000 826.951 874.28 856.781 2558.01
1412000 827.992 877.813 857.511 2563.32
1414000 826.689 877.61 858.589 2562.89
1416000 826.609 876.13 859.382 2562.12
1418000 824.998 878.874 860.666 2564.54
1420000 827.271 884.43 861.019 2572.72
1422000 827.461 886.781 861.48 2575.72
1424000 829.492 885.657 862.329 2577.48
1426000 827.809 887.086 862.347 2577.24
1428000 829.496 890.053 864.634 2584.18
1430000 826.096 890.975 866.15 2583.22
1432000 826.756 894.925 868.176 2589.86
1434000 828.367 897.518 869.689 2595.57
1436000 830.898 898.426 868.619 2597.94
1438000 831.441 901.895 872.6 2605.94
1440000 831.601 903.535 874.323 2609.46
1442000 834.78 906.395 873.207 2614.38
1444000 835.045 907.86 872.077 2614.98
1446000 836.969 909.913 873.238 2620.12
1448000 838.297 911.044 875.299 2624.64
1450000 841.847 914.672 878.909 2635.43
1452000 844.338 916.215 884.387 2644.94
1454000 845.492 917.202 882.719 2645.41
1456000 846.25 918.961 883.077 2648.29
1458000 848.707 917.835 881.377 2647.92
1460000 851.211 919.073 884.941 2655.23
1462000 853.823 920.56 887.089 2661.47
1464000 855.137 924.178 889.23 2668.54
1466000 854.862 924.062 891.524 2670.45
1468000 855.075 925.453 892.45 2672.98
1470000 856.002 926.473 890.809 2673.28
1472000 856.914 928.446 891.572 2676.93
1474000 860.883 930.893 890.721 2682.5
1476000 862.12 932.464 889.852 2684.44
1478000 863.329 936.2 890.984 2690.51
1480000 862.579 937.46 890.989 2691.03
1482000 861.433 937.934 893.031 2692.4
1484000 864.897 941.169 893.073 2699.14
1486000 867.094 942.551 892.015 2701.66
1488000 868.941 944.991 894.318 2708.25
1490000 869.282 946.917 893.847 2710.05
1492000 870.233 948.116 897.822 2716.17
1494000 872.686 949.72 897.931 2720.34
1496000 871.705 953.028 895.247 2719.98
1498000 871.337 952.662 896.385 2720.38
1500000 872.15 956.736 896.03 2724.92
1502000 872.264 961.017 899.21 2732.49
1504000 872.298 962.538 901.514 2736.35
1506000 874.304 963.609 900.46 2738.37
1508000 876.364 962.345 904.299 2743.01
1510000 878.522 963.869 905.035 2747.43
1512000 880.954 964.402 903.289 2748.64
1514000 884.997 964.414 904.148 2753.56
1516000 883.002 961.475 903.962 2748.44
1518000 883.477 962.833 903.745 2750.05
1520000 886.795 964.659 904.021 2755.47
1522000 885.814 964.609 905.929 2756.35
1524000 887.749 966.113 911.012 2764.87
1526000 889.1 968.909 914.139 2772.15
1528000 889.085 969.785 916.479 2775.35
1530000 892.084 968.566 915.993 2776.64
1532000 893.061 970.251 915.47 2778.78
1534000 892.967 972.34 915.881 2781.19
1536000 895.959 974.613 915.712 2786.28
1538000 895.298 974.447 916.917 2786.66
1540000 897.138 974.444 917.366 2788.95
1542000 897.173 976.287 918.782 2792.24
1544000 899.912 978.254 920.406 2798.57
1546000 903.483 979.068 921.573 2804.12
1548000 905.414 982.706 923.677 2811.8
1550000 908.358 983.805 924.443 2816.61
1552000 907.849 986.896 925.224 2819.97
1554000 908.393 987.583 926.176 2822.15
1556000 910.653 987.119 926.558 2824.33
1558000 913.26 988.494 928.312 2830.07
1560000 912.053 990.153 927.827 2830.03
1562000 914.368 991.721 928.096 2834.18
1564000 917.879 988.605 928.302 2834.79
1566000 919.092 989.83 932.845 2841.77
1568000 917.995 991.564 935.821 2845.38
1570000 916.121 992.276 936.537 2844.93
1572000 917.129 989.833 939.001 2845.96
1574000 917.205 990.722 938.769 2846.7
1576000 920.924 992.883 938.921 2852.73
1578000 924.949 994.27 942.234 2861.45
1580000 928.432 993.319 941.138 2862.89
1582000 928.349 994.323 941.744 2864.42
1584000 927.149 994.14 943.949 2865.24
1586000 928.691 992.923 945.326 2866.94
1588000 928.773 992.274 946.963 2868.01
1590000 929.215 995.902 947.543 2872.66
1592000 928.316 995.731 949.697 2873.74
1594000 928.257 997.319 945.846 2871.42
1596000 931.417 998.01 947.046 2876.47
1598000 933.202 998.793 952.689 2884.68
1600000 934.933 999.925 956.463 2891.32
1602000 937.345 1000.73 955.515 2893.59
1604000 934.797 1000.94 957.044 2892.78
1606000 935.542 1002.22 960.288 2898.05
1608000 938.965 1002.21 961.258 2902.43
1610000 941.741 1003.55 962.385 2907.67
1612000 942.505 1005.69 963.84 2912.03
1614000 944.863 1006.45 966.883 2918.19
1616000 944.841 1008.88 967.781 2921.5
1618000 945.07 1006.78 970.997 2922.84
1620000 945.392 1008.31 970.416 2924.12
1622000 944.815 1009.47 971.033 2925.32
1624000 946.031 1014.13 971.956 2932.11
1626000 947.214 1014.39 974.409 2936.02
1628000 950.35 1016.98 974.32 2941.65
1630000 950.911 1020.41 975.666 2946.99
1632000 952.532 1020.67 976.738 2949.94
1634000 954.406 1018.3 976.812 2949.52
1636000 955.593 1019.94 975.252 2950.79
1638000 957.193 1017.54 979.102 2953.83
1640000 958.68 1021.68 981.368 2961.72
1642000 957.922 1025.4 980.162 2963.49
1644000 960.613 1029.01 979.106 2968.73
1646000 963.05 1027.6 981.502 2972.15
1648000 964.148 1027.1 983.438 2974.68
1650000 966.691 1027.98 981.39 2976.06
1652000 970.314 1027.78 981.419 2979.51
1654000 973.513 1029.6 983.927 2987.04
1656000 974.515 1030.55 985.961 2991.03
1658000 978.813 1031.48 986.113 2996.41
1660000 981.403 1031.42 990.313 3003.14
1662000 981.374 1032.43 990.187 3003.99
1664000 984.532 1035.32 992.591 3012.44
1666000 983.511 1032.93 994.956 3011.4
1668000 982.108 1032.86 997.118 3012.09
1670000 981.159 1031.16 998.191 3010.51
1672000 980.452 1032.83 1000.8 3014.09
1674000 985.084 1034.91 1004.26 3024.25
1676000 987.392 1037.41 1007.58 3032.39
1678000 990.568 1036.49 1007.91 3034.97
1680000 991.275 1036.01 1009.47 3036.76
1682000 993.211 1039.26 1010.37 3042.84
1684000 993.006 1040.2 1011.87 3045.08
1686000 992.99 1041.81 1012.8 3047.59
1688000 994.91 1046.01 1013.85 3054.77
1690000 995.121 1045.88 1016.04 3057.04
1692000 994.093 1046.02 1018.27 3058.38
1694000 995.602 1048.15 1021.48 3065.23
1696000 993.729 1047.9 1020.25 3061.88
1698000 996.184 1048.91 1022.56 3067.65
1700000 998.837 1048.27 1019.1 3066.21
1702000 1000.42 1048.31 1020.64 3069.36
1704000 1004.29 1049.24 1019.34 3072.87
1706000 1008.31 1052.62 1017.6 3078.53
1708000 1010.61 1053.46 1019.34 3083.41
1710000 1008.77 1051.12 1019.83 3079.72
1712000 1007.84 1053.81 1020.13 3081.77
1714000 1005.55 1051.62 1022.43 3079.6
1716000 1009.45 1052.5 1028.44 3090.38
1718000 1011.53 1055.1 1027.8 3094.44
1720000 1012.88 1056.83 1029 3098.71
1722000 1015.56 1056.56 1029.2 3101.33
1724000 1014.12 1058.26 1031.43 3103.8
1726000 1015.68 1061.44 1034.45 3111.57
1728000 1018.19 1062.99 1034.85 3116.02
1730000 1022.48 1063.43 1035.41 3121.32
1732000 1022.32 1064.61 1038.3 3125.23
1734000 1023.57 1063.62 1038.15 3125.34
1736000 1026.63 1064.44 1036.27 3127.34
1738000 1030.22 1066.13 1038.14 3134.49
1740000 1032.29 1068.79 1040.21 3141.3
1742000 1029.8 1069.77 1042.34 3141.91
1744000 1030.12 1071.75 1040.76 3142.63
1746000 1027.25 1072.04 1041.51 3140.8
1748000 1029.87 1072.36 1040.8 3143.03
1750000 1030.72 1071.27 1042.81 3144.8
1752000 1030.51 1072.81 1045.23 3148.56
1754000 1032.63 1076.47 1045.54 3154.64
1756000 1032.51 1078.1 1047.7 3158.31
1758000 1034.68 1079.32 1052.18 3166.18
1760000 1036.13 1079.24 1055.04 3170.41
1762000 1037.1 1080.83 1054.14 3172.08
1764000 1035.75 1086.07 1056.53 3178.35
1766000 1038.51 1086.78 1057.59 3182.88
1768000 1039.57 1089.06 1056.25 3184.88
1770000 1041.31 1088.91 1059.38 3189.6
1772000 1042.62 1092.3 1057.92 3192.84
1774000 1046.71 1095.67 1063.73 3206.11
1776000 1048.6 1098.33 1065.41 3212.34
1778000 1051.57 1100.5 1067.17 3219.24
1780000 1054.08 1101.63 1068.92 3224.63
1782000 1056.96 1102.84 1070.65 3230.46
1784000 1060.05 1101.01 1070.4 3231.46
1786000 1059.77 1102.05 1071.11 3232.93
1788000 1061.32 1103.81 1073.11 3238.24
1790000 1063.27 1106.6 1073.01 3242.88
1792000 1064.33 1109.15 1075.09 3248.57
1794000 1063.36 1107.78 1075.67 3246.81
1796000 1062.59 1108.03 1079.7 3250.33
1798000 1063.23 1106.06 1082.02 3251.31
1800000 1066.92 1105.01 1082.24 3254.16
1802000 1068.95 1106.3 1084.12 3259.37
1804000 1069.81 1109.01 1085.4 3264.22
1806000 1070.51 1110.49 1086.04 3267.04
1808000 1069.51 1112.9 1088.5 3270.9
1810000 1070.73 1113.2 1092.18 3276.11
1812000 1070.82 1115.52 1093.15 3279.5
1814000 1073.2 1115.9 1094.06 3283.16
1816000 1076 1115.95 1092.94 3284.89
1818000 1079.09 1116 1095.61 3290.69
1820000 1078.71 1116.39 1097.57 3292.67
1822000 1080.78 1117.2 1098.75 3296.74
1824000 1081.34 1119.24 1098.44 3299.02
1826000 1078.24 1116.58 1100.31 3295.13
1828000 1077.29 1118.43 1100.3 3296.02
1830000 1077.4 1114.6 1099.18 3291.19
1832000 1077.71 1111.49 1102.99 3292.19
1834000 1078.89 1111.4 1105.02 3295.31
1836000 1077.69 1112.99 1107.28 3297.96
1838000 1078.76 1115.59 1108.82 3303.16
1840000 1082.56 1117.46 1108.72 3308.75
1842000 1085.47 1117.81 1107.55 3310.83
1844000 1086.84 1117.81 1109.83 3314.49
1846000 1090.45 1119.06 1110.52 3320.04
1848000 1092.49 1120.59 1108.69 3321.77
1850000 1093.94 1118.87 1109.24 3322.06
1852000 1093.1 1116.86 1109.25 3319.2
1854000 1092.6 1117.37 1112.32 3322.28
1856000 1092.72 1120.63 1112.82 3326.17
1858000 1094.32 1124.26 1114.11 3332.68
1860000 1095.67 1129.29 1113.85 3338.81
1862000 1095.76 1131.74 1118.57 3346.07
1864000 1097.36 1131.47 1118.4 3347.23
1866000 1103.19 1133.69 1118.37 3355.24
1868000 1105.95 1134.22 1119.35 3359.52
1870000 1107.17 1137.37 1119.78 3364.33
1872000 1108.26 1139.11 1120.92 3368.3
1874000 1109.18 1139.7 1122.65 3371.53
1876000 1110.64 1140.11 1127.56 3378.31
1878000 1111.62 1143.81 1127.18 3382.6
1880000 1109.96 1143.97 1127.17 3381.1
1882000 1111.04 1145.28 1126.33 3382.65
1884000 1114.03 1145.19 1129.19 3388.41
1886000 1112.92 1147.82 1128.56 3389.3
1888000 1113.83 1149.25 1131.19 3394.27
1890000 1114.3 1151.15 1131.06 3396.5
1892000 1116.36 1151.09 1131.11 3398.57
1894000 1119.4 1154.12 1133.08 3406.6
1896000 1123.83 1154.12 1136.43 3414.38
1898000 1126.06 1154.83 1136.01 3416.9
1900000 1127.11 1157.07 1137.12 3421.3
1902000 1128.51 1157.9 1140.63 3427.04
1904000 1127.56 1159.54 1140.94 3428.03
1906000 1126.46 1159.5 1140.35 3426.31
1908000 1127.67 1159.44 1141.36 3428.47
1910000 1131.76 1161.88 1142.3 3435.95
1912000 1132.73 1166.35 1145.51 3444.59
1914000 1132.08 1165.3 1147.39 3444.76
1916000 1132.69 1167.7 1151.48 3451.87
1918000 1135.18 1170.39 1153.36 3458.93
1920000 1137.68 1172.11 1154.86 3464.65
1922000 1140.15 1174.61 1155.5 3470.26
1924000 1142.44 1174.21 1153.47 3470.11
1926000 1144.7 1175.24 1151.87 3471.81
1928000 1144.18 1178.36 1153.75 3476.29
1930000 1144.99 1177.13 1155.96 3478.08
1932000 1143.15 1180.49 1154.85 3478.49
1934000 1142.13 1183.1 1154.54 3479.77
1936000 1143.42 1184.78 1157.94 3486.13
1938000 1141.87 1185.76 1159.62 3487.25
1940000 1144.02 1186.54 1157.03 3487.6
1942000 1147 1192.06 1154.37 3493.42
1944000 1147.3 1197.48 1155.87 3500.65
1946000 1147.28 1200.47 1156 3503.76
1948000 1149.34 1198.87 1159.35 3507.57
1950000 1152.4 1195.46 1158.08 3505.94
1952000 1151.44 1198.42 1160.18 3510.05
1954000 1150.31 1200.49 1158.3 3509.11
1956000 1151.41 1202.63 1163.12 3517.16
1958000 1153.66 1206.18 1161.68 3521.52
1960000 1153.84 1209.14 1161.02 3524
1962000 1156.17 1209.97 1159.81 3525.95
1964000 1158.6 1208.61 1162.31 3529.51
1966000 1161.26 1210.63 1165 3536.89
1968000 1161.71 1214.61 1166.9 3543.21
1970000 1165.3 1213.24 1166.06 3544.61
1972000 1167.45 1215.02 1171.05 3553.52
1974000 1166.15 1217.6 1171.84 3555.6
1976000 1166.15 1219.88 1173.36 3559.38
1978000 1166.85 1217.82 1174.76 3559.42
1980000 1167.59 1221.06 1178.39 3567.05
1982000 1169.01 1222.09 1178.15 3569.25
1984000 1170.36 1224.81 1180.83 3576
1986000 1172.82 1225 1181.68 3579.5
1988000 1170.96 1227.34 1184.92 3583.22
1990000 1170.6 1228.82 1185.99 3585.42
1992000 1169.86 1227.78 1189.61 3587.25
1994000 1173.4 1228.47 1192.53 3594.4
1996000 1174.84 1230.31 1194.28 3599.43
1998000 1175.96 1231.15 1193.06 3600.18
2000000 1179.76 1230.61 1193.71 3604.08
