# Time-averaged data for fix savemsd
# TimeStep c_msd[1] c_msd[2] c_msd[3] c_msd[4]
0 1.82607e-33 0 5.4782e-33 7.30427e-33
2000 1.72113 1.65464 1.71853 5.0943
4000 3.35112 3.1522 3.30173 9.80506
6000 5.08341 4.97026 4.89115 14.9448
8000 6.77823 6.3031 5.92354 19.0049
10000 8.57667 7.62121 7.27009 23.468
12000 10.2862 9.0465 9.09395 28.4266
14000 12.0522 10.817 11.2356 34.1048
16000 13.7545 11.8188 12.8669 38.4402
18000 14.8494 13.5248 14.1897 42.5639
20000 16.4352 14.9063 15.2869 46.6283
22000 18.0622 16.4483 16.7325 51.2431
24000 19.2976 18.0291 17.9569 55.2836
26000 20.8081 19.9854 19.53 60.3234
28000 21.8299 21.1087 21.7832 64.7218
30000 23.072 22.7372 23.4789 69.288
32000 24.6258 24.0672 25.4748 74.1678
34000 26.1357 25.6322 27.1537 78.9217
36000 27.5542 27.5009 27.8959 82.9511
38000 29.343 28.921 29.1843 87.4483
40000 30.8008 30.1481 29.8592 90.808
42000 33.4423 31.5867 31.3098 96.3388
44000 34.7184 32.2747 32.7957 99.7888
46000 36.7955 33.6909 34.2064 104.693
48000 38.5235 34.8192 35.8977 109.24
50000 40.5503 36.4604 36.9361 113.947
52000 42.1114 37.9435 38.3005 118.355
54000 43.0462 39.3665 39.9548 122.368
56000 44.2078 40.9842 41.1069 126.299
58000 45.4586 43.032 42.873 131.364
60000 46.8242 44.4435 44.0194 135.287
62000 47.2853 46.1385 46.7173 140.141
64000 49.0323 47.6723 47.4279 144.133
66000 49.9095 49.8364 48.7069 148.453
68000 51.5792 50.7673 50.1679 152.514
70000 53.9377 52.2562 51.6063 157.8
72000 54.8868 53.3473 52.4185 160.653
74000 57.1361 55.0383 53.6874 165.862
76000 58.9465 57.1904 54.4289 170.566
78000 60.1025 59.2622 55.6705 175.035
80000 62.1429 60.4673 58.2004 180.811
82000 63.3902 62.7596 59.9253 186.075
84000 63.6199 64.6887 61.4399 189.749
86000 64.569 65.7282 62.6033 192.901
88000 65.3287 67.0006 64.128 196.457
90000 66.4018 69.4371 65.7046 201.544
92000 67.9307 71.4335 67.6316 206.996
94000 69.3755 72.8579 68.5087 210.742
96000 71.1759 74.6066 70.2225 216.005
98000 72.9411 75.897 71.5241 220.362
100000 74.5207 78.6972 72.3791 225.597
102000 75.7143 80.3818 73.7238 229.82
104000 76.9364 82.413 76.1566 235.506
106000 78.5957 82.8315 76.7882 238.215
108000 80.472 84.4293 78.8995 243.801
110000 81.638 86.5796 80.6179 248.835
112000 82.9939 88.9532 83.7063 255.653
114000 85.3502 89.9356 85.0222 260.308
116000 87.3868 91.0411 86.908 265.336
118000 88.9476 92.9223 89.1661 271.036
120000 90.2905 94.8522 90.0755 275.218
122000 91.3289 95.876 92.5507 279.756
124000 92.8705 97.9158 93.8171 284.603
126000 94.7043 98.9128 96.4254 290.042
128000 96.3499 100.165 96.443 292.958
130000 98.5226 100.695 98.4913 297.709
132000 99.8907 102.319 100.235 302.444
134000 101.637 104.026 101.714 307.376
136000 102.596 106.65 103.723 312.969
138000 104.746 108.14 105.761 318.647
140000 106.414 110.739 106.724 323.877
142000 107.381 112.786 108.317 328.484
144000 109.575 114.308 110.936 334.82
146000 111.491 115.549 112.934 339.974
148000 113.297 117.693 114.183 345.173
150000 115.007 119.796 116.153 350.957
152000 115.894 121.508 116.751 354.153
154000 117.361 123.133 118.053 358.548
156000 119.287 123.992 119.04 362.319
158000 121.078 126.431 121.204 368.713
160000 122.615 128.053 122.792 373.459
162000 124.281 129.103 124.088 377.471
164000 124.616 129.776 125.493 379.886
166000 125.941 130.965 127.419 384.326
168000 128.451 133.216 129.517 391.184
170000 130.517 134.783 131.643 396.943
172000 131.928 137.513 132.243 401.683
174000 133.071 137.386 132.721 403.178
176000 134.163 139.461 134.824 408.449
178000 134.945 139.515 136.914 411.375
180000 135.941 140.684 137.344 413.969
182000 136.209 142.247 137.407 415.863
184000 137.376 143.356 137.415 418.147
186000 138.658 144.815 138.635 422.108
188000 140.672 147.507 140.134 428.313
190000 142.059 148.893 141.236 432.188
192000 143.916 151.609 143.204 438.729
194000 145.899 154.162 145.639 445.699
196000 145.57 154.383 147.246 447.199
198000 146.482 155.202 148.704 450.387
200000 146.187 156.578 151.17 453.935
202000 149.349 157.898 152.898 460.145
204000 149.759 159.289 155.293 464.34
206000 153.427 160.599 156.818 470.844
208000 155.322 161.967 157.493 474.782
210000 156.061 164.014 159.645 479.72
212000 157.31 166.007 161.739 485.055
214000 159.396 165.877 163.53 488.803
216000 161.843 166.317 164.152 492.313
218000 163.547 169.483 165.851 498.881
220000 165.044 170.944 167.716 503.704
222000 165.851 174.031 169.387 509.269
224000 166.874 175.19 171.381 513.445
226000 168.787 176.701 173.655 519.143
228000 171.04 179.035 175.027 525.102
230000 172.428 180.108 176.215 528.751
232000 174.306 182.874 178.586 535.766
234000 174.449 183.882 181.262 539.593
236000 176.389 187.011 183.018 546.418
238000 179.628 188.706 185.187 553.52
240000 180.797 189.269 186.17 556.237
242000 181.227 189.84 187.191 558.257
244000 182.459 189.799 188.129 560.387
246000 183.276 191.158 188.848 563.282
248000 185.593 192.873 191.054 569.52
250000 188.661 194.134 191.958 574.752
252000 190.876 194.539 194.212 579.627
254000 191.489 196.211 194.561 582.261
256000 191.547 197.354 195.034 583.934
258000 193.859 197.494 196.668 588.021
260000 196.247 199.675 198.072 593.994
262000 197.858 202.59 198.188 598.636
264000 198.752 203.966 199.055 601.773
266000 200.897 205.346 200.778 607.021
268000 202.231 207.858 201.564 611.653
270000 202.893 209.841 204.5 617.234
272000 204.368 210.19 206.719 621.276
274000 206.994 212.706 208.618 628.317
276000 208.593 214.619 210.674 633.886
278000 209.598 215.188 212.658 637.444
280000 211.166 216.319 215.989 643.473
282000 212.253 217.052 218.209 647.513
284000 214.737 217.612 218.794 651.144
286000 215.695 221.513 221.744 658.952
288000 217.136 223.081 223.832 664.048
290000 218.741 224.158 225.82 668.718
292000 219.333 226.789 229.199 675.321
294000 221.671 227.676 228.717 678.064
296000 223.822 229.288 230.836 683.946
298000 226.635 231.343 232.236 690.214
300000 227.549 233.664 235.191 696.404
302000 230.273 235.452 235.653 701.378
304000 232.112 236.316 238.822 707.249
306000 233.672 238.363 239.265 711.301
308000 236.561 240.631 241.396 718.588
310000 238.446 241.537 241.476 721.459
312000 239.755 243.407 243.696 726.858
314000 239.137 245.676 244.516 729.329
316000 240.295 246.551 246.45 733.296
318000 242.776 247.525 247.64 737.941
320000 245.649 248.659 249.543 743.851
322000 246.423 249.01 251.073 746.506
324000 247.444 250.921 252.765 751.13
326000 249.968 251.503 254.977 756.448
328000 250.477 253.782 256.044 760.303
330000 253.018 255.373 258.058 766.449
332000 252.524 256.432 260.6 769.557
334000 254.591 258.034 261.832 774.456
336000 252.784 259.577 264.432 776.793
338000 254.458 260.174 265.671 780.303
340000 255.699 262.317 265.579 783.594
342000 256.458 263.642 266.415 786.515
344000 257.38 265.743 266.828 789.951
346000 259.59 267.953 269.002 796.545
348000 259.857 269.425 270.803 800.086
350000 261.161 271.49 271.796 804.447
352000 262.259 273.128 273.669 809.056
354000 262.809 274.401 276.626 813.836
356000 266.046 276.678 278.987 821.711
358000 268.845 276.727 281.03 826.602
360000 271.273 277.886 283.217 832.376
362000 272.07 278.86 283.746 834.676
364000 274.725 280.924 285.486 841.136
366000 276.005 283.168 283.888 843.06
368000 278.78 284.062 285.936 848.778
370000 280.013 287.814 289.543 857.369
372000 281.982 289.982 290.032 861.995
374000 284.33 293.866 293.724 871.92
376000 286.109 294.917 295.878 876.904
378000 287.82 296.729 297.456 882.005
380000 288.934 298.34 297.792 885.066
382000 290.551 299.288 300.911 890.75
384000 292.284 301.687 302.041 896.012
386000 296.282 303.267 304.726 904.275
388000 299.952 306.454 306.638 913.044
390000 300.064 307.562 307.987 915.613
392000 300.384 309.926 307.939 918.249
394000 301.684 312.336 308.976 922.996
396000 302.101 312.835 309.992 924.928
398000 303.508 313.98 309.908 927.396
400000 306.431 315.79 314.052 936.273
402000 306.995 315.24 314.787 937.023
404000 309.81 317.06 315.905 942.775
406000 311.346 318.727 316.923 946.997
408000 312.102 321.11 316.478 949.689
410000 312.286 322.695 317.995 952.976
412000 315.133 325.4 320.07 960.603
414000 317.333 324.662 321.916 963.911
416000 317.077 324.83 322.111 964.018
418000 317.679 326.03 324.195 967.904
420000 319.038 327.169 325.235 971.443
422000 321.24 329.667 327.517 978.424
424000 320.075 332.669 329.142 981.886
426000 322.905 333.898 332.736 989.539
428000 324.345 335.582 335.077 995.004
430000 324.89 336.21 335.827 996.927
432000 325.551 336.975 336.972 999.498
434000 326.95 338.417 338.614 1003.98
436000 327.911 338.031 339.385 1005.33
438000 328.396 341.284 342.177 1011.86
440000 331.391 342.261 344.129 1017.78
442000 334.156 343.491 344.19 1021.84
444000 336.403 343.975 346.245 1026.62
446000 336.567 343.26 348.945 1028.77
448000 340.761 343.283 350.679 1034.72
450000 343.241 345.743 352.262 1041.25
452000 345.136 348.145 353.495 1046.78
454000 346.057 349.587 356.811 1052.45
456000 345.506 351.901 358.134 1055.54
458000 345.296 353.737 360.429 1059.46
460000 346.818 356.036 361.863 1064.72
462000 350.047 358.868 363.628 1072.54
464000 354.012 359.86 364.621 1078.49
466000 354.824 361.606 367.412 1083.84
468000 357.37 362.084 369.755 1089.21
470000 360.732 364.001 371.289 1096.02
472000 362.921 366.532 371.565 1101.02
474000 365.026 369.123 372.265 1106.41
476000 365.401 371.235 373.852 1110.49
478000 367.219 374.859 375.993 1118.07
480000 368.837 374.922 376.598 1120.36
482000 370.969 377.243 378.754 1126.97
484000 373.206 380.314 379.813 1133.33
486000 372.426 380.646 380.25 1133.32
488000 373.913 382.295 382.926 1139.13
490000 374.371 386.658 385.114 1146.14
492000 377.53 387.453 386.118 1151.1
494000 378.026 390.034 386.557 1154.62
496000 378.939 392.785 386.029 1157.75
498000 380.423 396.599 385.315 1162.34
500000 380.41 396.193 386.604 1163.21
502000 381.057 397.547 388.889 1167.49
504000 382.799 400.969 390.469 1174.24
506000 384.996 403.483 392.946 1181.43
508000 386.848 409.026 394.541 1190.42
510000 388.495 409.104 398.112 1195.71
512000 391.879 409.653 398.133 1199.67
514000 395.4 411.179 399.131 1205.71
516000 396.28 409.4 401.052 1206.73
518000 398.731 411.47 403.055 1213.26
520000 401.928 411.726 404.094 1217.75
522000 403.47 414.589 404.917 1222.98
524000 404.497 415.922 407.048 1227.47
526000 405.972 418.999 407.526 1232.5
528000 407.256 420.513 408.014 1235.78
530000 407.501 422.909 409.926 1240.34
532000 410.595 426.258 411.562 1248.41
534000 412.385 428.298 412.972 1253.66
536000 410.858 431.357 416.228 1258.44
538000 410.628 433.515 416.79 1260.93
540000 411.702 433.316 415.767 1260.78
542000 411.082 437.82 417.001 1265.9
544000 416.074 439.477 417.162 1272.71
546000 417.749 442.729 416.959 1277.44
548000 419.728 444.435 419.085 1283.25
550000 421.197 446.806 422.242 1290.25
552000 421.968 447.581 423.098 1292.65
554000 422.238 449.455 425.567 1297.26
556000 424.004 451.91 428.599 1304.51
558000 425.939 453.199 430.604 1309.74
560000 425.431 455.679 432.324 1313.43
562000 428.123 457.068 432.976 1318.17
564000 431.955 456.649 433.639 1322.24
566000 433.444 458.879 436.983 1329.31
568000 438.072 458.554 438.487 1335.11
570000 439.046 459.866 439.472 1338.38
572000 439.578 463.004 442.726 1345.31
574000 441.538 464.484 444.759 1350.78
576000 443.592 465.051 446.474 1355.12
578000 444.026 465.248 447.802 1357.08
580000 445.203 464.885 447.763 1357.85
582000 446.843 466.26 449.571 1362.67
584000 450.228 468.827 451.152 1370.21
586000 449.696 470.813 450.848 1371.36
588000 452.145 471.35 452.645 1376.14
590000 455.31 471.294 454.077 1380.68
592000 456.674 472.102 453.404 1382.18
594000 458.013 473.173 452.388 1383.57
596000 460.824 475.766 456.209 1392.8
598000 462.712 477.354 459.66 1399.73
600000 464.819 478.318 462.169 1405.31
602000 468.033 480.782 464.8 1413.62
604000 467.072 484.158 464.816 1416.05
606000 468.825 486.746 466.368 1421.94
608000 473.074 486.813 469.409 1429.3
610000 476.469 489.125 471.523 1437.12
612000 478.464 493.032 472.702 1444.2
614000 481.862 494.272 475.625 1451.76
616000 483.221 495.955 479.297 1458.47
618000 483.558 498.165 481.286 1463.01
620000 482.202 501.8 481.647 1465.65
622000 483.045 505.074 484.283 1472.4
624000 487.083 507.46 482.031 1476.57
626000 489.741 508.774 484.472 1482.99
628000 490.663 509.071 485.95 1485.68
630000 491.64 509.981 488.336 1489.96
632000 493.612 514.349 488.587 1496.55
634000 493.75 515.175 490.24 1499.17
636000 497.532 515.253 493.68 1506.47
638000 498.598 516.561 495.459 1510.62
640000 502.693 517.955 495.367 1516.01
642000 503.986 519.434 497.902 1521.32
644000 505.399 522.635 498.571 1526.6
646000 508.572 524.602 501.556 1534.73
648000 510.104 525.425 503.198 1538.73
650000 514.575 528.301 503.397 1546.27
652000 515.376 526.74 504.158 1546.27
654000 517.594 528.24 507.536 1553.37
656000 520.114 530.269 509.01 1559.39
658000 524.812 530.594 509.683 1565.09
660000 526.245 531.812 511.713 1569.77
662000 525.903 533.176 513.624 1572.7
664000 527.29 536.27 516.355 1579.92
666000 526.882 538.217 517.745 1582.84
668000 527.828 541.171 520.393 1589.39
670000 530 540.452 521.609 1592.06
672000 533.874 540.718 523.809 1598.4
674000 536.334 543.274 525.68 1605.29
676000 541.066 546.25 529.169 1616.49
678000 543.099 547.178 532.722 1623
680000 545.572 547.582 533.66 1626.81
682000 545.901 548.509 536.905 1631.32
684000 546.336 551.271 536.807 1634.41
686000 549.398 553.928 536.811 1640.14
688000 550.292 555.481 538.696 1644.47
690000 550.354 558.29 541.895 1650.54
692000 551.656 559.244 543.304 1654.2
694000 553.032 563.487 547.123 1663.64
696000 556.67 566.703 546.869 1670.24
698000 556.896 567.084 548.391 1672.37
700000 558.225 569.312 547.385 1674.92
702000 559.435 571.45 546.77 1677.65
704000 560.495 573.521 548.521 1682.54
706000 564.039 576.559 549.64 1690.24
708000 566.221 578.29 552.555 1697.07
710000 569.93 579.726 554.156 1703.81
712000 572.58 580.909 555.633 1709.12
714000 574.677 579.412 555.969 1710.06
716000 575.379 579.774 555.696 1710.85
718000 579.455 579.703 555.471 1714.63
720000 578.601 582.353 559.143 1720.1
722000 582.668 585.733 559.513 1727.91
724000 582.34 587.48 559.242 1729.06
726000 582.288 587.958 560.7 1730.95
728000 583.565 588.648 560.395 1732.61
730000 584.765 589.423 561.526 1735.71
732000 586.05 592.624 561.91 1740.58
734000 586.845 594.347 562.654 1743.85
736000 588.373 595.819 564.992 1749.18
738000 591.224 600.082 567.401 1758.71
740000 592.216 600.885 571.906 1765.01
742000 596.818 604.031 573.695 1774.54
744000 597.408 607.666 574.235 1779.31
746000 599.644 607.91 575.998 1783.55
748000 600.249 611.127 576.905 1788.28
750000 601.872 611.952 579.065 1792.89
752000 604.004 613.373 582.777 1800.15
754000 604.127 615.365 584.541 1804.03
756000 607.713 616.382 585.425 1809.52
758000 610.253 617.984 588.71 1816.95
760000 612.283 618.85 587.556 1818.69
762000 614.483 620.869 587.453 1822.8
764000 614.75 623.217 589.799 1827.77
766000 618.383 623.866 591.739 1833.99
768000 619.16 626.749 594.377 1840.29
770000 619.252 630.094 596.835 1846.18
772000 620.481 628.481 597.71 1846.67
774000 620.563 632.651 601.908 1855.12
776000 622.491 636.088 605.281 1863.86
778000 626.171 639.948 605.166 1871.29
780000 626.834 641.601 606.431 1874.87
782000 626.24 642.647 609.226 1878.11
784000 625.775 646.01 609.71 1881.5
786000 628.698 649.889 612.598 1891.19
788000 630.3 649.564 613.839 1893.7
790000 631.213 651.6 614.697 1897.51
792000 636.702 650.949 616.166 1903.82
794000 640.507 651.298 620.281 1912.09
796000 642.183 654.136 619.167 1915.49
798000 641.184 654.634 620.293 1916.11
800000 643.412 656.144 622.429 1921.99
802000 647.022 658.791 623.761 1929.57
804000 648.293 658.988 624.969 1932.25
806000 650.183 660.503 626.565 1937.25
808000 651.451 661.248 629.014 1941.71
810000 652.158 664.236 629.842 1946.24
812000 652.318 664.022 631.339 1947.68
814000 657.828 665.357 633.171 1956.36
816000 658.54 667.38 633.321 1959.24
818000 660.632 667.865 636.76 1965.26
820000 662.93 669.636 638.573 1971.14
822000 666.5 671.827 643.416 1981.74
824000 666.756 672.784 645.144 1984.68
826000 668.741 673.885 645.916 1988.54
828000 670.503 676.111 645.331 1991.95
830000 670.377 679.058 644.671 1994.11
832000 669.761 684.817 647.183 2001.76
834000 672.906 688.239 648.713 2009.86
836000 673.903 688.347 648.849 2011.1
838000 675.712 689.309 648.969 2013.99
840000 675.641 693.435 652.978 2022.05
842000 677.234 694.473 654.461 2026.17
844000 678.557 697.017 655.556 2031.13
846000 679.303 701.1 658.795 2039.2
848000 682.151 701.093 657.721 2040.96
850000 682.971 701 660.304 2044.27
852000 684.343 702.797 663.441 2050.58
854000 685.168 702.446 665.084 2052.7
856000 686.305 702.781 664.099 2053.18
858000 687.99 704.283 666.627 2058.9
860000 691.434 705.98 669.949 2067.36
862000 690.913 708.144 668.65 2067.71
864000 692.218 708.313 669.074 2069.6
866000 694.9 710.7 670.78 2076.38
868000 698.106 709.228 674.999 2082.33
870000 698.69 712.71 676.743 2088.14
872000 697.286 713.459 679.936 2090.68
874000 697.662 714.477 681.518 2093.66
876000 699.173 717.925 682.952 2100.05
878000 700 718.767 684.599 2103.37
880000 700.925 721.96 685.782 2108.67
882000 700.105 722.023 688.556 2110.68
884000 702.009 722.693 692.199 2116.9
886000 702.694 724.895 695.427 2123.02
888000 704.521 726.786 691.84 2123.15
890000 707.392 726.396 692.593 2126.38
892000 712.263 730.074 695.629 2137.97
894000 713.532 732.462 696.787 2142.78
896000 715.9 735.04 696.319 2147.26
898000 718.162 735.4 697.075 2150.64
900000 720.444 734.258 697.581 2152.28
902000 724.253 733.984 700.842 2159.08
904000 728.08 734.02 705.802 2167.9
906000 730.81 735.901 709.185 2175.9
908000 733.625 735.745 714.588 2183.96
910000 735.126 735.545 719.16 2189.83
912000 736.252 737.199 720.969 2194.42
914000 739.885 739.901 722.666 2202.45
916000 740.144 742.732 726.095 2208.97
918000 743.67 744.054 726.574 2214.3
920000 744.847 741.259 726.876 2212.98
922000 744.605 743.491 728.282 2216.38
924000 745.849 745.344 731.045 2222.24
926000 749.115 747.452 733.84 2230.41
928000 748.229 746.03 739.035 2233.29
930000 748.419 745.002 740.106 2233.53
932000 748.245 744.938 742.599 2235.78
934000 749.936 748.632 744.59 2243.16
936000 753.228 750.242 744.531 2248
938000 751.306 750.219 746.122 2247.65
940000 756.286 754.507 748.991 2259.78
942000 759.793 758.635 750.72 2269.15
944000 763.487 757.006 751.944 2272.44
946000 764.14 757.666 754.656 2276.46
948000 763.53 756.856 754.983 2275.37
950000 765.147 758.298 752.892 2276.34
952000 764.927 759.462 754.883 2279.27
954000 766.147 762.173 758.072 2286.39
956000 766.982 766.111 760.817 2293.91
958000 768.28 766.44 763.001 2297.72
960000 769.787 768.122 763.436 2301.34
962000 771.299 771.522 763.639 2306.46
964000 772.573 773.735 765.473 2311.78
966000 774.498 774.682 766.771 2315.95
968000 775.863 776.718 768.048 2320.63
970000 781.123 776.217 769.406 2326.75
972000 782.207 778.792 771.479 2332.48
974000 783.354 777.491 773.214 2334.06
976000 786.284 777.652 772.952 2336.89
978000 787.109 778.247 772.746 2338.1
980000 791.033 779.753 774.203 2344.99
982000 795.046 780.369 774.949 2350.36
984000 798.555 785.322 778.18 2362.06
986000 800.112 786.914 778.885 2365.91
988000 802.099 787.724 778.918 2368.74
990000 803.603 789.824 778.883 2372.31
992000 806.296 798.95 780.795 2386.04
994000 809.072 801.932 782.536 2393.54
996000 810.087 802.748 783.744 2396.58
998000 810.147 807.213 785.471 2402.83
1000000 810.057 807.461 788.083 2405.6
1002000 810.819 808.491 791.041 2410.35
1004000 814.414 808.345 791.812 2414.57
1006000 817.444 811.69 792.187 2421.32
1008000 818.844 810.551 796.032 2425.43
1010000 821.523 813.218 795.762 2430.5
1012000 821.202 812.234 796.848 2430.28
1014000 823.979 812.108 797.775 2433.86
1016000 825.225 813.087 798.709 2437.02
1018000 827.798 813.642 797.849 2439.29
1020000 829.775 818.071 800.546 2448.39
1022000 832.864 820.973 801.278 2455.12
1024000 835.867 822.681 801.073 2459.62
1026000 837.864 823.634 802.9 2464.4
1028000 840.092 826.159 805.181 2471.43
1030000 843.02 827.802 809.555 2480.38
1032000 843.94 826.884 814.28 2485.1
1034000 850.647 827.726 814.328 2492.7
1036000 850.783 827.542 813.92 2492.24
1038000 853.076 830.061 815.328 2498.47
1040000 855.312 825.913 816.804 2498.03
1042000 858.62 826.773 820.969 2506.36
1044000 860.843 828.654 821.72 2511.22
1046000 862.122 830.005 821.595 2513.72
1048000 864.361 832.309 824.585 2521.26
1050000 867.351 831.418 826.121 2524.89
1052000 868.945 834.066 826.718 2529.73
1054000 869.792 833.1 827.108 2530
1056000 873.554 836.518 829.726 2539.8
1058000 874.773 838.535 829.537 2542.85
1060000 874.101 837.526 833.686 2545.31
1062000 877.553 838.785 836.248 2552.59
1064000 880.299 839.38 836.431 2556.11
1066000 879.184 840.516 839.726 2559.43
1068000 880.827 842.677 842.353 2565.86
1070000 884.592 844.615 842.217 2571.42
1072000 885.4 842.874 844.159 2572.43
1074000 887.509 841.228 846.831 2575.57
1076000 888.673 841.2 846.547 2576.42
1078000 890.571 841.075 849.477 2581.12
1080000 891.887 842.298 847.511 2581.7
1082000 896.504 839.968 849.661 2586.13
1084000 897.882 841.089 851.755 2590.73
1086000 901.274 843.71 854.536 2599.52
1088000 900.489 842.276 858.212 2600.98
1090000 902.915 842.701 858.77 2604.39
1092000 904.639 848.818 858.028 2611.49
1094000 904.45 847.459 859.731 2611.64
1096000 905.522 849.266 863.394 2618.18
1098000 907.437 849.211 867.212 2623.86
1100000 909.08 850.386 868.851 2628.32
1102000 911.842 849.652 868.534 2630.03
1104000 915.708 852.078 867.744 2635.53
1106000 914.267 854.652 871.378 2640.3
1108000 916.347 854.711 871.463 2642.52
1110000 919.346 856.398 872.948 2648.69
1112000 923.885 855.967 874.964 2654.82
1114000 925.57 856.899 874.416 2656.89
1116000 928.083 860.572 878.357 2667.01
1118000 929.04 858.244 876.571 2663.86
1120000 930.923 858.316 876.996 2666.23
1122000 930.418 859.617 881.125 2671.16
1124000 933.267 861.797 885.073 2680.14
1126000 936.185 864.093 887.14 2687.42
1128000 939.434 865.554 891.551 2696.54
1130000 939.798 867.11 892.603 2699.51
1132000 942.641 869.448 894.262 2706.35
1134000 939.283 871.55 895.652 2706.48
1136000 941.328 873.801 896.124 2711.25
1138000 943.521 875.183 896.917 2715.62
1140000 946.695 873.712 900.134 2720.54
1142000 947.901 875.868 898.44 2722.21
1144000 950.477 877.32 900.394 2728.19
1146000 952.036 878.635 899.282 2729.95
1148000 957.017 881.101 903.947 2742.06
1150000 955.828 879.261 905.114 2740.2
1152000 958.684 879.967 907.198 2745.85
1154000 957.831 883.904 907.979 2749.71
1156000 958.549 884.747 908.134 2751.43
1158000 958.243 887.617 912.439 2758.3
1160000 961.407 887.644 911.856 2760.91
1162000 957.864 890.815 912.762 2761.44
1164000 957.849 891.714 913.434 2763
1166000 958.068 889.242 914.089 2761.4
1168000 961.696 889.93 917.709 2769.33
1170000 963.385 892.996 917.507 2773.89
1172000 962.974 897.114 918.143 2778.23
1174000 968.224 898.703 920.589 2787.52
1176000 967.956 901.545 921.742 2791.24
1178000 974.928 902.958 923.485 2801.37
1180000 977.334 903.843 921.037 2802.21
1182000 982.327 905.665 921.472 2809.46
1184000 985.185 904.063 922.522 2811.77
1186000 987.027 903.627 924.902 2815.56
1188000 986.095 903.298 924.766 2814.16
1190000 987.465 903.894 926.99 2818.35
1192000 988.428 905.697 931.002 2825.13
1194000 994.37 907.031 929.96 2831.36
1196000 995.037 907.94 928.279 2831.26
1198000 998.069 910.889 927.831 2836.79
1200000 998.589 911.303 930.141 2840.03
1202000 1000.27 913.442 930.032 2843.75
1204000 1003.09 916.564 936.555 2856.21
1206000 1002.67 918.996 939.437 2861.11
1208000 1005.17 917.988 939.307 2862.46
1210000 1003.84 922.39 939.334 2865.57
1212000 1007.42 924.235 939.819 2871.48
1214000 1009.55 926.861 939.652 2876.06
1216000 1015.46 928.342 940.666 2884.47
1218000 1017.31 929.086 937.764 2884.16
1220000 1015.63 928.886 939.055 2883.57
1222000 1013.57 929.068 941.311 2883.95
1224000 1014.38 928.68 942.8 2885.86
1226000 1015.45 927.103 944.717 2887.27
1228000 1017.12 928.4 947.624 2893.14
1230000 1018.05 927.455 952.374 2897.88
1232000 1017.56 928.255 953.335 2899.15
1234000 1019.31 933.286 952.644 2905.24
1236000 1023.63 933.778 954.751 2912.16
1238000 1024.66 938.209 956.539 2919.41
1240000 1026.32 939.694 960.425 2926.44
1242000 1029.3 942.021 958.499 2929.82
1244000 1033.74 944.037 955.41 2933.19
1246000 1037.05 944.549 952.356 2933.95
1248000 1037.01 945.366 950.398 2932.78
1250000 1038.32 941.704 955.202 2935.22
1252000 1038.62 944.682 960.401 2943.7
1254000 1039.43 947.947 962.931 2950.31
1256000 1046.35 948.732 966.357 2961.44
1258000 1048.48 951.152 968.485 2968.11
1260000 1050.11 952.219 973.119 2975.44
1262000 1052.31 955.537 975.969 2983.82
1264000 1053.23 957.631 977.951 2988.81
1266000 1054.27 959.332 978.609 2992.21
1268000 1051.87 960.975 980.406 2993.25
1270000 1057.38 962.7 984.147 3004.23
1272000 1059.53 967.919 984.834 3012.28
1274000 1059.67 967.577 988.481 3015.73
1276000 1059.65 968.827 989.884 3018.36
1278000 1064.45 970.003 990.77 3025.23
1280000 1067.41 969.521 990.424 3027.35
1282000 1069.43 970.31 992.422 3032.16
1284000 1071.73 972.453 993.135 3037.32
1286000 1068.61 970.802 993.284 3032.69
1288000 1069.47 971.876 994.769 3036.11
1290000 1073.74 972.827 995.364 3041.93
1292000 1074.45 975.891 999.925 3050.26
1294000 1074.76 978.025 1003.27 3056.05
1296000 1076.35 981.56 1002.97 3060.88
1298000 1078.99 980.512 1004.84 3064.34
1300000 1078.16 981.227 1008.4 3067.79
1302000 1080.09 982.27 1007.3 3069.66
1304000 1080.38 985.723 1009.08 3075.18
1306000 1083.45 989.757 1011.18 3084.39
1308000 1085.34 988.695 1012.48 3086.51
1310000 1086.85 988.864 1012.06 3087.78
1312000 1087.15 991.846 1015.98 3094.98
1314000 1090.83 993.253 1018.48 3102.57
1316000 1091.51 996.543 1023.68 3111.73
1318000 1093.52 995.366 1024 3112.89
1320000 1094.89 996.657 1026.97 3118.52
1322000 1096.29 998.413 1032.56 3127.26
1324000 1097.34 999.93 1035.7 3132.97
1326000 1098.68 1002.86 1039.84 3141.37
1328000 1100.7 999.671 1041.11 3141.48
1330000 1103.41 1001.69 1039.53 3144.62
1332000 1104.43 1002 1044.83 3151.26
1334000 1106.08 1003.86 1042.9 3152.84
1336000 1111.06 1007.33 1043.12 3161.51
1338000 1113.2 1009.56 1046.73 3169.48
1340000 1116.05 1012.11 1048.48 3176.64
1342000 1118.04 1013.12 1048.53 3179.69
1344000 1120.15 1015 1048.66 3183.81
1346000 1117.85 1019.33 1048.66 3185.84
1348000 1120.38 1022.15 1049.63 3192.16
1350000 1123.46 1023.07 1048.71 3195.25
1352000 1124.47 1026.98 1049.7 3201.15
1354000 1124.58 1026.12 1052 3202.7
1356000 1124.19 1031.65 1051.18 3207.02
1358000 1124.98 1031.24 1049.6 3205.82
1360000 1124.95 1029.39 1052.48 3206.81
1362000 1126.08 1031.89 1053.82 3211.8
1364000 1127.41 1034.03 1055.95 3217.39
1366000 1130.94 1035.12 1054.94 3221
1368000 1135.26 1042.45 1056.38 3234.1
1370000 1135.01 1046.05 1059.09 3240.15
1372000 1137.83 1047.05 1060.71 3245.59
1374000 1138.94 1051.39 1063.81 3254.15
1376000 1142.4 1050.41 1066.93 3259.74
1378000 1141.04 1053.32 1067.28 3261.64
1380000 1143.89 1059.45 1066.36 3269.69
1382000 1147.11 1059.15 1067.73 3273.98
1384000 1148.28 1059.87 1068.89 3277.03
1386000 1151.77 1062.78 1068.76 3283.31
1388000 1154.62 1061.02 1071.47 3287.11
1390000 1157.56 1060.96 1073.24 3291.76
1392000 1158.64 1063.03 1075.11 3296.78
1394000 1162.4 1061.61 1075.29 3299.3
1396000 1161.28 1064.13 1074.17 3299.58
1398000 1159.02 1066.05 1076.2 3301.27
1400000 1160.73 1067.49 1077.56 3305.78
1402000 1164.65 1063.23 1080.96 3308.84
1404000 1166.06 1065.78 1081.82 3313.66
1406000 1166.54 1071.15 1084.56 3322.25
1408000 1167.02 1071.75 1086.36 3325.13
1410000 1163.62 1073.59 1085.86 3323.07
1412000 1165.81 1075.63 1087.97 3329.41
1414000 1168.48 1076.41 1091.19 3336.08
1416000 1169.68 1082.04 1093.5 3345.22
1418000 1173.93 1084.83 1093.82 3352.57
1420000 1176.58 1086.26 1097.67 3360.5
1422000 1178.45 1087.32 1103.1 3368.86
1424000 1178.6 1085.85 1104.77 3369.22
1426000 1179.6 1086.05 1107.83 3373.47
1428000 1181.76 1086.05 1107.81 3375.63
1430000 1180.45 1085.6 1107.92 3373.97
1432000 1182.52 1081.24 1109.69 3373.45
1434000 1185.59 1082.96 1112.75 3381.3
1436000 1185.49 1084.49 1115.62 3385.61
1438000 1187.07 1084.86 1122.96 3394.9
1440000 1187.41 1086.03 1125.21 3398.64
1442000 1187.3 1089.07 1127.47 3403.84
1444000 1187.14 1091.37 1129.4 3407.92
1446000 1186.78 1091.61 1129.41 3407.8
1448000 1186.98 1094.4 1132.7 3414.08
1450000 1188.24 1097.17 1132.78 3418.19
1452000 1188.7 1100.12 1132.28 3421.1
1454000 1192.77 1103.18 1133.09 3429.04
1456000 1193.92 1105.67 1134.56 3434.14
1458000 1193.26 1106.74 1137.56 3437.57
1460000 1193.94 1104.18 1136.21 3434.33
1462000 1192.64 1106.99 1139.91 3439.54
1464000 1194.47 1109.55 1140.12 3444.14
1466000 1195.3 1112.32 1140.66 3448.28
1468000 1197.82 1113.19 1140.18 3451.2
1470000 1200.38 1116.09 1145.53 3462
1472000 1205.17 1115.68 1149.09 3469.94
1474000 1205.92 1114.98 1149.28 3470.18
1476000 1208.67 1119.17 1148.14 3475.98
1478000 1210.44 1122.26 1153.81 3486.5
1480000 1209.16 1124.97 1154.17 3488.3
1482000 1208.44 1126.9 1156.14 3491.48
1484000 1213.33 1130.5 1158.29 3502.12
1486000 1214.34 1135.64 1159.24 3509.22
1488000 1214.86 1137.31 1161.94 3514.11
1490000 1216.33 1139.96 1164.2 3520.49
1492000 1217.47 1145.2 1165.35 3528.02
1494000 1218.67 1144.96 1169.1 3532.73
1496000 1219.95 1146.91 1167.08 3533.94
1498000 1219.69 1147.68 1169.89 3537.27
1500000 1220.81 1148.84 1169.12 3538.77
1502000 1223.31 1149.23 1170.19 3542.73
1504000 1224.08 1147.96 1171.62 3543.66
1506000 1222.79 1151.83 1176.78 3551.4
1508000 1227.68 1153.77 1181.09 3562.54
1510000 1230.64 1156.74 1184.36 3571.74
1512000 1232.34 1157.89 1184.17 3574.39
1514000 1231.59 1157.25 1189.77 3578.62
1516000 1234 1158.28 1188.49 3580.78
1518000 1233.51 1160.24 1188.5 3582.25
1520000 1233.88 1159.86 1190.57 3584.31
1522000 1234.96 1160.33 1191.31 3586.6
1524000 1239.78 1165.08 1192.92 3597.79
1526000 1244.39 1164.71 1196.15 3605.24
1528000 1243.57 1164.26 1198.16 3606
1530000 1243.51 1165.93 1202.68 3612.12
1532000 1244.89 1168.33 1202.83 3616.05
1534000 1246.16 1168.75 1204.62 3619.53
1536000 1246.33 1169.07 1206.79 3622.19
1538000 1245.84 1171.58 1210.31 3627.73
1540000 1243.19 1174.34 1212.6 3630.13
1542000 1243.72 1175.77 1213.84 3633.34
1544000 1242.83 1175.72 1218.38 3636.93
1546000 1243.76 1180.4 1221.05 3645.21
1548000 1242.83 1181.54 1223.17 3647.54
1550000 1243.85 1186.97 1224.38 3655.2
1552000 1245.61 1188.47 1226.01 3660.09
1554000 1248.43 1189.89 1228.28 3666.61
1556000 1246.3 1191.39 1228.44 3666.13
1558000 1249.21 1194.87 1225.47 3669.54
1560000 1251.38 1195.55 1231.07 3678
1562000 1255.5 1198.97 1231.1 3685.57
1564000 1255.26 1205.46 1233.42 3694.13
1566000 1258.8 1203.41 1234.05 3696.25
1568000 1261.85 1205.74 1235.02 3702.61
1570000 1266.05 1205.27 1238.85 3710.17
1572000 1263.79 1204.74 1239.51 3708.04
1574000 1264.29 1207.83 1239.42 3711.55
1576000 1264.69 1212.88 1241.16 3718.73
1578000 1262.08 1213.05 1243.46 3718.59
1580000 1261.67 1214.44 1242.76 3718.88
1582000 1259.89 1218.06 1245.5 3723.45
1584000 1258.44 1218.41 1246.89 3723.74
1586000 1259.08 1222.2 1251.34 3732.62
1588000 1261.3 1227.36 1251.34 3739.99
1590000 1265.6 1231.09 1250.62 3747.31
1592000 1267.12 1234.78 1254.36 3756.27
1594000 1269.49 1234.51 1260.43 3764.42
1596000 1266.82 1235.17 1258.22 3760.21
1598000 1268.85 1236.46 1260.06 3765.37
1600000 1273.69 1238.32 1258.58 3770.59
1602000 1273.11 1242.86 1257.87 3773.83
1604000 1272.79 1248.88 1259.41 3781.08
1606000 1272.25 1245.97 1261.3 3779.52
1608000 1275.13 1247.14 1262.65 3784.92
1610000 1277.15 1246.47 1264.44 3788.07
1612000 1276.03 1246.12 1262.14 3784.29
1614000 1275.27 1251.32 1261.01 3787.6
1616000 1275.91 1251.62 1265.76 3793.29
1618000 1276.16 1254.14 1266.67 3796.97
1620000 1274.21 1256.22 1268.1 3798.53
1622000 1280.25 1256.29 1271.79 3808.33
1624000 1283.56 1260.7 1270.8 3815.06
1626000 1284.47 1260.77 1274.04 3819.29
1628000 1286.36 1260.37 1278.19 3824.92
1630000 1289.24 1264.19 1279.71 3833.14
1632000 1290.12 1266.93 1273.94 3830.99
1634000 1287.94 1264.1 1278.13 3830.16
1636000 1287.87 1266.9 1280.12 3834.89
1638000 1286.63 1268.45 1284.61 3839.7
1640000 1288.16 1272.53 1284.57 3845.26
1642000 1289.5 1276.42 1286.29 3852.21
1644000 1291.02 1278.04 1289.71 3858.78
1646000 1292.93 1279.95 1287.25 3860.14
1648000 1298.55 1278.22 1288.5 3865.27
1650000 1298.8 1276.22 1287.99 3863.01
1652000 1300.66 1280.15 1290.93 3871.74
1654000 1304.22 1283.44 1293.5 3881.15
1656000 1308.66 1283.38 1295.47 3887.51
1658000 1310.29 1287.44 1299.06 3896.78
1660000 1313.14 1290.58 1300.11 3903.83
1662000 1315.75 1292.64 1305.45 3913.84
1664000 1314.41 1299.47 1303.97 3917.85
1666000 1317.77 1299.79 1305.36 3922.92
1668000 1317.36 1300.47 1310.12 3927.95
1670000 1316.61 1297.51 1311.13 3925.24
1672000 1317.2 1294.89 1313.13 3925.22
1674000 1315.98 1297.12 1314.02 3927.12
1676000 1317.75 1299.02 1317.36 3934.13
1678000 1318.22 1300.6 1320.17 3938.99
1680000 1313.84 1301.85 1323.37 3939.07
1682000 1313.34 1307.32 1325.36 3946.03
1684000 1318.47 1313.87 1328.01 3960.34
1686000 1319.75 1314.84 1330.56 3965.15
1688000 1323.37 1316.69 1334.51 3974.57
1690000 1326.94 1318.8 1336.96 3982.7
1692000 1328.46 1322.6 1337.83 3988.89
1694000 1332.31 1322.7 1340.13 3995.14
1696000 1337.29 1325.48 1340.85 4003.63
1698000 1339.8 1324.09 1341.7 4005.59
1700000 1340.42 1323.47 1339.64 4003.52
1702000 1343.78 1325.4 1341.91 4011.08
1704000 1346.97 1327.39 1342.49 4016.85
1706000 1353.52 1326.28 1343.62 4023.42
1708000 1357.46 1325.59 1346.13 4029.18
1710000 1358.22 1324.06 1349.77 4032.05
1712000 1360.35 1325.51 1350.84 4036.71
1714000 1364.57 1323.12 1349.98 4037.68
1716000 1367.49 1328.73 1350.8 4047.02
1718000 1367.02 1333.37 1351.57 4051.95
1720000 1371.85 1333.27 1351.45 4056.56
1722000 1373.16 1334.28 1353.61 4061.05
1724000 1376.88 1337.26 1355.79 4069.93
1726000 1375.8 1341.93 1358.07 4075.81
1728000 1374.31 1337.47 1362.49 4074.27
1730000 1374.35 1337.77 1363.7 4075.82
1732000 1378.59 1337.16 1364.88 4080.63
1734000 1380.3 1337.7 1366.56 4084.56
1736000 1380.78 1339.24 1368.91 4088.93
1738000 1380.36 1342.37 1375.51 4098.23
1740000 1382.98 1346.66 1376.99 4106.62
1742000 1383.59 1347.51 1375.9 4107
1744000 1383.8 1348.92 1378.24 4110.97
1746000 1382.98 1349.95 1377.21 4110.14
1748000 1385.18 1354.4 1382.31 4121.9
1750000 1385.87 1355.77 1380.67 4122.31
1752000 1387.31 1359.06 1383.75 4130.12
1754000 1391.82 1361.52 1384.01 4137.35
1756000 1393.57 1366.64 1383.74 4143.94
1758000 1394.42 1366.73 1384.83 4145.98
1760000 1396.98 1369.34 1389.48 4155.8
1762000 1398.87 1367.21 1390.5 4156.57
1764000 1400.15 1366.16 1390.94 4157.24
1766000 1402.58 1368.62 1391.06 4162.25
1768000 1406.19 1370.19 1395.37 4171.75
1770000 1407.85 1369.78 1393.66 4171.3
1772000 1414.54 1372.83 1397.47 4184.83
1774000 1413.49 1378.32 1398.65 4190.46
1776000 1416.85 1380.37 1396.64 4193.86
1778000 1422.09 1380.88 1396.99 4199.96
1780000 1424.89 1384.16 1394.65 4203.71
1782000 1425.71 1382.89 1396.96 4205.57
1784000 1432.07 1384.59 1397.6 4214.26
1786000 1430.61 1381.56 1405.16 4217.33
1788000 1435.67 1384.46 1404.66 4224.79
1790000 1438.94 1387.12 1411.4 4237.47
1792000 1438.72 1383.32 1410.08 4232.12
1794000 1441.34 1384.74 1411.14 4237.23
1796000 1439.34 1387.2 1417.25 4243.79
1798000 1440.89 1386.81 1420.95 4248.65
1800000 1441.42 1385.24 1423.21 4249.86
1802000 1442.72 1386.1 1425.77 4254.59
1804000 1443.51 1388.97 1425.31 4257.79
1806000 1444.15 1390.03 1426.02 4260.2
1808000 1443.1 1393.16 1428.27 4264.54
1810000 1446.34 1394 1429.87 4270.2
1812000 1452.36 1394.56 1434.37 4281.29
1814000 1453.73 1393.35 1436.35 4283.43
1816000 1453.94 1393.73 1437.6 4285.26
1818000 1455.83 1391.12 1438.8 4285.76
1820000 1460.28 1396.4 1441.27 4297.95
1822000 1459.92 1396.1 1443.5 4299.52
1824000 1466.15 1398.21 1443.67 4308.04
1826000 1467.8 1400.79 1447.63 4316.22
1828000 1470.26 1398.7 1446.49 4315.46
1830000 1470.26 1399.91 1450.07 4320.25
1832000 1471.68 1399.72 1453.63 4325.03
1834000 1473.72 1405.06 1454.73 4333.51
1836000 1477.89 1410.47 1457.73 4346.09
1838000 1477.98 1410.8 1458.09 4346.88
1840000 1481.5 1416.66 1456.73 4354.88
1842000 1484.44 1416.99 1454.43 4355.85
1844000 1490.28 1417.03 1457.3 4364.61
1846000 1494.99 1419.12 1457.07 4371.19
1848000 1498.79 1416.23 1453.33 4368.35
1850000 1499.91 1416.34 1457.69 4373.94
1852000 1500.79 1420.8 1456.78 4378.37
1854000 1499.38 1422.48 1453.04 4374.91
1856000 1501.67 1426.36 1452.46 4380.49
1858000 1505.09 1428.42 1456.2 4389.71
1860000 1506.11 1434.89 1460.15 4401.15
1862000 1511.29 1437.51 1461.36 4410.16
1864000 1511.56 1437.72 1462.42 4411.7
1866000 1513.55 1435.58 1463.44 4412.57
1868000 1512.24 1437.69 1465.95 4415.87
1870000 1512.93 1437.83 1468.4 4419.16
1872000 1510.14 1436.09 1466.89 4413.12
1874000 1512.41 1439.17 1467.19 4418.76
1876000 1514.61 1439.35 1466.07 4420.04
1878000 1520.11 1446.03 1468.1 4434.24
1880000 1521.78 1447.85 1467.79 4437.41
1882000 1521.85 1452.11 1471.35 4445.31
1884000 1523.95 1454.1 1472.56 4450.61
1886000 1528.21 1454.66 1470.29 4453.16
1888000 1529.31 1455.39 1469.31 4454.01
1890000 1529.75 1456.19 1470.01 4455.95
1892000 1529.35 1458.59 1472.16 4460.1
1894000 1527.2 1464.23 1473.83 4465.26
1896000 1526.24 1465.94 1475.24 4467.41
1898000 1527.03 1469.34 1477.3 4473.67
1900000 1527.34 1470.32 1470.27 4467.94
1902000 1531.27 1473.31 1472.11 4476.69
1904000 1533.5 1471.8 1477.53 4482.83
1906000 1541.11 1473.98 1476.86 4491.95
1908000 1542.65 1474.79 1480.81 4498.26
1910000 1542.69 1482.13 1482.38 4507.2
1912000 1543.92 1483.31 1479.78 4507.01
1914000 1543.25 1481.83 1480.33 4505.42
1916000 1549.63 1480.93 1478.72 4509.28
1918000 1552.81 1481.05 1480.04 4513.91
1920000 1549.77 1483.8 1480.1 4513.67
1922000 1554.47 1488.43 1478.7 4521.6
1924000 1560.17 1489.89 1485.87 4535.93
1926000 1565.15 1490.48 1487.48 4543.11
1928000 1566.56 1496.03 1490.84 4553.43
1930000 1564.82 1501.48 1486.92 4553.23
1932000 1566.7 1501.93 1486.1 4554.73
1934000 1574.26 1506.81 1486.4 4567.47
1936000 1572.35 1507.62 1490.8 4570.77
1938000 1575.59 1511.97 1490.44 4578
1940000 1578.46 1514 1484.75 4577.21
1942000 1585.02 1513.44 1492.58 4591.03
1944000 1587.43 1517.75 1491.16 4596.35
1946000 1588.82 1520.26 1491.05 4600.13
1948000 1591.66 1523.62 1490.88 4606.16
1950000 1593.26 1525.92 1493.63 4612.82
1952000 1595.08 1529.22 1492.74 4617.04
1954000 1594.9 1529.96 1493.7 4618.57
1956000 1598.27 1527.78 1490.7 4616.75
1958000 1598.12 1528.5 1490.98 4617.6
1960000 1598.98 1530.02 1489.43 4618.43
1962000 1594.58 1535.21 1486.63 4616.43
1964000 1593.34 1535.65 1488.84 4617.83
1966000 1591.17 1541.23 1489.03 4621.42
1968000 1592.5 1540.79 1491.52 4624.81
1970000 1593.82 1540.15 1491.66 4625.64
1972000 1596.79 1540.75 1493.28 4630.82
1974000 1599.87 1540.82 1493.64 4634.33
1976000 1603.08 1538.73 1496.04 4637.85
1978000 1603.18 1539.32 1498.93 4641.44
1980000 1606.24 1546.04 1501.39 4653.67
1982000 1612.13 1545.5 1503.95 4661.58
1984000 1609.7 1546.54 1504.21 4660.45
1986000 1612.5 1546.65 1509.32 4668.46
1988000 1614.85 1549.46 1507.51 4671.82
1990000 1610.96 1549.92 1507.18 4668.06
1992000 1610.73 1552.51 1508.62 4671.86
1994000 1612.87 1552.83 1509.74 4675.44
1996000 1612.5 1553.93 1513.65 4680.09
1998000 1613.96 1553.69 1520.28 4687.93
2000000 1617.41 1553.5 1522.45 4693.36
