# Time-averaged data for fix savemsd
# TimeStep c_msd[1] c_msd[2] c_msd[3] c_msd[4]
0 1.82607e-33 0 1.82607e-33 3.65213e-33
2000 2.30543 2.48781 2.43771 7.23094
4000 4.38034 4.7202 4.92553 14.0261
6000 7.4263 7.21451 7.39578 22.0366
8000 10.104 9.04128 9.72341 28.8687
10000 13.2054 11.5073 11.7168 36.4295
12000 15.7997 13.8704 15.2914 44.9615
14000 17.8919 17.0579 18.862 53.8117
16000 20.8049 19.5484 21.5387 61.892
18000 23.9728 22.0825 23.4323 69.4876
20000 25.833 24.2186 25.2636 75.3152
22000 29.0014 26.52 28.3706 83.892
24000 31.7321 29.2814 30.8515 91.8649
26000 34.2608 31.652 32.7975 98.7102
28000 36.192 34.2198 35.5774 105.989
30000 37.3302 35.9828 38.0183 111.331
32000 39.681 39.2786 40.7204 119.68
34000 42.0792 41.7935 42.6933 126.566
36000 44.0277 44.6938 44.3496 133.071
38000 45.9564 47.8966 45.6839 139.537
40000 48.9295 49.9123 48.4622 147.304
42000 51.6474 51.9206 49.9983 153.566
44000 54.8353 53.7813 52.7116 161.328
46000 56.7196 58.5627 56.0559 171.338
48000 59.5158 61.4511 58.4989 179.466
50000 62.0473 64.0472 60.7569 186.851
52000 64.8924 66.4416 62.6948 194.029
54000 67.3384 68.2541 65.4657 201.058
56000 70.7295 72.2117 68.8696 211.811
58000 72.7794 75.3269 71.6306 219.737
60000 74.5215 79.2689 73.6919 227.482
62000 75.6891 81.5224 75.7585 232.97
64000 78.0295 84.8458 78.5464 241.422
66000 81.9885 87.396 80.8786 250.263
68000 84.7894 89.754 83.3264 257.87
70000 87.7612 93.4908 85.6077 266.86
72000 89.1167 96.5048 87.5449 273.166
74000 91.9837 98.3931 89.4393 279.816
76000 95.2741 101.295 91.8052 288.374
78000 96.5798 103.466 95.6358 295.682
80000 100.101 106.582 97.9638 304.646
82000 102.597 109.984 99.7117 312.292
84000 104.767 112.141 103.119 320.027
86000 107.387 115.582 105.768 328.737
88000 108.94 117.1 108.575 334.616
90000 112.106 119.631 111.702 343.439
92000 117.113 123.879 113.902 354.894
94000 121.229 125.719 116.05 362.999
96000 124.743 127.472 120.456 372.67
98000 127.223 129.746 124.068 381.038
100000 129.092 130.385 125.899 385.376
102000 132.756 132.65 129.705 395.111
104000 134.941 136.291 132.887 404.119
106000 137.691 138.297 136.831 412.82
108000 140.882 141.129 138.314 420.325
110000 143.845 142.854 141.049 427.748
112000 147.065 144.884 143.46 435.409
114000 148.999 147.874 147.876 444.749
116000 149.933 150.242 150.296 450.471
118000 152.959 151.69 151.984 456.632
120000 155.608 154.179 154.049 463.836
122000 158.591 157.43 156.26 472.281
124000 160.425 159.149 160.196 479.769
126000 162.551 159.618 162.937 485.106
128000 163.58 162.139 164.521 490.241
130000 165.188 163.664 167.195 496.046
132000 166.897 166.004 168.033 500.934
134000 170.476 166.699 171.43 508.604
136000 172.846 169.243 174.844 516.933
138000 173.465 171.768 176.446 521.679
140000 176.254 173.598 180.771 530.623
142000 178.811 177.463 182.705 538.979
144000 180.691 180.295 185.112 546.098
146000 182.282 182.513 188.887 553.682
148000 182.958 184.85 190.49 558.297
150000 184.377 186.323 193.285 563.986
152000 188.075 187.594 196.287 571.956
154000 190.313 191.011 198.73 580.054
156000 192.297 193.391 199.3 584.987
158000 193.822 198.003 204.067 595.892
160000 197.984 200.353 207.245 605.583
162000 199.593 203.511 210.712 613.816
164000 202.251 204.692 214.891 621.834
166000 204.638 207.477 217.143 629.259
168000 205.58 210.76 219.618 635.957
170000 209.901 212.819 223.428 646.148
172000 211.508 215.723 224.226 651.457
174000 214.987 217.374 224.953 657.313
176000 218.89 219.791 227.978 666.659
178000 223.499 221.169 229.283 673.951
180000 225.976 223.227 230.664 679.866
182000 229.044 226.807 233.846 689.696
184000 230.394 228.164 237.007 695.566
186000 232.552 232.505 238.637 703.694
188000 237.128 232.564 240.712 710.404
190000 241.059 233.529 243.85 718.438
192000 244.227 235.03 246.127 725.384
194000 246.94 238.168 250.615 735.722
196000 248.784 241.711 252.418 742.913
198000 252.016 243.281 255.183 750.48
200000 254.394 245.482 256.816 756.692
202000 256.707 246.299 259.132 762.139
204000 259.935 248.083 262.546 770.564
206000 261.484 250.349 264.644 776.477
208000 265.315 252.483 269.515 787.312
210000 269.601 256.011 273.197 798.809
212000 271.271 259.23 278.784 809.286
214000 276.066 261.653 279.314 817.033
216000 279.953 265.211 287.639 832.803
218000 285.093 267.187 288.254 840.534
220000 286.001 271.104 291.274 848.379
222000 288.35 272.894 293.395 854.639
224000 290.552 273.745 293.926 858.224
226000 291.558 281.506 295.15 868.214
228000 292.161 284.558 297.671 874.391
230000 294.823 287.386 301.343 883.552
232000 299.747 289.877 303.332 892.956
234000 300.496 292.909 307.29 900.695
236000 304.124 296.354 308.906 909.385
238000 307.926 300.523 310.831 919.28
240000 310.024 301.267 312.49 923.781
242000 312.061 302.726 315.748 930.535
244000 312.842 303.872 317.49 934.203
246000 316.904 307.434 319.765 944.102
248000 321.17 311.692 321.068 953.929
250000 325.457 314.645 323.517 963.619
252000 326.36 313.95 326.239 966.55
254000 327.173 315.775 328.201 971.149
256000 331.098 319.571 330.214 980.882
258000 333.673 323.275 333.155 990.103
260000 334.682 325.766 335.521 995.969
262000 335.18 327.816 338.713 1001.71
264000 337.848 330.808 342.674 1011.33
266000 342.95 334.683 348.674 1026.31
268000 344.848 336.941 351.867 1033.66
270000 346.349 342.805 356.674 1045.83
272000 348.522 346.783 365.365 1060.67
274000 348.417 347.001 367.281 1062.7
276000 353.476 347.273 370.009 1070.76
278000 355.817 350.389 371.901 1078.11
280000 358.809 352.187 374.143 1085.14
282000 361.478 354.399 378.465 1094.34
284000 361.55 357.007 379.893 1098.45
286000 365.08 357.781 381.583 1104.44
288000 367.091 357.184 383.804 1108.08
290000 371.85 360.933 384.253 1117.04
292000 376.517 364.075 389.251 1129.84
294000 379.692 366.643 392.531 1138.87
296000 379.187 367.883 393.882 1140.95
298000 383.141 370.586 396.014 1149.74
300000 385.033 374.937 398.172 1158.14
302000 387.93 375.822 402.185 1165.94
304000 388.475 378.834 403.927 1171.24
306000 391.795 383.31 403.265 1178.37
308000 396.175 386.918 404.387 1187.48
310000 400.049 389.768 405 1194.82
312000 404.48 392.722 406.091 1203.29
314000 404.67 396.287 406.306 1207.26
316000 406.452 400.337 405.667 1212.46
318000 410.16 402.969 409.035 1222.16
320000 414.624 405.782 412.224 1232.63
322000 417.893 408.547 412.225 1238.67
324000 420.714 413.04 415.844 1249.6
326000 423.127 415.025 421.228 1259.38
328000 427.011 416.397 422.181 1265.59
330000 429.788 416.563 425.017 1271.37
332000 433.044 417.767 427.099 1277.91
334000 436.448 418.796 430.181 1285.42
336000 436.783 421.567 430.73 1289.08
338000 439.228 425.304 430.061 1294.59
340000 441.366 429.711 430.132 1301.21
342000 445.437 435.965 432.383 1313.79
344000 446.523 438.344 435.225 1320.09
346000 449.958 438.218 438.255 1326.43
348000 454.159 440.267 441.448 1335.87
350000 457.808 443.117 443.107 1344.03
352000 459.749 445.743 443.073 1348.57
354000 461.421 448.821 443.849 1354.09
356000 462.871 451.442 447.323 1361.64
358000 467.237 455.865 448.951 1372.05
360000 471.312 458.595 450.328 1380.24
362000 474.49 460.995 454.437 1389.92
364000 476.62 462.114 458.608 1397.34
366000 478.642 463.129 459.066 1400.84
368000 481.351 466.617 461.91 1409.88
370000 483.719 469.041 464.217 1416.98
372000 484.439 468.375 465.272 1418.09
374000 488.192 472.161 469.975 1430.33
376000 491.488 475.713 473.931 1441.13
378000 493.974 477.579 476.314 1447.87
380000 496.524 481.533 479.109 1457.17
382000 498.102 484.183 481.906 1464.19
384000 498.959 486.697 482.29 1467.95
386000 497.576 489.978 487.298 1474.85
388000 499.88 491.823 493.054 1484.76
390000 504.481 494.612 498.603 1497.7
392000 506.708 496.422 502.132 1505.26
394000 511.435 498.113 504.139 1513.69
396000 510.266 497.937 505.079 1513.28
398000 516.502 503.182 507.093 1526.78
400000 518.817 505.748 510.093 1534.66
402000 522.334 509.891 511.035 1543.26
404000 522.329 511.427 518.362 1552.12
406000 526.664 514.605 521.474 1562.74
408000 530.065 514.968 523.208 1568.24
410000 529.206 517.437 522.915 1569.56
412000 531.807 517.963 521.914 1571.68
414000 533.928 520.056 525.158 1579.14
416000 536.724 522.53 532.881 1592.13
418000 539.625 525.176 538.879 1603.68
420000 540.905 527.134 541.751 1609.79
422000 544.497 527.054 544.794 1616.34
424000 546.824 528.837 544.535 1620.2
426000 548.004 529.195 546.266 1623.47
428000 549.2 531.953 551.492 1632.65
430000 552.804 538.566 554.217 1645.59
432000 554.425 542.019 556.058 1652.5
434000 554.194 543.886 559.479 1657.56
436000 557.499 548.864 562.58 1668.94
438000 559.163 550.278 563.378 1672.82
440000 563.259 552.041 567.099 1682.4
442000 565.676 554.173 569.041 1688.89
444000 566.506 556.655 574.182 1697.34
446000 566.053 562.886 576.594 1705.53
448000 568.567 564.88 578.312 1711.76
450000 571.794 566.483 582.285 1720.56
452000 575.272 566.156 587.104 1728.53
454000 576.472 565.115 589.882 1731.47
456000 575.646 565.349 595.29 1736.29
458000 576.062 565.993 599.185 1741.24
460000 578.723 568.587 602.587 1749.9
462000 582.522 571.513 605.117 1759.15
464000 588.876 573.062 606.528 1768.47
466000 591.65 578.06 611.642 1781.35
468000 591.125 581.216 615.559 1787.9
470000 595.541 585.017 619.29 1799.85
472000 595.364 586.679 624.946 1806.99
474000 594.919 588.009 626.493 1809.42
476000 599.189 588.712 627.152 1815.05
478000 601.77 587.629 629.821 1819.22
480000 603.713 589.95 630.509 1824.17
482000 603.081 593.129 634.349 1830.56
484000 608.445 597.716 636.235 1842.4
486000 611.192 599.695 639.836 1850.72
488000 613.68 602.695 640.201 1856.58
490000 617.295 605.644 641.321 1864.26
492000 620.998 606.852 644.817 1872.67
494000 624.001 607.574 647.351 1878.93
496000 627.716 610.237 647.603 1885.56
498000 628.445 610.265 650.311 1889.02
500000 632.255 612.923 653.774 1898.95
502000 635.391 612.836 654.684 1902.91
504000 634.746 613.77 657.803 1906.32
506000 634.902 615.266 660.073 1910.24
508000 638.227 615.699 663.2 1917.13
510000 642.772 620.862 667.218 1930.85
512000 649.359 625.286 673.148 1947.79
514000 651.459 630.899 671.897 1954.25
516000 654.598 632.518 673.651 1960.77
518000 658.135 633.906 674.875 1966.92
520000 661.866 633.53 674.601 1970
522000 663.073 635.107 676.58 1974.76
524000 667.934 636.912 679.441 1984.29
526000 667.364 637.324 678.728 1983.42
528000 668.893 640.405 678.176 1987.47
530000 670.081 642.115 680.828 1993.02
532000 673.054 641.376 686.139 2000.57
534000 673.486 640.814 688.924 2003.22
536000 676.255 646.579 690.015 2012.85
538000 678.355 651.031 691.893 2021.28
540000 681.402 654.502 693.499 2029.4
542000 683.192 656.033 695.839 2035.06
544000 688.893 657.844 695.295 2042.03
546000 694.749 660.01 697.798 2052.56
548000 698.649 662.263 699.375 2060.29
550000 698.067 663.196 704.435 2065.7
552000 698.723 662.685 705.674 2067.08
554000 701.214 665.36 708.19 2074.76
556000 703.166 669.395 708.729 2081.29
558000 707.603 670.666 710.194 2088.46
560000 708.555 675.608 709.485 2093.65
562000 710.241 681.419 712.1 2103.76
564000 711.889 683.127 714.456 2109.47
566000 716.489 684.45 716.694 2117.63
568000 719.937 686.98 721.265 2128.18
570000 722.649 690.728 726.792 2140.17
572000 725.204 693.252 731.839 2150.29
574000 727.426 694.877 736.51 2158.81
576000 732.079 695.866 734.914 2162.86
578000 733.01 697.424 739.149 2169.58
580000 736.454 701.163 743.059 2180.68
582000 742.528 700.28 747.679 2190.49
584000 747.329 699.699 750.625 2197.65
586000 747.49 701.374 752.644 2201.51
588000 748.93 702.308 755.334 2206.57
590000 751.924 706.881 755.511 2214.32
592000 752.691 712.527 757.782 2223
594000 755.441 713.883 761.891 2231.22
596000 756.257 717.367 760.725 2234.35
598000 762.095 719.244 761.035 2242.38
600000 761.848 723.256 764.71 2249.81
602000 763.864 730.02 765.598 2259.48
604000 765.899 731.784 772.258 2269.94
606000 766.517 735.87 773.265 2275.65
608000 771.29 739.498 772.506 2283.29
610000 775.086 737.461 776.948 2289.5
612000 784.179 738.977 780.026 2303.18
614000 790.555 741.601 783.079 2315.24
616000 788.597 746.05 784.736 2319.38
618000 791.01 746.886 782.968 2320.86
620000 792.9 746.863 788.616 2328.38
622000 794.241 749.891 793.668 2337.8
624000 798.842 752.816 795.692 2347.35
626000 802.691 757.297 799.04 2359.03
628000 806.91 759.493 800.104 2366.51
630000 811.437 759.547 805.697 2376.68
632000 815.939 759.686 808.499 2384.12
634000 814.939 766.45 809.55 2390.94
636000 815.913 765.328 810.901 2392.14
638000 818.453 766.217 816.514 2401.18
640000 818.277 773.092 820.442 2411.81
642000 819.568 771.939 825.246 2416.75
644000 823.366 773.097 828.774 2425.24
646000 829.854 775.959 831.986 2437.8
648000 833.609 779.894 828.453 2441.96
650000 835.935 780.886 831.683 2448.5
652000 840.679 784.837 833.607 2459.12
654000 843.953 785.496 834.033 2463.48
656000 849.648 788.425 838.383 2476.46
658000 850.117 794.051 836.828 2481
660000 852.591 798.268 838.76 2489.62
662000 858.942 800.23 836.995 2496.17
664000 858.778 799.561 845.739 2504.08
666000 862.385 802.883 847.383 2512.65
668000 864.985 807.439 846.404 2518.83
670000 869.109 806.242 846.077 2521.43
672000 869.235 809.327 851.696 2530.26
674000 879.85 811.668 854.908 2546.43
676000 884.329 816.648 858.915 2559.89
678000 883.038 819.136 860.708 2562.88
680000 881.745 821.207 862.817 2565.77
682000 886.23 828.182 863.884 2578.3
684000 890.6 830.493 868.892 2589.98
686000 892.593 830.894 868.947 2592.43
688000 892.388 836.676 870.833 2599.9
690000 896.409 841.505 872.598 2610.51
692000 900.687 843.591 874.175 2618.45
694000 900.785 845.681 876.667 2623.13
696000 903.959 845.889 877.571 2627.42
698000 906.723 845.532 882.468 2634.72
700000 909.192 850.617 884.088 2643.9
702000 912.691 851.576 886.35 2650.62
704000 919.025 852.795 890.01 2661.83
706000 922.724 853.15 890.265 2666.14
708000 925.378 852.928 894.602 2672.91
710000 929.184 856.156 897.307 2682.65
712000 931.388 860.272 901.254 2692.91
714000 932.789 859.007 902.737 2694.53
716000 936.422 857.628 907.173 2701.22
718000 937.502 860.932 908.871 2707.3
720000 936.274 864.915 909.353 2710.54
722000 942.495 866.894 914.8 2724.19
724000 946.532 869.056 920.395 2735.98
726000 949.274 874.791 917.089 2741.15
728000 955.025 880.305 919.752 2755.08
730000 960.551 880.536 922.158 2763.24
732000 960.557 883.313 925.581 2769.45
734000 963.213 881.574 927.13 2771.92
736000 962.643 882.498 928.271 2773.41
738000 964.203 888.126 929.862 2782.19
740000 968.938 894.485 927.254 2790.68
742000 972.712 898.852 931.207 2802.77
744000 976.497 898.841 935.364 2810.7
746000 980.026 904.952 934.422 2819.4
748000 982.504 906.125 938.27 2826.9
750000 985.168 911.631 943.101 2839.9
752000 987.605 917.705 945.578 2850.89
754000 992.232 918.473 943.285 2853.99
756000 997.623 923.044 947.736 2868.4
758000 1000.16 922.755 947.302 2870.22
760000 1003.51 925.082 948.091 2876.68
762000 1005.47 924.253 948.256 2877.98
764000 1008.44 926.716 949.471 2884.62
766000 1009.19 927.583 952.191 2888.96
768000 1013.98 927.576 958.539 2900.1
770000 1017.23 929.081 963.099 2909.41
772000 1017.71 929.551 964.585 2911.84
774000 1016.93 933.635 966.533 2917.1
776000 1020.85 935.887 964.807 2921.54
778000 1026.22 941.143 971.146 2938.51
780000 1029.97 942.009 974.922 2946.9
782000 1035.19 941.528 974.644 2951.36
784000 1040.69 939.206 975.865 2955.76
786000 1045.48 942.778 978.085 2966.34
788000 1048.33 941.117 980.117 2969.56
790000 1050.76 944.427 985.373 2980.56
792000 1057.82 946.158 987.177 2991.15
794000 1054.01 948.874 994.268 2997.16
796000 1053.53 947.446 995.543 2996.52
798000 1060.22 948.027 999.351 3007.6
800000 1062.45 952.017 1002.53 3017
802000 1068.52 953.684 1005.64 3027.85
804000 1070.09 956.978 1007.06 3034.12
806000 1070.47 960.304 1007.63 3038.4
808000 1071.64 962.296 1009.76 3043.7
810000 1075.64 965.901 1014.99 3056.54
812000 1075.75 966.949 1015.67 3058.37
814000 1077.32 968.642 1017.53 3063.49
816000 1080.53 971.393 1018.5 3070.42
818000 1083.96 978.463 1022.02 3084.45
820000 1088.04 982.165 1027.18 3097.38
822000 1092.45 979.426 1030.88 3102.75
824000 1089.52 981.677 1035.58 3106.78
826000 1092.85 985.654 1041.07 3119.58
828000 1094.91 989.618 1045.67 3130.2
830000 1100.26 990.823 1046.9 3137.98
832000 1106.12 993.022 1046.67 3145.81
834000 1107.03 993.311 1052.82 3153.16
836000 1113.48 993.931 1052.2 3159.61
838000 1109 997.155 1059.86 3166.01
840000 1108.34 998.058 1059.22 3165.62
842000 1116.59 997.725 1067.05 3181.37
844000 1117.96 998.041 1071.01 3187.02
846000 1115.85 1002.47 1077.63 3195.95
848000 1120.61 1002.08 1085.11 3207.79
850000 1120.73 1001.98 1088.05 3210.77
852000 1125.55 1002.94 1095.43 3223.92
854000 1128.83 1003.6 1098.48 3230.92
856000 1131.92 1002.38 1098.15 3232.45
858000 1134.23 1004.44 1102.7 3241.38
860000 1137.03 1008.86 1103.58 3249.47
862000 1142.65 1010.87 1108.69 3262.21
864000 1140.95 1009.5 1108.51 3258.96
866000 1144.54 1012.01 1114.43 3270.98
868000 1145.16 1014.61 1112.18 3271.95
870000 1143.75 1019.85 1116 3279.6
872000 1152.04 1022.72 1120.36 3295.13
874000 1153.45 1028.78 1124.96 3307.18
876000 1152.93 1031.45 1130.01 3314.38
878000 1155.37 1033.79 1129.63 3318.79
880000 1161.72 1039.6 1131.16 3332.48
882000 1161.15 1044.3 1133.23 3338.68
884000 1161.37 1043.42 1136.42 3341.2
886000 1165.13 1044.52 1137.08 3346.73
888000 1166.99 1048.18 1143.34 3358.51
890000 1167.67 1050.84 1148.33 3366.84
892000 1172.01 1053.07 1150.79 3375.88
894000 1172.76 1054.99 1145.77 3373.52
896000 1174.07 1058.69 1149.99 3382.76
898000 1170.52 1056.48 1152.74 3379.74
900000 1174.47 1059.71 1153.78 3387.96
902000 1175.86 1064.56 1158.82 3399.25
904000 1173.49 1064.07 1165.63 3403.2
906000 1170.92 1064.83 1164.44 3400.19
908000 1172 1067.69 1165.46 3405.15
910000 1175.82 1069.93 1168.65 3414.4
912000 1180.69 1071.52 1168.42 3420.63
914000 1182.96 1076.79 1171.03 3430.78
916000 1185.28 1086.28 1176.5 3448.06
918000 1186.91 1090.75 1180.36 3458.02
920000 1190.77 1089.81 1181.2 3461.78
922000 1195.5 1091.86 1182.4 3469.76
924000 1201.74 1092.09 1188.2 3482.03
926000 1202.12 1095.47 1188.65 3486.24
928000 1206.6 1098.33 1188.08 3493.02
930000 1211.06 1104 1190.86 3505.92
932000 1211.55 1107.09 1194.05 3512.69
934000 1214.25 1109.68 1197.66 3521.58
936000 1219.34 1108.14 1202.24 3529.72
938000 1225.17 1112.38 1200.87 3538.42
940000 1230.13 1111.31 1201.89 3543.33
942000 1232.85 1115.22 1200.71 3548.78
944000 1235.83 1119.63 1202.37 3557.83
946000 1240.77 1116.91 1205.83 3563.5
948000 1247.42 1121.01 1207.44 3575.87
950000 1246.04 1127.3 1213.2 3586.53
952000 1250.85 1124.18 1216.47 3591.5
954000 1253.16 1128.25 1219.9 3601.31
956000 1253.58 1131.75 1222.2 3607.53
958000 1257.6 1129.96 1225.87 3613.43
960000 1258.45 1133.54 1229.04 3621.03
962000 1261.81 1133.48 1234.65 3629.93
964000 1266.31 1135.68 1236.68 3638.68
966000 1266.43 1137.16 1237.85 3641.45
968000 1268.31 1138.37 1240.47 3647.14
970000 1273.68 1144.22 1243.15 3661.06
972000 1275.66 1146.66 1241.97 3664.29
974000 1283.38 1151.42 1243.59 3678.39
976000 1285 1155.35 1244.49 3684.84
978000 1282.62 1157.61 1245.95 3686.19
980000 1287.37 1162.58 1242.79 3692.73
982000 1289.51 1165.23 1242.81 3697.55
984000 1293.22 1169.52 1248.39 3711.13
986000 1292.4 1170.77 1249.98 3713.15
988000 1294.82 1167.22 1255.05 3717.09
990000 1293.86 1171.86 1255.92 3721.64
992000 1294.18 1176.38 1262.17 3732.72
994000 1296.31 1176.91 1265.12 3738.34
996000 1299.45 1181.62 1268.83 3749.9
998000 1298.92 1182.77 1271.14 3752.84
1000000 1296.7 1186.91 1273.65 3757.26
1002000 1306.15 1188.85 1275.52 3770.51
1004000 1306.64 1191.29 1278.73 3776.65
1006000 1308.67 1199.8 1282.89 3791.36
1008000 1311.17 1199.85 1287.08 3798.1
1010000 1311.78 1204.28 1283.49 3799.55
1012000 1312.8 1210.87 1288.49 3812.17
1014000 1313.23 1211.32 1289.5 3814.04
1016000 1314.94 1215.93 1294.23 3825.1
1018000 1317.69 1216.49 1295.17 3829.35
1020000 1319.23 1219 1293.1 3831.33
1022000 1321.3 1224.1 1293.11 3838.5
1024000 1322.51 1226.89 1296.96 3846.36
1026000 1326.18 1227.77 1302.21 3856.16
1028000 1325.02 1229 1303.93 3857.95
1030000 1328.19 1229.78 1306.94 3864.91
1032000 1326.56 1234.09 1304.67 3865.32
1034000 1326.24 1237.87 1304.5 3868.62
1036000 1332.87 1243.37 1305.12 3881.37
1038000 1334.88 1242.17 1311.04 3888.09
1040000 1334.8 1242.13 1314.03 3890.96
1042000 1337.89 1241.54 1315.85 3895.28
1044000 1340.56 1243.57 1314.91 3899.03
1046000 1342.34 1241.86 1319.08 3903.28
1048000 1346.1 1248.37 1323 3917.46
1050000 1349.85 1250.61 1327.95 3928.41
1052000 1351.67 1245.9 1329.27 3926.84
1054000 1354.26 1247.97 1329.05 3931.28
1056000 1358.66 1250.55 1336.61 3945.82
1058000 1358.81 1247.8 1342.44 3949.05
1060000 1364.78 1250.8 1347.65 3963.23
1062000 1363.37 1249.76 1346.27 3959.4
1064000 1368.21 1248.73 1345.63 3962.57
1066000 1373.04 1252.68 1343.93 3969.65
1068000 1373.52 1256.94 1345.51 3975.97
1070000 1372.25 1258.06 1345.04 3975.36
1072000 1372.1 1264.16 1346.41 3982.67
1074000 1375.22 1262.49 1343.82 3981.52
1076000 1377.88 1268.84 1351.07 3997.78
1078000 1379.38 1268.97 1351.62 3999.97
1080000 1381.28 1275.54 1355.17 4012
1082000 1382.55 1279.23 1361.57 4023.35
1084000 1380.2 1283.05 1363.72 4026.97
1086000 1382.73 1285.7 1366 4034.43
1088000 1386.24 1286.17 1370.77 4043.19
1090000 1383.02 1282.29 1376.1 4041.41
1092000 1386.49 1288.18 1381.72 4056.39
1094000 1391.02 1288.09 1388.85 4067.96
1096000 1392.49 1285.57 1393.49 4071.54
1098000 1390.86 1287.03 1405.38 4083.27
1100000 1393.35 1289.22 1403.26 4085.84
1102000 1399.43 1294.84 1403.9 4098.16
1104000 1397.19 1298.45 1405.36 4101
1106000 1400.7 1302.58 1410.87 4114.15
1108000 1403.63 1300.9 1409.76 4114.29
1110000 1404.54 1299.6 1411.52 4115.66
1112000 1403.69 1303.74 1411.53 4118.97
1114000 1403.96 1305.66 1411.97 4121.59
1116000 1406.97 1304.61 1412.32 4123.9
1118000 1408.79 1310.68 1413.22 4132.69
1120000 1413.35 1316.96 1419.37 4149.68
1122000 1418.73 1321.57 1417.3 4157.6
1124000 1421.75 1325.36 1419.7 4166.8
1126000 1428.71 1326.8 1416.86 4172.37
1128000 1435.14 1330.54 1413.92 4179.59
1130000 1439.69 1332.07 1414.17 4185.93
1132000 1442.32 1334.69 1414.83 4191.84
1134000 1444.08 1336.72 1417.59 4198.4
1136000 1448.8 1339.39 1419.44 4207.63
1138000 1451.84 1345.55 1424.31 4221.69
1140000 1452.14 1348.61 1428.42 4229.17
1142000 1451.31 1349.94 1433.5 4234.75
1144000 1452.64 1352.73 1438.98 4244.35
1146000 1458.49 1353.78 1442.32 4254.59
1148000 1461.86 1357.24 1443.68 4262.78
1150000 1463.23 1359.66 1448.04 4270.94
1152000 1468.64 1363.61 1453.12 4285.38
1154000 1469.34 1365.34 1453.43 4288.1
1156000 1472.42 1370.73 1459.49 4302.64
1158000 1468.54 1370.5 1461.51 4300.54
1160000 1469.5 1370.9 1462.77 4303.18
1162000 1473.14 1371.18 1463.71 4308.03
1164000 1475.99 1374.44 1467.14 4317.58
1166000 1478.47 1377.63 1472.87 4328.97
1168000 1480.41 1380.16 1478.36 4338.94
1170000 1486.67 1388.18 1478.25 4353.1
1172000 1489.25 1391.55 1478.2 4359
1174000 1492.46 1394.69 1482.19 4369.34
1176000 1495.61 1402.43 1486.1 4384.14
1178000 1505.41 1402.15 1485.68 4393.24
1180000 1510.84 1401.7 1489.59 4402.13
1182000 1512.72 1403.85 1494.25 4410.82
1184000 1518.61 1413.77 1493.38 4425.76
1186000 1520.3 1415.6 1492.8 4428.71
1188000 1524.47 1422.52 1498.15 4445.14
1190000 1531.48 1419.55 1503.88 4454.9
1192000 1532.74 1422.64 1508.64 4464.02
1194000 1537.59 1426.14 1509.84 4473.57
1196000 1534.88 1430.9 1513.66 4479.45
1198000 1536.09 1439.71 1517.54 4493.34
1200000 1536.26 1444.79 1517.07 4498.12
1202000 1543.97 1449.61 1518.38 4511.96
1204000 1544.73 1450.45 1521.79 4516.97
1206000 1540.05 1450.35 1523.41 4513.81
1208000 1535.65 1455.62 1524.4 4515.67
1210000 1543.78 1463.13 1528.61 4535.52
1212000 1545.42 1463.07 1535.27 4543.76
1214000 1547.85 1464.01 1540.71 4552.57
1216000 1549.4 1466.31 1544.37 4560.08
1218000 1550.81 1464.18 1550.15 4565.15
1220000 1554.75 1469.95 1555.43 4580.13
1222000 1555.07 1473.04 1556.86 4584.97
1224000 1554.1 1477.74 1563.36 4595.2
1226000 1552.03 1482.79 1567.11 4601.93
1228000 1559.39 1485.12 1568.14 4612.65
1230000 1565 1487.04 1567.08 4619.12
1232000 1562.22 1490.8 1569.34 4622.36
1234000 1569.64 1500.61 1571.7 4641.95
1236000 1569.76 1500.24 1577.04 4647.04
1238000 1578.49 1513.35 1582.59 4674.43
1240000 1583.03 1518.25 1581.53 4682.81
1242000 1591.46 1524.18 1584.72 4700.36
1244000 1592.08 1525.88 1586.94 4704.9
1246000 1593.42 1529.96 1590.98 4714.36
1248000 1595.41 1531.29 1594.6 4721.3
1250000 1595.77 1534.77 1597.35 4727.9
1252000 1599.43 1541.91 1601.29 4742.63
1254000 1601.26 1543.2 1607.67 4752.13
1256000 1600.66 1547.74 1606.27 4754.67
1258000 1603.91 1555.33 1605.66 4764.9
1260000 1604.7 1554.49 1608.96 4768.15
1262000 1601.86 1560.86 1609.65 4772.36
1264000 1597.32 1555.26 1613.44 4766.02
1266000 1594.84 1563.05 1616.87 4774.75
1268000 1599.51 1560.65 1618.3 4778.46
1270000 1603.29 1564.05 1621.66 4789.01
1272000 1607.78 1561.5 1621.77 4791.05
1274000 1610.18 1558.34 1628.8 4797.32
1276000 1614.9 1559.26 1633.37 4807.54
1278000 1618.94 1562.38 1640.63 4821.95
1280000 1616.79 1564.03 1645.54 4826.35
1282000 1616.75 1562.32 1650.24 4829.31
1284000 1620.48 1564.6 1650.62 4835.71
1286000 1622.26 1569.07 1651.68 4843.01
1288000 1623.56 1573.85 1655.06 4852.46
1290000 1625.2 1579.11 1658.19 4862.51
1292000 1629.39 1581.83 1659.65 4870.88
1294000 1632.02 1582.43 1659.6 4874.06
1296000 1632.69 1584.13 1658.5 4875.32
1298000 1642.14 1588.35 1660.79 4891.27
1300000 1641.99 1591.25 1658.45 4891.7
1302000 1645.01 1592.52 1654.87 4892.4
1304000 1644.92 1592.15 1647.68 4884.75
1306000 1646.72 1590.56 1649.31 4886.59
1308000 1646.53 1587.39 1652.51 4886.43
1310000 1647.8 1589.75 1658.98 4896.53
1312000 1652.48 1590.79 1664.55 4907.82
1314000 1658.29 1595.89 1665.27 4919.44
1316000 1659.71 1591.33 1668.3 4919.33
1318000 1665.82 1591.76 1673.58 4931.15
1320000 1665.42 1598.08 1675 4938.5
1322000 1664.87 1603.36 1669.21 4937.43
1324000 1667.38 1604.77 1668.57 4940.72
1326000 1673.51 1607.03 1670.82 4951.36
1328000 1681.22 1604.63 1671.91 4957.76
1330000 1677.75 1604.71 1674.58 4957.04
1332000 1681.15 1604.8 1675.23 4961.18
1334000 1685.28 1607.66 1675.35 4968.29
1336000 1683.7 1611.62 1674.78 4970.1
1338000 1684.93 1612.42 1675.17 4972.52
1340000 1689.36 1615.92 1679.14 4984.43
1342000 1688.4 1614.93 1683.3 4986.64
1344000 1691.05 1616.59 1686.17 4993.8
1346000 1690.36 1616.47 1693.49 5000.31
1348000 1691.91 1622.56 1693.26 5007.73
1350000 1691.79 1626.89 1699.42 5018.09
1352000 1690.97 1629.81 1703.75 5024.53
1354000 1695.12 1636.7 1707.92 5039.74
1356000 1697.36 1640.28 1712.24 5049.88
1358000 1699.01 1641.95 1708.38 5049.33
1360000 1708.93 1642.16 1711.35 5062.45
1362000 1707.49 1646.03 1714.24 5067.76
1364000 1707.54 1652.24 1716.98 5076.77
1366000 1707.43 1648.87 1721.66 5077.96
1368000 1710.92 1651.8 1730.94 5093.66
1370000 1712.71 1654.51 1730.46 5097.69
1372000 1713.36 1655.46 1731.49 5100.31
1374000 1714.36 1657.59 1729.6 5101.55
1376000 1719.36 1661.67 1731.8 5112.83
1378000 1724.56 1667.3 1733.68 5125.55
1380000 1723.61 1672.92 1733.41 5129.95
1382000 1730.18 1674.29 1734.22 5138.7
1384000 1738.85 1677.18 1731.27 5147.29
1386000 1742.37 1687.82 1729.74 5159.93
1388000 1744.64 1691.7 1733.19 5169.54
1390000 1750.29 1699.33 1740.69 5190.31
1392000 1749.82 1699.58 1742.79 5192.19
1394000 1754.14 1701.59 1747.1 5202.82
1396000 1759.4 1705.21 1747.32 5211.93
1398000 1757.55 1705.19 1748.19 5210.93
1400000 1756.09 1701.48 1747.67 5205.25
1402000 1759.37 1712.48 1750.1 5221.96
1404000 1761.68 1712.88 1746.66 5221.21
1406000 1765.7 1717.66 1744.41 5227.77
1408000 1772.64 1723.7 1744.92 5241.26
1410000 1768.68 1728.54 1751 5248.22
1412000 1775.53 1727.17 1752.76 5255.47
1414000 1780.24 1723.36 1757.08 5260.68
1416000 1783.19 1729.9 1761.66 5274.74
1418000 1786.42 1735.91 1762.51 5284.83
1420000 1790.27 1740.45 1765.54 5296.26
1422000 1789.52 1738.04 1769.93 5297.49
1424000 1792.1 1741.28 1773.93 5307.31
1426000 1797.05 1744.65 1773.6 5315.3
1428000 1801.23 1746.21 1774.72 5322.16
1430000 1799.87 1749.11 1778.49 5327.48
1432000 1801.98 1752.11 1785.35 5339.44
1434000 1805.51 1749.54 1783.6 5338.66
1436000 1809.08 1748.13 1785.96 5343.17
1438000 1811.83 1746.88 1782.76 5341.47
1440000 1812.72 1747.27 1791.27 5351.26
1442000 1816.72 1754.13 1793.48 5364.33
1444000 1824.53 1753.52 1797.24 5375.29
1446000 1824.68 1759.76 1799.41 5383.85
1448000 1824.52 1763.54 1803.31 5391.36
1450000 1827.91 1769.64 1804.73 5402.28
1452000 1830.97 1772.08 1812.36 5415.41
1454000 1835.53 1783.94 1814.23 5433.7
1456000 1840.45 1787.62 1819.91 5447.98
1458000 1846.1 1792.84 1820.89 5459.83
1460000 1848.92 1792.15 1826.15 5467.21
1462000 1852.53 1795.81 1830.11 5478.46
1464000 1849.52 1794.03 1830.05 5473.6
1466000 1850.69 1794.98 1832.15 5477.81
1468000 1847.78 1790.48 1834.86 5473.12
1470000 1851.17 1789.47 1835.17 5475.8
1472000 1856.64 1790.46 1839.55 5486.64
1474000 1856.86 1791.9 1838.9 5487.66
1476000 1866.13 1790.37 1842 5498.49
1478000 1869.3 1795.9 1839.83 5505.03
1480000 1872.16 1793.49 1841.57 5507.22
1482000 1878.74 1797.61 1840.68 5517.04
1484000 1886.55 1803.6 1846.23 5536.38
1486000 1887.98 1808.18 1847.22 5543.38
1488000 1893.24 1810.02 1853.27 5556.52
1490000 1898.93 1805.54 1855.24 5559.72
1492000 1897.25 1810.8 1857.89 5565.94
1494000 1900.41 1815.18 1861.41 5577.01
1496000 1900.19 1812.53 1862.01 5574.73
1498000 1903.45 1816.68 1865.1 5585.23
1500000 1902.41 1821.37 1869.02 5592.79
1502000 1905.21 1821.3 1868.95 5595.47
1504000 1916.69 1824.26 1867.58 5608.53
1506000 1920.95 1827.3 1875.84 5624.09
1508000 1924.98 1828.99 1878.53 5632.49
1510000 1923.85 1835.12 1882.08 5641.05
1512000 1929.39 1841.64 1891.77 5662.8
1514000 1927.59 1844.6 1894.25 5666.44
1516000 1926.94 1849.35 1892.98 5669.27
1518000 1923.69 1852.62 1889.32 5665.64
1520000 1929.91 1854.49 1894.21 5678.62
1522000 1937.52 1859.18 1896.65 5693.35
1524000 1938.83 1862.77 1895.38 5696.97
1526000 1940.97 1866.53 1901.29 5708.8
1528000 1944.49 1873.76 1897.03 5715.28
1530000 1948.42 1871.59 1902.34 5722.35
1532000 1955.83 1879.01 1906.31 5741.15
1534000 1955.81 1875.57 1908.94 5740.32
1536000 1956.53 1879.44 1912.01 5747.97
1538000 1963.83 1880.95 1917.57 5762.34
1540000 1968.11 1884.18 1924.59 5776.88
1542000 1969.42 1889.89 1929.48 5788.79
1544000 1968.88 1892.7 1930.45 5792.03
1546000 1971.71 1901.32 1926.78 5799.81
1548000 1976.65 1907.26 1931 5814.91
1550000 1974.25 1912.17 1930.5 5816.92
1552000 1973.31 1912.97 1931.55 5817.84
1554000 1975.69 1913.86 1937.61 5827.17
1556000 1979.54 1918.08 1939.5 5837.12
1558000 1981.96 1918.67 1936.76 5837.4
1560000 1979.47 1925.3 1940.34 5845.11
1562000 1982.23 1928 1942.06 5852.29
1564000 1986.7 1927.6 1941.14 5855.44
1566000 1993.82 1935.55 1940.25 5869.62
1568000 1996.51 1938.21 1946.54 5881.27
1570000 1999.22 1942.76 1955.2 5897.18
1572000 2005.55 1945.31 1956.21 5907.07
1574000 2008.23 1950.76 1961.74 5920.74
1576000 2012.3 1954.6 1963.77 5930.67
1578000 2015.69 1957.53 1968.11 5941.33
1580000 2019.21 1962.83 1969.2 5951.25
1582000 2021.32 1961.65 1972.7 5955.67
1584000 2030.64 1965.85 1982.34 5978.83
1586000 2037.51 1974.87 1983.31 5995.68
1588000 2041.89 1972.21 1984.29 5998.39
1590000 2048.62 1974.62 1985.28 6008.53
1592000 2051.07 1978.52 1993.94 6023.53
1594000 2056.53 1981.04 1994.86 6032.44
1596000 2060.32 1985.4 1993.73 6039.45
1598000 2062.57 1987.05 1996.67 6046.29
1600000 2067.01 1987.4 1998.49 6052.89
1602000 2071.84 1990.44 2002.69 6064.98
1604000 2076.8 1985.16 1999.9 6061.87
1606000 2080.22 1988.63 1997.28 6066.13
1608000 2082.5 1990.74 2004.1 6077.34
1610000 2084.16 1994.27 2009.78 6088.22
1612000 2084.39 1995.54 2011.12 6091.05
1614000 2079.38 1999.37 2014.79 6093.53
1616000 2083.62 2003.19 2020.03 6106.85
1618000 2089.51 2007.08 2024.29 6120.88
1620000 2097.46 2008.45 2015.86 6121.77
1622000 2102.69 2007.61 2020.03 6130.33
1624000 2104.28 2011.45 2024.63 6140.35
1626000 2093.64 2018.81 2027.59 6140.04
1628000 2095.83 2018.21 2030.72 6144.77
1630000 2096.68 2019.7 2030.83 6147.21
1632000 2096.94 2024.37 2036.33 6157.64
1634000 2099.34 2031.88 2039.6 6170.82
1636000 2102.12 2035.44 2040.05 6177.61
1638000 2103.34 2037.8 2048.5 6189.64
1640000 2107.56 2045.73 2051.16 6204.45
1642000 2106.71 2047.14 2052.89 6206.75
1644000 2109.17 2048.32 2053.15 6210.64
1646000 2113.87 2056.58 2054.82 6225.27
1648000 2119.07 2058.45 2056.79 6234.31
1650000 2122.33 2063.62 2061.29 6247.23
1652000 2126.45 2065.55 2068.72 6260.72
1654000 2121.71 2065.67 2077.09 6264.47
1656000 2122.92 2068.05 2079.61 6270.57
1658000 2126.58 2069.02 2082 6277.61
1660000 2131.06 2065.79 2084.05 6280.9
1662000 2130.27 2062.75 2087.04 6280.06
1664000 2128.52 2064.66 2096.54 6289.71
1666000 2128.43 2075.77 2100.5 6304.7
1668000 2127.04 2075.68 2100.92 6303.64
1670000 2135.11 2072.62 2104.02 6311.76
1672000 2134.6 2079.01 2106.93 6320.54
1674000 2133.2 2085.01 2110.61 6328.83
1676000 2137.18 2087.52 2111.61 6336.31
1678000 2133.1 2086.28 2117.31 6336.69
1680000 2137.56 2093.25 2126.33 6357.14
1682000 2140.37 2096.94 2127.24 6364.55
1684000 2140.14 2105.93 2126.31 6372.38
1686000 2142.12 2108.11 2133.05 6383.29
1688000 2148.5 2112.3 2138.6 6399.4
1690000 2152.15 2114.52 2145.2 6411.87
1692000 2154.36 2117.2 2151.68 6423.24
1694000 2162.61 2117.2 2158.11 6437.92
1696000 2161.91 2122.08 2157.84 6441.82
1698000 2161.99 2123.87 2159.21 6445.07
1700000 2164.26 2125.28 2164.97 6454.51
1702000 2168.41 2133.49 2167.85 6469.75
1704000 2165.24 2132.94 2168.57 6466.75
1706000 2165.3 2144.46 2173.12 6482.87
1708000 2170.43 2141.75 2177.67 6489.85
1710000 2171.22 2146.65 2186.75 6504.62
1712000 2168.87 2145.38 2193.3 6507.56
1714000 2168.55 2139 2196.83 6504.38
1716000 2170.21 2144.52 2198.14 6512.88
1718000 2171.56 2145.54 2198 6515.1
1720000 2170.87 2150.4 2198.66 6519.93
1722000 2169.86 2146.83 2199.87 6516.56
1724000 2174.49 2146.62 2198.12 6519.23
1726000 2183.59 2152.87 2195.28 6531.73
1728000 2193.3 2153.16 2194.71 6541.16
1730000 2190.95 2158.53 2194.43 6543.91
1732000 2195.24 2163.14 2197.2 6555.58
1734000 2197.34 2164.59 2194.79 6556.73
1736000 2203.93 2164.74 2204.17 6572.84
1738000 2203.1 2162.15 2211.2 6576.45
1740000 2201.16 2168.43 2214.92 6584.51
1742000 2202.76 2172.47 2214.38 6589.61
1744000 2202.39 2175.92 2217.52 6595.83
1746000 2204.43 2183.36 2221.26 6609.05
1748000 2209.93 2187.99 2227.44 6625.35
1750000 2212.74 2189.36 2223.26 6625.35
1752000 2215.13 2195.02 2227.75 6637.9
1754000 2212.25 2191.18 2230.29 6633.72
1756000 2214.21 2196.16 2233.97 6644.33
1758000 2212.59 2203.32 2240.59 6656.51
1760000 2218.82 2205.87 2247.62 6672.31
1762000 2222.88 2206.49 2245.01 6674.38
1764000 2230.28 2213.27 2257.48 6701.03
1766000 2234.97 2214.8 2261.3 6711.06
1768000 2234.9 2219.96 2260.97 6715.84
1770000 2239.57 2225.03 2261.65 6726.25
1772000 2246.56 2223.66 2265.06 6735.28
1774000 2250.04 2230.39 2263.34 6743.77
1776000 2245.06 2226.11 2264.33 6735.5
1778000 2249.71 2224.5 2264.41 6738.61
1780000 2249.07 2221.08 2263.73 6733.88
1782000 2252.48 2222.74 2269.78 6744.99
1784000 2257.78 2223.27 2269.52 6750.58
1786000 2255.38 2225.75 2265.6 6746.73
1788000 2258.03 2227.26 2265.02 6750.31
1790000 2255.67 2233.25 2264.55 6753.47
1792000 2255.95 2237.33 2261.63 6754.91
1794000 2264.23 2231.2 2263.29 6758.72
1796000 2264.34 2238.77 2266.27 6769.39
1798000 2267.76 2236.64 2268.32 6772.73
1800000 2269.62 2238.85 2266.47 6774.93
1802000 2272.6 2242.3 2266.88 6781.78
1804000 2280.11 2242.79 2270.14 6793.04
1806000 2276.58 2247.9 2268.85 6793.34
1808000 2274.95 2250.3 2266.8 6792.06
1810000 2278.06 2256.74 2273.16 6807.97
1812000 2279.94 2259.88 2273.89 6813.71
1814000 2282.19 2260.1 2274.21 6816.5
1816000 2284.45 2264.37 2277.88 6826.71
1818000 2288.84 2265.96 2280.01 6834.8
1820000 2294.09 2262.42 2281 6837.51
1822000 2294.61 2260.01 2287.82 6842.44
1824000 2296.73 2268.21 2285.81 6850.75
1826000 2298.34 2265.78 2289.88 6854
1828000 2296.26 2264.89 2297.71 6858.87
1830000 2298.62 2268.95 2303.26 6870.82
1832000 2298.86 2267.63 2305.5 6871.99
1834000 2298 2266.57 2313.43 6878.01
1836000 2303.42 2266.53 2316.25 6886.21
1838000 2299.29 2272.66 2322.2 6894.16
1840000 2303.18 2276.96 2320.92 6901.06
1842000 2306.28 2289.75 2322.59 6918.62
1844000 2311.59 2287.93 2327.73 6927.25
1846000 2308.6 2287.48 2337.3 6933.38
1848000 2302.46 2286.97 2340.16 6929.59
1850000 2300.13 2294.68 2340.17 6934.98
1852000 2306.37 2297.28 2339.59 6943.24
1854000 2313.83 2295.13 2335.87 6944.83
1856000 2313.38 2301.72 2335.72 6950.83
1858000 2313.95 2301.48 2338.84 6954.27
1860000 2317.83 2300.9 2340 6958.73
1862000 2317.74 2304.32 2341.87 6963.93
1864000 2322.88 2312.01 2342.09 6976.98
1866000 2323.5 2316.45 2346.52 6986.46
1868000 2328.2 2326.19 2350.25 7004.64
1870000 2330.92 2325.8 2357.38 7014.1
1872000 2335 2322.66 2360.43 7018.09
1874000 2334.01 2322.34 2369.86 7026.21
1876000 2335.92 2326.19 2376.2 7038.31
1878000 2338.89 2324.68 2381.06 7044.63
1880000 2339.99 2324.06 2385.04 7049.09
1882000 2344.56 2327.62 2387.76 7059.94
1884000 2341.72 2328.21 2387.98 7057.91
1886000 2348.81 2325.33 2391.74 7065.88
1888000 2349.54 2324.58 2394.28 7068.4
1890000 2352.38 2327.37 2393.1 7072.84
1892000 2359.49 2330.95 2397.67 7088.11
1894000 2360.12 2332.96 2401.94 7095.02
1896000 2359.35 2339.67 2410.33 7109.35
1898000 2358.53 2340.02 2413.58 7112.13
1900000 2366.61 2340.03 2408.36 7114.99
1902000 2363.69 2344.57 2407.68 7115.93
1904000 2365.93 2346.57 2401.3 7113.81
1906000 2367.13 2349.38 2403.24 7119.74
1908000 2366.91 2350.85 2404.03 7121.79
1910000 2364.68 2358.36 2412.96 7136
1912000 2363.82 2366.15 2415.93 7145.91
1914000 2355.63 2365.09 2421.74 7142.46
1916000 2359.82 2370.09 2427.89 7157.81
1918000 2361.79 2378.84 2425.38 7166.01
1920000 2368.26 2383.21 2428.83 7180.29
1922000 2372.79 2389.5 2430.91 7193.2
1924000 2370.61 2395.52 2430.05 7196.19
1926000 2365.98 2395.09 2433.25 7194.32
1928000 2362.44 2395.19 2430.22 7187.86
1930000 2367.08 2396.37 2433.51 7196.96
1932000 2375.24 2397.29 2439.13 7211.66
1934000 2379.08 2407.91 2436.81 7223.8
1936000 2384.84 2415.65 2433.61 7234.11
1938000 2385.11 2411.79 2439.57 7236.48
1940000 2384.47 2415.06 2439.84 7239.37
1942000 2383.05 2423.34 2447.33 7253.73
1944000 2385.79 2427.2 2453.25 7266.24
1946000 2388.58 2434.02 2452.05 7274.65
1948000 2390.28 2431.29 2455.45 7277.02
1950000 2386.07 2440.64 2460.66 7287.36
1952000 2393.15 2436.58 2461.41 7291.13
1954000 2399.97 2438.76 2458.15 7296.88
1956000 2399.24 2444.29 2461.12 7304.65
1958000 2395.01 2441.2 2467.92 7304.13
1960000 2397.8 2441.03 2472.72 7311.54
1962000 2400.34 2443.73 2478.29 7322.36
1964000 2403.55 2447.67 2484.86 7336.09
1966000 2407.12 2448.34 2485.48 7340.94
1968000 2407.73 2450.82 2492.3 7350.85
1970000 2404.02 2457.47 2495.03 7356.52
1972000 2402.87 2459.17 2499.62 7361.67
1974000 2407.65 2461.4 2503.84 7372.89
1976000 2409.08 2466.65 2511.22 7386.95
1978000 2410.03 2468.25 2512.08 7390.36
1980000 2408.35 2468.47 2511.89 7388.7
1982000 2408.65 2465.64 2518.21 7392.5
1984000 2415.03 2469.22 2514.93 7399.17
1986000 2409.35 2467.89 2516.87 7394.12
1988000 2422.52 2474.95 2518.69 7416.15
1990000 2427.43 2481.46 2520.08 7428.96
1992000 2431.81 2475.17 2519.29 7426.27
1994000 2436.38 2477.35 2518.64 7432.38
1996000 2433.9 2478.97 2511.9 7424.78
1998000 2439.13 2481.51 2508.13 7428.77
2000000 2441.95 2481.84 2517.63 7441.42
